788.6417264270913,509.2915075555331,1535.4134161886057
788.4547182239771,509.0801065909647,1535.2256068879146
788.2749090134159,508.8772250670775,1535.0352008110021
788.1047030801299,508.686795711067,1534.8408941647656
787.9448573199277,508.50970044097886,1534.6424945226615
787.7962820712064,508.34481966822574,1534.4378955813584
787.6601474865786,508.19028668845687,1534.2257911561169
787.5379284234293,508.04552221695945,1534.0097135363044
787.430493131166,507.9118229770943,1533.7978249996042
787.3374904494618,507.79027824398133,1533.5982381376155
787.2573199811974,507.68049944746906,1533.4139720803694
787.1863043950766,507.5816647243385,1533.2428405961005
787.1199651929096,507.49351617980363,1533.0826578188091
787.0564212633024,507.4168469485564,1532.9355219666425
786.9958582225014,507.3538824802731,1532.8067025784578
786.9367123467428,507.3071513684353,1532.6999051713242
786.8753459213721,507.2778216975838,1532.6144342715731
786.8099371091263,507.265795690949,1532.546287329791
786.7424130811257,507.270482564047,1532.4900270125158
786.6758395277548,507.29079561709597,1532.4413686511632
786.6124955858786,507.3253256843821,1532.3987775234536
786.5558654359543,507.37365129113005,1532.360566602826
786.5121290355116,507.43709718774585,1532.3229285168943
786.4875239727473,507.5167690581523,1532.282918988224
786.4854803168321,507.6113700485995,1532.2408546213103
786.50676463605,507.7186171082812,1532.1992253108115
786.5510098162767,507.83848648164843,1532.1608643752463
786.6181430505743,507.973785519739,1532.1275778141573
786.7079805582455,508.12788471895215,1532.0993665652986
786.8185259450173,508.3035306569297,1532.075315855027
786.9462820334073,508.5034217396372,1532.0552364299588
787.0882694060795,508.72983672961675,1532.0395548826903
787.2426655017828,508.9838675496789,1532.0279836500338
787.4079823002467,509.26581595641903,1532.0193798435348
787.582427379821,509.5758376761829,1532.0127469436131
787.7639185507044,509.914438803395,1532.0083817631535
787.9517218772602,510.282419690737,1532.0082848790892
788.147933342853,510.67908295727716,1532.0149398912658
788.3557693537781,511.10032619632904,1532.0300863508028
788.5775177651824,511.5398652885119,1532.0558934541107
788.8153970309806,511.992222067336,1532.0977304445403
789.0747576072748,512.452811324401,1532.1635363355092
789.3673086756087,512.9156824880774,1532.2577666144182
789.7103377246071,513.3737841986498,1532.3775516714413
790.1205873193393,513.8210734709236,1532.5159381874648
790.6081687412358,514.2527081176369,1532.6663464546323
791.1784226366395,514.6648341498545,1532.824142884054
791.8379424961395,515.054510798113,1532.9879086599105
792.5933084248094,515.4181617014397,1533.1611644689488
793.4454453781559,515.7514247530436,1533.3522858330098
794.3880145349794,516.0515651123425,1533.5728434588057
795.4100128945411,516.3189573682173,1533.834436902845
796.500207446312,516.5563007624495,1534.1427144862514
797.6493991175163,516.767694689773,1534.490265641577
798.8487875069648,516.9581609649472,1534.8514009046885
800.0886152033863,517.1324089454563,1535.1832722543213
801.3610361166602,517.2939458764794,1535.4370181387835
802.6637699126206,517.4456310015662,1535.5742990035621
803.9982345304849,517.5900501203762,1535.581872914071
805.3650339496005,517.7287274489753,1535.4808564918824
806.7628825295046,517.8616709232706,1535.325175136757
808.1887112601778,517.9876618416931,1535.1816870070766
809.6362146821791,518.1046040547683,1535.0969245290364
811.0956341397582,518.2104282464356,1535.075229181055
812.557833679883,518.3042117330285,1535.0873352869196
814.0190254248108,518.3864117091771,1535.096738820093
815.4783950614535,518.4587776570291,1535.0818381026847
816.9323366276567,518.5252484332837,1535.044464441554
818.3723375987818,518.5917195602772,1535.002139987287
819.783357644095,518.6633626083297,1534.9745345264434
821.1440047902707,518.7438667710587,1534.9778482087293
822.4320168834864,518.8380253464943,1535.0237880285479
823.6290184742782,518.953510303887,1535.1170427747334
824.7202636820567,519.099523817615,1535.2536472014053
825.6918575564838,519.2844252270506,1535.4219336006868
826.5281168485932,519.5151911723066,1535.6048576092069
827.21124231321,519.7982108413065,1535.7847873561261
827.7248094393851,520.1397014717425,1535.9495816208557
828.0575100107048,520.5449671608241,1536.0940101449346
828.2031140202417,521.0161624662088,1536.2172708992475
828.1606155069171,521.5510361272164,1536.3215695525769
827.9371670208986,522.1445373336708,1536.4120476712908
827.54721874554,522.7906046969154,1536.4969505150302
827.0066750623837,523.4823650826382,1536.584913995712
826.329978963859,524.2116520415188,1536.6788349301605
825.5303665531501,524.96895890475,1536.7742712323734
824.6193990168025,525.7445366955527,1536.8636623745404
823.6067151407501,526.5300982836015,1536.938123552086
822.4989880478001,527.3203792697988,1536.9863365181845
821.2995381973346,528.114543714464,1536.9956962685121
820.0105180160862,528.9160191027742,1536.9573359835736
818.6328418874284,529.728825704931,1536.8731065947266
817.1636216684591,530.5538339964219,1536.7600650910022
815.5964579175152,531.3910968893679,1536.6492151200196
813.9255680081737,532.2452132072294,1536.576427869543
812.1487915684753,533.1244198728602,1536.5671824278133
810.2653565555586,534.0352170031816,1536.6246501637806
808.2740434278647,534.9804059554361,1536.7251073510577
806.1780435209522,535.9588006766106,1536.8162368948203
803.9897702328267,536.9647736720532,1536.8265911460524
801.7286217380833,537.9898144791894,1536.6994649475885
799.4171159224736,539.0243831101785,1536.4407998494355
797.0813412543429,540.0598046586898,1536.1491798820596
794.7519635650268,541.0907257609889,1535.9950516596055
792.4586399833198,542.1150664687269,1536.1373482037998
790.2212014847127,543.1305879100555,1536.6140226499358
788.0504081101426,544.1315450814282,1537.2957340960402
785.9592394963202,545.1082279971638,1537.965821192417
783.9698219566076,546.0480023542527,1538.4593739252396
782.1072241686276,546.9369939158393,1538.7264390264224
780.3884428138641,547.7638950098091,1538.7922168960813
778.8184145297071,548.5233003207599,1538.7016533734536
777.3934511184441,549.2151857599008,1538.504244680107
776.1051561602471,549.8437377195912,1538.2553015277124
774.9427047902853,550.4180909849937,1538.0057699045797
773.89479394105,550.951397476079,1537.790418769736
772.9494802123501,551.4580102436443,1537.6292663850945
772.0907308307575,551.9528633337101,1537.5376996012005
771.2967541201651,552.4510526219933,1537.5330647501462
770.5448585642123,552.9634755914832,1537.6312502067453
769.8178471653604,553.492864015095,1537.8391621330145
769.1071011606438,554.0352940262453,1538.1536406158348
768.4141386478623,554.5835190433351,1538.5664842920253
767.7489879925831,555.1283877440974,1539.066921768102
767.1239845486308,555.6589199015458,1539.637884001867
766.5478695068971,556.1618417801485,1540.2524000845349
766.0251171469206,556.623115203124,1540.8755166073254
765.5600418290469,557.0320685370843,1541.4685075260377
765.1600812598031,557.3833385527228,1541.9917886754627
764.834868852762,557.674888621165,1542.4079284850086
764.5929547294752,557.9062217879373,1542.6886293357275
764.4400193116726,558.0783038498467,1542.8237607865553
764.3802962611419,558.1930635758613,1542.8227739035565
764.4173575278311,558.2518890452997,1542.7077328773382
764.5526608792902,558.2541883893714,1542.5071493455134
764.7865327919175,558.1974035802459,1542.2498724285424
765.1211075106518,558.078543872763,1541.955093915402
765.5597597508959,557.8968040800758,1541.6276528659794
766.1032018593143,557.6562030944467,1541.266023814967
766.7469778758126,557.3641267815971,1540.8748366039356
767.48421350343,557.0258364613112,1540.469600698396
768.3115869860653,556.6426957409277,1540.0710011339065
769.232003563499,556.2167778790202,1539.6953843222072
770.2526533320421,555.7540189415855,1539.347363454337
771.3812139071468,555.261914928791,1539.019792920695
772.6222715235932,554.7475931948057,1538.7075705204998
773.9762897281964,554.2193241833043,1538.430697589446
775.4410370053329,553.6874010318813,1538.2435551183148
777.0126700920754,553.1619127242818,1538.204957480279
778.6843447741869,552.6507416695136,1538.3149388391944
780.4419050623895,552.1614592096831,1538.4718179379468
782.2611273157812,551.7043382461841,1538.5079793342106
784.1132379538428,551.2906272300231,1538.2942928424302
785.9754293863934,550.9277722247037,1537.8249888560515
787.8340886270694,550.6177306036436,1537.205964444297
789.6767324175559,550.3585050028008,1536.5691518798967
791.4862584252567,550.1466233773098,1535.999222061403
793.2482872078696,549.9793114565322,1535.5155909531372
794.958546208944,549.8549267252179,1535.0922143921173
796.618564178611,549.7721827654943,1534.6920571659666
798.22978158812,549.7282530876532,1534.298005397371
799.7931296856993,549.7161674213116,1533.9204776475895
801.308867782425,549.7252211134048,1533.58453815324
802.7765196008081,549.7452036954978,1533.3183300119924
804.1964644921458,549.7697535616313,1533.1483274558254
805.5687482845531,549.7962824109422,1533.0941690111215
806.8910976372234,549.8247275974999,1533.1647580112424
808.1616701395992,549.8573205776578,1533.356751578163
809.3804223297417,549.8990741169387,1533.6521405427545
810.5442192942979,549.9574282967725,1534.0193920839808
811.643001468346,550.0411989074679,1534.4227116161064
812.6617619950805,550.1599164565736,1534.8326347951822
813.5850222272195,550.3227359937715,1535.230889087924
814.3988510849956,550.5370048362468,1535.6106679678514
815.0895352190926,550.8083504560371,1535.9724150055258
815.6439672275947,551.1418133294627,1536.315342873403
816.0528074186467,551.541344017452,1536.634031074053
816.3112516278253,552.0079885178135,1536.9238062499514
816.4174698619452,552.5403342288132,1537.1840523899698
816.3722219222983,553.1366897440133,1537.415694449258
816.178631860251,553.7953914169352,1537.619083873743
815.8408956713772,554.5141958266365,1537.792419188426
815.3642598873688,555.2907600659223,1537.928598833433
814.7557628467498,556.1232745617547,1538.0149416005227
814.0215122410964,557.0101764525467,1538.0396266970577
813.1627006483644,557.9488206731293,1537.9991199058375
812.1766898071344,558.9353421221931,1537.9021337684937
811.0623655821436,559.9669454582772,1537.7739428109887
809.8233925737934,561.0435988265169,1537.6592920928924
808.4656582699981,562.1672509158675,1537.6133073170486
806.9925107839202,563.3392359644643,1537.6773933463553
805.4035095029326,564.5582724401896,1537.856273981733
803.6979640302899,565.8218099047789,1538.1135446986166
801.8799454916077,567.1284544225522,1538.3836118719946
799.9598666914067,568.4771924371197,1538.5898122056317
797.9555257281964,569.8642978750543,1538.6650551819669
795.895284853516,571.2825556374299,1538.5753684535084
793.8147996538963,572.7234591756926,1538.3410720676693
791.7473262806993,574.1793078722603,1538.0425109687378
789.7189309636867,575.6449675391825,1537.8021350689517
787.749902667727,577.1176448994404,1537.741423065664
785.8548111375561,578.592095590776,1537.92058805203
784.0418144383879,580.056159161421,1538.30006802883
782.317921125838,581.4920014322659,1538.7684387102859
780.6950226680306,582.8816605197712,1539.2194218841985
779.1867857765221,584.2127006449159,1539.607729981853
777.7991662776419,585.4798644329342,1539.9452530579133
776.524457112714,586.6828446461177,1540.2638098629886
775.3438567060097,587.8245436672049,1540.587041755676
774.2355671892109,588.9109380892921,1540.9224464023412
773.1813226980942,589.9498465680497,1541.2611095153893
772.1670072560792,590.9488598883784,1541.5808203612585
771.1810146494291,591.9167229518304,1541.854420979615
770.215412235938,592.8666167228755,1542.0578492030309
769.2670500838548,593.8123065555798,1542.1748831504483
768.334430757113,594.7565279661349,1542.2029915421597
767.4146132568164,595.6848803701897,1542.1584573750372
766.5052585838429,596.5749232545924,1542.0726502281307
765.6085700358946,597.4111170389915,1541.9798183628336
764.733267557332,598.1900904430156,1541.904750021548
763.8948575606988,598.9148256690385,1541.8567605564735
763.1144628228571,599.5866989144117,1541.8317741939609
762.4163563919935,600.2028005555663,1541.8182588598916
761.8240341202777,600.7589215176058,1541.8012986769554
761.35650538434,601.2522586830538,1541.7654182609176
761.0289781292083,601.6806664288284,1541.6984065779056
760.8560012476478,602.0420827999512,1541.5933662641642
760.8524497921385,602.3356527734045,1541.446918552082
761.0348833195776,602.5619591513291,1541.2564604703648
761.4222034513894,602.7230995968622,1541.0178414471875
762.0313851884074,602.8228868873387,1540.7231080987322
762.8722860152754,602.8642593108748,1540.364364063883
763.94289495519,602.8461803666062,1539.9465663228336
765.2282698443205,602.7654312299113,1539.4934329348898
766.7108466553282,602.6205937510825,1539.035656511351
768.3814478871168,602.4121610899106,1538.600318304886
770.2381166301366,602.1417578717724,1538.2130441899603
772.2786605760627,601.8145320348533,1537.894251736732
774.4923184358759,601.4412111969602,1537.6459002573902
776.8549391844042,601.0371190176155,1537.450026528415
779.3344120218625,600.6190836899797,1537.28630168996
781.9000918621077,600.2020677746899,1537.1590802972407
784.529226019275,599.7979480119704,1537.1186327278297
787.2096576787917,599.4168889664509,1537.2536403492854
789.9326074482879,599.0689299717693,1537.6394332038756
792.6783714200302,598.763935112576,1538.2662053845575
795.4108515084379,598.5106531140395,1539.0154397060949
798.0895653357653,598.3145944772336,1539.720710920881
800.6901914693246,598.17310783073,1540.2509992885944
803.2136615004426,598.0727585619662,1540.537833012988
805.6773602566554,597.9957412165356,1540.5571298272948
808.1023676497597,597.928211752133,1540.3206694001735
810.5065126482156,597.8611068589325,1539.8835033333892
812.9019683414591,597.7881994806261,1539.3350401258126
815.2949217665581,597.7065590748056,1538.7685875645125
817.684226587166,597.6172372595485,1538.2601175348934
820.0594000752635,597.5246422139887,1537.8692312660223
822.4031793939737,597.4346027548855,1537.6430457075664
824.6973132866029,597.3516931221998,1537.611631309031
826.9241126818417,597.2779599264749,1537.781678271664
829.064254362644,597.215047492159,1538.1348539156968
831.0956388070051,597.1656789891284,1538.6324473099523
832.9946805767825,597.1308840667858,1539.22519149505
834.7409245243633,597.1088197988104,1539.8653204355533
836.320859070878,597.097451823118,1540.514409749287
837.727210476383,597.0963078374118,1541.141204033802
838.9567719414331,597.1071820980189,1541.7181930786833
840.008271839842,597.1344227290817,1542.2256783729897
840.8818788020661,597.1828305419828,1542.6541115440214
841.5821586377676,597.2548455729595,1543.0017074395437
842.1205982609215,597.3486995180135,1543.2721641860933
842.5142256033325,597.4574785021853,1543.4708379066765
842.7826267496638,597.5717789173661,1543.6031376043989
842.9462963685298,597.6845508379339,1543.6765560730491
843.0237962719045,597.7925725619341,1543.7004426239541
843.0249545667825,597.8956455371324,1543.6845377758968
842.9475298374439,597.9969103850809,1543.6369522780567
842.7834819609818,598.1022032880851,1543.5592953379958
842.5248381611552,598.2177169075849,1543.4448868758877
842.1615054280077,598.3495964676595,1543.2849048877715
841.6785256681194,598.5048935255081,1543.075716530986
841.0575765010216,598.6902374429691,1542.820967730317
840.2805879978918,598.9108251746841,1542.5315763140743
839.3348421863418,599.1728947053053,1542.226262196422
838.2158282326287,599.4844856689724,1541.9292724809407
836.9238728423243,599.8511295898993,1541.6648303841926
835.4604943353436,600.2730691995512,1541.450303089378
833.8304718900254,600.7478250221402,1541.2899643207024
832.0440521033746,601.2731224712034,1541.1728629721647
830.1159549761095,601.8473532693297,1541.074612451545
828.0675872332563,602.4681639688661,1540.966593201795
825.9306062118961,603.1302174166931,1540.841436549369
823.7432424163718,603.8259394715133,1540.7402699062295
821.5416436440557,604.5488436801078,1540.7415750146556
819.3535741515257,605.294980001611,1540.8983455331932
817.1960148782421,606.0618214808715,1541.1749434246622
815.076614262748,606.8446185553305,1541.450250409642
813.002536753867,607.6326922803711,1541.5880308828312
810.9916716336477,608.4101222881014,1541.5128174044241
809.0701002977316,609.1605392073426,1541.2361144083864
807.2568529875115,609.873471954844,1540.832003714243
805.5569995559855,610.5473579049997,1540.3983581518216
803.9689650840947,611.1854513683803,1540.0271693084321
802.4916213221792,611.7899819454285,1539.7852515409784
801.1246335602788,612.3598677114614,1539.7038334504439
799.8672301532781,612.8901325274767,1539.7803154645314
798.7166813675072,613.3729960799946,1539.9919973710234
797.6653283605597,613.8014913160869,1540.3102910111108
796.6996255641548,614.1715452635638,1540.7082115647981
795.8043808399163,614.4824622835508,1541.1623065575639
794.97043930523,614.7395793090029,1541.6477076589483
794.1997612185537,614.9539048154458,1542.1339350055287
793.5017471351443,615.1339867370555,1542.59083687659
792.8857222368013,615.2798116947048,1542.9946845448787
792.3616151027513,615.3875330644696,1543.3239618325501
791.9443591750529,615.4566201627871,1543.5551313817923
791.6470894192652,615.4876132475699,1543.670408529749
791.4710963149664,615.4748415820926,1543.6688111312658
791.409521159534,615.4070642352701,1543.5651654215885
791.457521985152,615.2765544168154,1543.3770615488384
791.6151982337645,615.0857612479358,1543.1120803507881
791.8844379785137,614.8466860155659,1542.7657983133035
792.267273710341,614.5766750493151,1542.3280894332863
792.764895317342,614.2933518247577,1541.7913497481206
793.37363038074,614.0102659429475,1541.163122067041
794.0876795077546,613.7356793038982,1540.4796022486955
794.9096056771234,613.4727240408263,1539.8040298192132
795.8495194038907,613.2196926613426,1539.203151698698
796.9115844941732,612.9747107452025,1538.7180400560546
798.0872098937265,612.7414177924218,1538.3509672180228
799.3600621701931,612.5274424239022,1538.0701106577985
800.7134248447388,612.3392857867761,1537.8250691868063
802.1348497688175,612.180088519049,1537.5730315818594
803.6182473480126,612.0500999846099,1537.3066924144653
805.163347824298,611.9487292005624,1537.0671742118266
806.7719572464405,611.8753897594461,1536.9351701728237
808.4429806872358,611.8280951360123,1537.0001331863089
810.1710820273317,611.8040374359723,1537.3099451926907
811.9472649139707,611.8011565302274,1537.824018593128
813.7542563232929,611.8170976711856,1538.4145986524577
815.5631611785589,611.8479615602904,1538.9280462468707
817.3428405001785,611.887742963235,1539.2534777924998
819.0746513853169,611.928206142812,1539.3459997382688
820.7584187377213,611.9620999876098,1539.2112019158378
822.4068184914648,611.9868045356606,1538.8863385230786
824.0322121487807,612.0020468600443,1538.4324015727043
825.6349408454398,612.0059974018064,1537.9273331282589
827.2043354944084,611.9968821296718,1537.4505770370358
828.7292797716381,611.9755526467579,1537.0651058799872
830.2037463457052,611.9443390690545,1536.8098177780003
831.6240354549068,611.906382427878,1536.7037199746442
832.9828849837108,611.8656624868605,1536.7531889365582
834.2640775557045,611.8246797781414,1536.9566007656852
835.4446325852342,611.7829172112122,1537.3058513169372
836.5049312443482,611.7386434461071,1537.7860396429223
837.4342909578015,611.69133129397,1538.375322960262
838.227017891051,611.641832311311,1539.0448666940326
838.8771927346576,611.5913297795216,1539.7565346423569
839.3773905121734,611.5412610131524,1540.4607029406645
839.7204657669822,611.4936213058438,1541.1041303411623
839.9030749479889,611.4499446330083,1541.6455941017243
839.9269548126714,611.4100096399395,1542.062760933711
839.7974602623508,611.3729082655611,1542.3486546768165
839.5247544028101,611.3398007807621,1542.5069109873984
839.1247588625735,611.3153987277025,1542.5484856308083
838.6132694481719,611.3052729775469,1542.4885907839084
838.0001508720129,611.3109260389485,1542.3415302770857
837.2914503538306,611.3303668002056,1542.1159589777046
836.4911912589628,611.3634653649891,1541.815358115638
835.5973827470673,611.4133958337046,1541.4428618083366
834.601865903746,611.4844122072934,1541.0079836656046
833.4968121988096,611.5822034057944,1540.5332087057222
832.2778240761951,611.7155616435814,1540.0568276989761
830.9404762364693,611.894728422327,1539.6248083577652
829.478348521679,612.128723090952,1539.2677088158391
827.8870489398446,612.4244679565359,1538.979509939786
826.170152212363,612.7857538142104,1538.7213822518465
824.3414622852082,613.2124422855277,1538.4433358112176
822.4201993142157,613.7006775446705,1538.1020697518688
820.4242382146476,614.2431275723291,1537.674910185659
818.3710376937195,614.8306618110905,1537.1739735444285
816.2828747447701,615.4552031985572,1536.6487431835128
814.1857500587505,616.1117938643703,1536.173807168771
812.1044225589968,616.7999560759176,1535.829344107929
810.0608331070462,617.5219814694657,1535.6684544865982
808.071219445417,618.2766265224226,1535.6781716314727
806.1441346606687,619.0542210910646,1535.7795182428854
804.2888549169544,619.8372041965869,1535.887575601707
802.5227763230843,620.6030652406113,1535.9745899500624
800.8667914716182,621.3289403541849,1536.070820199565
799.3379192208309,621.9981593296243,1536.219725461299
797.9445057504146,622.603852073421,1536.445134026742
796.6827348684234,623.1475186185753,1536.7448250753462
795.5369822593067,623.6366232921586,1537.0981900393379
794.4851061707727,624.0827053600633,1537.4799344646374
793.5067385321338,624.4996236291112,1537.8661056068133
792.5897513055819,624.9009340657451,1538.2291900063556
791.7300107266742,625.29401755988,1538.5384552403355
790.9248887282492,625.6768689822238,1538.773043478826
790.1672501500858,626.0448050163106,1538.9335818519494
789.4480833411608,626.3986648800794,1539.0380114139236
788.7627066045281,626.7442077581647,1539.1082939556982
788.1102173362325,627.0874253865417,1539.1626405957034
787.4908637800959,627.4319792887294,1539.2141221528161
786.9079096261481,627.7771057980483,1539.2680849213775
786.3709062569513,628.1177597152742,1539.3188176877188
785.8954246294203,628.4488376710347,1539.3527997962499
785.499681284293,628.7665803450085,1539.356543108127
785.2021590681521,629.0665573863375,1539.319900395745
785.0191741732556,629.3451461757938,1539.2348692621792
784.963592582972,629.6027858205853,1539.0934256231458
785.0503958965188,629.844430932862,1538.884152111384
785.3018896729488,630.0770665842718,1538.5908832900302
785.7414883723035,630.3052284137867,1538.1990976677223
786.3819688751772,630.525004569625,1537.7129830564675
787.2198566440229,630.7203969380971,1537.1750903152265
788.2409923224886,630.8710747093395,1536.6646410915462
789.4322270919929,630.9664581302744,1536.2639381646534
790.7864944774565,631.0096765448868,1536.0172958055427
792.299695602176,631.0120301308265,1535.9156619225541
793.9652879851014,630.986692158898,1535.915019280554
795.7674929165424,630.9444280483106,1535.964713943024
797.6796981827314,630.8939352811974,1536.027538164778
799.672208785555,630.8440807949443,1536.0965724151765
801.7185032052389,630.8031768589835,1536.2025625482347
803.7960622143562,630.7780526357597,1536.3991971075154
805.8879431405977,630.7746293267637,1536.7332166978254
807.9823150958874,630.7968020582346,1537.213201917177
810.0680733063543,630.8431816081977,1537.78904506018
812.1331630594477,630.9056498747464,1538.3578338835732
814.1671415945227,630.9731824077858,1538.8012545762329
816.1623530613372,631.03681313534,1539.0334928279017
818.1149846126381,631.0896684617451,1539.0295612430007
820.0284584741688,631.1249090555145,1538.8238081491816
821.9108125182057,631.1375063804682,1538.4899040695252
823.7677074533124,631.1278656901387,1538.1154942461658
825.6016058562017,631.1004240876016,1537.7781643460523
827.4126461454478,631.0589339465761,1537.5289114331617
829.1963415178174,631.0059175190688,1537.3898295763618
830.9431427569483,630.9449799498461,1537.3633421151774
832.6396266851931,630.8822453765566,1537.4423913178873
834.2688183522089,630.8267241250123,1537.615432447412
835.8117197160564,630.7880204785115,1537.8682050987168
837.2497153616399,630.7740039881113,1538.1876855626947
838.5652218620935,630.7910846252607,1538.5654194641613
839.7410823186542,630.8437539732789,1538.9939393772427
840.7609761701174,630.9335002965081,1539.4605175206023
841.6116198370056,631.0605572240265,1539.9450157121628
842.2848579517572,631.2265223609494,1540.4224325851076
842.7783645902765,631.4328920681395,1540.8668480760325
843.0953053071598,631.6784315018557,1541.2545027825952
843.2420100715799,631.9610867507581,1541.5680067688836
843.226016866389,632.2801886634346,1541.7991409273147
843.0573217956922,632.6345738103118,1541.945650762977
842.7487365756987,633.020421628235,1542.0079516348405
842.313281508418,633.4318016649552,1541.9897531814636
841.7618067444112,633.8637962990709,1541.8982189921708
841.100789320162,634.3150133323089,1541.7435890977356
840.3311773351263,634.7866265356483,1541.5403066939384
839.4510187324793,635.280927334668,1541.3091754104964
838.4571930018299,635.800586188444,1541.0782051274145
837.3448415038907,636.3476255594074,1540.8769474165729
836.1106489702405,636.9233927014208,1540.7252273427755
834.7570279802594,637.5290341441804,1540.6255607638145
833.2909035252679,638.166020091189,1540.564326103059
831.7190571343265,638.8362044053592,1540.519171299768
830.0456188882685,639.5398133076089,1540.4661971739615
828.2763829884763,640.2738379869458,1540.384360894065
826.4267451378115,641.0342583912714,1540.2647331572412
824.5228568588973,641.8204557573064,1540.1265001716013
822.592903801126,642.6362894073685,1540.0236474734513
820.6568943497355,643.4850394335537,1540.0211077589615
818.7229797624627,644.3642921747405,1540.138359718872
816.790668846126,645.2653115694505,1540.3044074453892
814.8592564403583,646.1706662827022,1540.3877821350234
812.940775408915,647.0518816784345,1540.291948725268
811.0665380561736,647.8787738715131,1540.0208080599032
809.2729353762647,648.634597766785,1539.656173846221
807.5794856326851,649.3198069751246,1539.293797526503
805.9845234835933,649.9429330537969,1539.009084607713
804.4747310113397,650.5106443572666,1538.8585816052082
803.0297459897173,651.0240265983762,1538.8808949740132
801.6235082664093,651.4802391160531,1539.0894885220464
800.2341072807429,651.8799756116706,1539.4689689731788
798.8571063508643,652.2358846840996,1539.9725700502172
797.5089536119685,652.5698984893208,1540.5256249456156
796.2175639881406,652.8982581901315,1541.0488698518623
795.0081445771967,653.2187064948754,1541.490957718293
793.8957292179133,653.5131274497596,1541.8406243268698
792.8876134087511,653.7605804595762,1542.1125606201958
791.9892532060694,653.9459157754907,1542.3256843369943
791.2053731685975,654.0603147706673,1542.4897774670128
790.5357969703839,654.1002353668018,1542.603942191273
789.9764132357118,654.0682029858951,1542.6568737483256
789.5256235756489,653.9724198432976,1542.627043411776
789.1856194718363,653.8235499164166,1542.4930943492202
788.9610830170883,653.6325001351111,1542.2461117631035
788.8603889159929,653.409227251854,1541.8890021938994
788.8940360159468,653.1601346925324,1541.42949291875
789.070648430114,652.888755330398,1540.8769919069011
789.3983626555117,652.5998682072552,1540.2409516914051
789.8904037426148,652.2991193226301,1539.5287864529673
790.5615571224778,651.9879607947069,1538.75241723799
791.4151811408293,651.6608585184975,1537.945489386539
792.4414382906801,651.3088858259517,1537.170197991825
793.63082593848,650.9266070446009,1536.4974475986523
794.9808871175421,650.5156149198652,1535.972083700245
796.4876385247727,650.0838811084436,1535.5884030748425
798.1385232045623,649.643317794343,1535.2941491708848
799.9144104127819,649.2064373032521,1535.0184719847814
801.7900434777209,648.7859270787834,1534.7028445604983
803.7336953737617,648.3971990091264,1534.3210733874253
805.7124907720663,648.0557282605986,1533.887061001335
807.6984092821183,647.76951445233,1533.448149861859
809.6718581165003,647.5367908270636,1533.0637621291166
811.6218701987259,647.3507193604003,1532.784081856258
813.5421379672813,647.2048634522887,1532.637192441827
815.4265880885184,647.0950085004952,1532.6153421165186
817.2652716653552,647.0174863739034,1532.6698038683319
819.040877375344,646.9682842224297,1532.738189834637
820.7300955589458,646.9432553901194,1532.788470972283
822.3101934650078,646.9368943179343,1532.8338946110707
823.7661050087767,646.9425327656678,1532.9085554313658
825.0955331186283,646.954626414221,1533.0362648774158
826.3093936449062,646.9696780795416,1533.218287369005
827.4244513101983,646.9869255320781,1533.440038628402
828.4544429056955,647.0096457940758,1533.6857018280764
829.4083650982889,647.0430502431002,1533.9465245439794
830.2936029878904,647.0900566699456,1534.219620772873
831.1161926793827,647.1498622739487,1534.507415109807
831.8793607603754,647.2177404654157,1534.8182751100765
832.585689934847,647.2865752109126,1535.163383762317
833.2384185939721,647.3515705408828,1535.5517874709044
833.8373458946527,647.4116227389663,1535.9855751739474
834.3750131029707,647.4663892040372,1536.459292089487
834.8402536796324,647.5157138502148,1536.9613493439256
835.2248185275116,647.5620313055576,1537.4710882673487
835.5220956665775,647.6105800952378,1537.9580229144037
835.7220216784353,647.6660835334296,1538.387656452077
835.8135511073453,647.7324962025612,1538.729111110793
835.7899578996054,647.817176909984,1538.9611742302548
835.6487917752215,647.9308566903109,1539.0747576236145
835.3897585626413,648.0820585587063,1539.072108079284
835.0135631427036,648.2733900432912,1538.9632821994428
834.5205333057618,648.5028913018646,1538.7610468477767
833.9085498019263,648.7678363851759,1538.4812119914034
833.1712650345877,649.0677997339367,1538.148172328105
832.3000737445988,649.4054664093305,1537.7939189906656
831.2884198045573,649.7853867761331,1537.4514587903927
830.1319357030521,650.2128076688984,1537.1525523044704
828.8265753155405,650.6941215391282,1536.923916732405
827.3699652688264,651.2367674813772,1536.7756227095792
825.7635915242552,651.847346690325,1536.6936242194943
824.0135434272175,652.5305937229526,1536.6433514563603
822.1292302334357,653.2884686203943,1536.5777229708326
820.1214021922353,654.1171614480174,1536.4506842581236
818.0045107638047,655.0052095178945,1536.2404309619887
815.8034437106857,655.9361492840268,1535.975672585334
813.5582672573637,656.8942003134429,1535.7476130791454
811.3191993927385,657.8686189010077,1535.687620857343
809.129636904356,658.8549814463767,1535.9059389788044
807.0103655681252,659.8536348955319,1536.4105431971132
804.9627873079638,660.8645860022658,1537.0618108613776
802.9883433408767,661.8817789634924,1537.6256842153598
801.1019092399904,662.8933891958891,1537.8965008736288
799.3269191681279,663.8903184402249,1537.7787673372873
797.6807762744905,664.8732724197191,1537.2808417027961
796.1631989192741,665.8463434672764,1536.4848358365787
794.7569749407871,666.8049693146528,1535.540960181686
793.4433975313048,667.7368951873682,1534.6416313513546
792.217995766386,668.6334172813046,1533.9513193103187
791.0935056245304,669.493508013484,1533.5536234278907
790.0946590823133,670.3177447476604,1533.4554992136407
789.2490714252456,671.1019985996911,1533.6181079758746
788.5742954666451,671.837233221869,1533.9848063523507
788.0685758459631,672.5140149537727,1534.5085655954522
787.7119631724776,673.1268893878838,1535.1696027776875
787.475426271964,673.6754216329014,1535.9626250269446
787.3298128825,674.1620671358085,1536.868304117202
787.2486304656682,674.5885592795187,1537.8410933122025
787.2089109004413,674.9538514013425,1538.818948370067
787.1947877503535,675.2584268539114,1539.7368137806961
787.1980665080666,675.5130841449198,1540.5312446002922
787.2121435358309,675.7391651321016,1541.1470504059337
787.228243386227,675.9567011751254,1541.5529645730505
787.2401772490249,676.1744702927324,1541.751070929478
787.2500761722292,676.3907864655176,1541.7710665566349
787.2709879099499,676.5994993682873,1541.6542381912282
787.3284512582745,676.7923055408155,1541.435217969979
787.457388506953,676.9584446129527,1541.1321828724906
787.6945398652255,677.0879155273362,1540.7496000704334
788.0723193321754,677.1735376617848,1540.2917642276973
788.612480473848,677.2047693110646,1539.7822216829775
789.3198491531377,677.1610390245689,1539.270967009406
790.1885724228549,677.0204755268712,1538.8151600671767
791.2193370193745,676.7781122486847,1538.450513503978
792.424300083356,676.4488709166108,1538.1799961328497
793.8155490760768,676.0549187976018,1537.9795464116012
795.3940382515162,675.6163633267121,1537.80816641284
797.1454673912187,675.1498732547157,1537.62181589371
799.0424438982278,674.6702501808735,1537.390616464842
801.051671108256,674.1920446441894,1537.1119084242537
803.1401052913475,673.7290915287191,1536.8143192564814
805.2778861638235,673.292006316064,1536.5513031809912
807.442619919056,672.8864277456194,1536.3868455129036
809.6224795421026,672.5135232836851,1536.3757597037795
811.8113985276747,672.1725565246661,1536.5338846484756
814.0002359194901,671.8637262413677,1536.808085037924
816.1702239021724,671.5874855320974,1537.0785479724793
818.2915024621775,671.3419133242087,1537.2063618924608
820.3313167818013,671.1233694945574,1537.0963323187948
822.2695385897536,670.9277826089781,1536.731117226985
824.1053991858962,670.7491739105342,1536.1600117846167
825.8475519105838,670.5800155599026,1535.4676184160737
827.5036622283769,670.4147763125345,1534.751597609342
829.0797983423812,670.2524343500754,1534.1060254377612
830.5796188536046,670.0959763590703,1533.6016004999578
831.9997736171417,669.9496545901936,1533.274855484326
833.3283494428945,669.8172528641602,1533.135584532063
834.5486027655477,669.7021362694177,1533.1812511931294
835.6463210314049,669.6061193218551,1533.4054711550502
836.6149770353538,669.5277693985126,1533.8020961694679
837.4519469323182,669.4617478708157,1534.366132489855
838.1528519120085,669.3985582247018,1535.0847479944562
838.7129226884741,669.3266795772383,1535.926811620239
839.130257609826,669.2374815829492,1536.845368623005
839.4060824309352,669.1273889839181,1537.7844373825696
839.5439500882336,668.9959655021155,1538.6832469585493
839.5499161099597,668.844830635814,1539.4857999526328
839.4329383201411,668.6774731062585,1540.1504924996943
839.2039237933144,668.497604307162,1540.6497623773732
838.8750539272182,668.3088111575989,1540.9661906123972
838.4594396678401,668.1156098647588,1541.0929936891876
837.9681368925987,667.9227813505811,1541.0365664145916
837.4055239709667,667.7347976009124,1540.816850365355
836.7678844866836,667.5563542381227,1540.4633864740144
836.0470665472872,667.3926539369294,1540.0121120911158
835.2339370647239,667.2497057714116,1539.5070157592447
834.3174180599023,667.134703008979,1538.9975845669553
833.2830860305075,667.0567282246348,1538.529063641253
832.1156381034599,667.0265302508217,1538.1336809047098
830.8043913659998,667.0546406361038,1537.8242619152536
829.3474927043259,667.1510422284912,1537.5902934393343
827.7499628165884,667.3257983812454,1537.3987402641606
826.0178285416711,667.5868616720849,1537.1974098263147
824.1560030344987,667.9372763671652,1536.9243934643755
822.1715340207654,668.3740624348961,1536.5301584655972
820.0791684923593,668.8886905010354,1536.0091452539773
817.9049036330986,669.4716009710027,1535.4281668795368
815.6826164553654,670.1171231687308,1534.9200791904375
813.4456970696175,670.8211953559675,1534.6140314076702
811.2208945135043,671.5762685633086,1534.5395681159741
809.0284164437433,672.371309896753,1534.5974685587169
806.8861226659053,673.1940995700903,1534.6333743561308
804.8111513600597,674.033197483062,1534.5357931477752
802.8151267761608,674.8810473264922,1534.2672652525403
800.8987893561408,675.7358706450905,1533.8389803824873
799.0570503278977,676.6002871114871,1533.2914082178468
797.2905692659658,677.4765927013318,1532.690098744729
795.6057123955632,678.3610954302524,1532.1118091869766
794.0068700089726,679.2437178575744,1531.6246171708651
792.4995279758809,680.1127035552319,1531.2779875584915
791.0963096177917,680.9574207138546,1531.1027239662153
789.8114473346204,681.7670788104762,1531.114247690073
788.650557704719,682.5291961001582,1531.3150881744932
787.6088892033898,683.2326863035067,1531.6948361857078
786.679044784143,683.8740081200835,1532.2302785515108
785.8565182376329,684.4573461783189,1532.888838418885
785.1382814219414,684.9879408113616,1533.6329254765205
784.519866741175,685.4681157610519,1534.4234035567238
783.9933503728791,685.8987166121487,1535.222414020308
783.5487766275533,686.2810312382824,1535.9928141073385
783.1779036947853,686.6172769596275,1536.6977563722742
782.8759227545987,686.9104290514229,1537.3062684469385
782.6425688924644,687.1636080433266,1537.798459994951
782.4814227815343,687.3782166412827,1538.1644765335955
782.3964331195755,687.5520477419126,1538.4023786406995
782.3907039787084,687.6814124110509,1538.5187614756458
782.4688217359667,687.7647136559796,1538.528124171744
782.6397840569128,687.800880678262,1538.4487975236657
782.9154067830075,687.7851936400258,1538.2991468641656
783.3030850962062,687.7093711605319,1538.0969325404901
783.8031714056353,687.565814445036,1537.85936736425
784.4160395723045,687.3509233412992,1537.6016821055973
785.1487158160115,687.0649463144434,1537.3401207860377
786.0131024261478,686.7096236184129,1537.099944158261
787.0186354691106,686.287017838914,1536.9149611471144
788.1656932615671,685.8015860501391,1536.8120538598716
789.4442925366247,685.2622434309645,1536.7936635376327
790.8384252556743,684.6814090135783,1536.8364627304927
792.3308286666033,684.072454288628,1536.9082394053567
793.9010943025916,683.4457653204176,1536.9875712258156
795.5205141005425,682.8050840793584,1537.0760868988777
797.1563399014825,682.1492751229405,1537.2058039694934
798.7840480476169,681.4775905836708,1537.438454264363
800.3933600076693,680.7917253288701,1537.8413897475623
801.9831653050562,680.094307621433,1538.435365818424
803.5508923050935,679.3876238434527,1539.146827041075
805.0866290745039,678.6742209644574,1539.8135208183367
806.5785121290804,677.9584215808275,1540.2483181680868
808.0214210917218,677.2470106154134,1540.3130708850902
809.418675940518,676.5473616163273,1539.9589150871059
810.7783994846259,675.8628570577481,1539.225221823554
812.1106969753903,675.1894748236728,1538.212311364987
813.4264753882039,674.5186066051831,1537.053661790086
814.7359360382436,673.8434236387324,1535.8957603023698
816.0459200087629,673.1603890698282,1534.87078125551
817.3565107054615,672.4660792388607,1534.0701768017668
818.6590301534227,671.756299777512,1533.5430430820813
819.9365808870075,671.0289695364634,1533.3083258886995
821.1659719328896,670.287099473229,1533.3566683466493
822.3218822272806,669.538583277064,1533.6480662995818
823.3826642879035,668.7932537178447,1534.1207311347216
824.331403821425,668.0604299136555,1534.7077286774645
825.1522406088184,667.3475086211873,1535.3490662386766
825.8318047467405,666.658819861602,1535.9937793556846
826.3646625389836,665.9958337316801,1536.5977500490976
826.7508361353581,665.3580645552905,1537.1243485726714
826.99147480034,664.7433689827993,1537.546954810727
827.0942816657806,664.1476187667873,1537.8501008381263
827.0776227319224,663.5635421188224,1538.0284830680837
826.9647629197959,662.9814439563294,1538.083753564959
826.7771068796973,662.3939955462131,1538.0216034520156
826.5320250984482,661.7995640696059,1537.8527477572795
826.2426146102348,661.1994285795545,1537.592885015564
825.9165381002522,660.5953836623773,1537.255796034652
825.5542547842839,659.9921149363635,1536.8477444153625
825.1487602651205,659.3978141024056,1536.3702291106022
824.689085396649,658.8214875638773,1535.8263113439498
824.1640924789139,658.2722030390711,1535.2275483657786
823.5626859335459,657.7601422921904,1534.598734612373
822.8747738684663,657.2969865381616,1533.9774973703084
822.0917869458225,656.895755466963,1533.410736140679
821.2030588414935,656.5694007838707,1532.9415866159377
820.1929802617211,656.328799887932,1532.5877030103297
819.044370013205,656.1833127322564,1532.3325136231404
817.748365605705,656.1419322150026,1532.1339404840119
816.3096778026227,656.2107163058096,1531.9374183011753
814.7382015553491,656.3892923256083,1531.698171027073
813.0414003079339,656.6711436820251,1531.4166090674648
811.230958154405,657.0469262493189,1531.159255645802
809.3286388901804,657.5081858500537,1531.0317665422597
807.3587116800162,658.0488929350637,1531.1077623482975
805.3409605447846,658.6640129680587,1531.3702978370877
803.2941889010575,659.3466130530135,1531.7283544198547
801.242920019738,660.0842522699157,1532.0857171888365
799.2174386526214,660.8587281761397,1532.3776521612938
797.2445946785997,661.6513205917333,1532.5596215818687
795.3433742299216,662.447049305708,1532.606178904229
793.5333029949502,663.2329599584446,1532.5327444068375
791.8358277088807,663.9940971969589,1532.3981615936318
790.263230980442,664.7140052393511,1532.2780570713899
788.816842760494,665.3788196995067,1532.2361802902458
787.4953860674275,665.9789411923745,1532.3097885324198
786.2974856310263,666.509135434244,1532.5068807498499
785.2176603237458,666.970572460813,1532.8124497098738
784.2445339989887,667.3721856935814,1533.2028898885724
783.3644037965751,667.7270321733189,1533.658883318072
782.5648497247928,668.0457884876314,1534.1662225960345
781.8359892102744,668.3333038292296,1534.7125309120158
781.1730606590822,668.5889547422117,1535.2892085110398
780.5776487868316,668.8078641006149,1535.8893266045386
780.0549317783693,668.9825326146527,1536.4996156337784
779.6110051999511,669.1041316280904,1537.0970302737628
779.2524659775466,669.1633871548587,1537.6499903600375
778.9888772410059,669.1536355082263,1538.122496334183
778.8341132567341,669.0738442225972,1538.4830052650698
778.8016628431836,668.9279720707572,1538.7136047673544
778.8993900905673,668.7225924822615,1538.8123025207353
779.1291661224714,668.4643372208134,1538.7882018343203
779.4902956667177,668.1573996033145,1538.6550309486367
779.9834759140344,667.8037012183155,1538.4263060504115
780.6089897838744,667.4059785940048,1538.1147332028986
781.3627767261362,666.9701002987113,1537.7347001028425
782.240399550257,666.5049054586154,1537.3015432837715
783.2408810272418,666.0200279982354,1536.8309467708511
784.362968267273,665.52335852305,1536.3444471487194
785.6044509138271,665.0209315765455,1535.871713524144
786.964783636991,664.5181693446577,1535.4391312039904
788.4425022352757,664.0198945295107,1535.054088355743
790.0339622943442,663.5302047740328,1534.7040131331541
791.7385215827849,663.053082205253,1534.3729953325644
793.5601674820468,662.5925711219004,1534.064715566069
795.5010907592666,662.1527629441603,1533.819578750206
797.5561263931129,661.7395219900667,1533.7063889643136
799.7097227814786,661.3630228096783,1533.7775177030887
801.929882787715,661.0369344003093,1534.0207250538467
804.1690411313575,660.7742733527335,1534.3631317211173
806.3806671086595,660.5841174826039,1534.7307538116288
808.53358251462,660.4709073864238,1535.0949441756136
810.6081706189835,660.4353541443971,1535.4555351209608
812.586843188707,660.4741002532819,1535.7973269403021
814.453280226174,660.5779570222599,1536.0762676577451
816.1965035949632,660.734832432053,1536.2389811380585
817.8126361986258,660.9358574560762,1536.2483949267776
819.3039423988677,661.174195123315,1536.0986454174342
820.6773894767782,661.4398131857032,1535.8177674078731
821.9433433788242,661.7222603159755,1535.459390698076
823.111145216872,662.0163764907419,1535.0889358595791
824.1848161949916,662.3192819278919,1534.7704957525568
825.1668994048404,662.6241143018299,1534.5542140952425
826.0652558945076,662.9203699803624,1534.4690985450527
826.8931742599374,663.1978144764702,1534.5253909174153
827.6645736302871,663.4489267222566,1534.7191661867655
828.3902744076887,663.6700783811625,1535.0349905679036
829.0770512368169,663.8614397200391,1535.4508052161902
829.7290934230382,664.0259044053028,1535.943288958186
830.3487622704533,664.1679811847357,1536.4868468055722
830.9318456418663,664.2936101658788,1537.0527573416512
831.4632263724297,664.411640104842,1537.6173320685407
831.9203644500942,664.5339804369133,1538.167058522469
832.2776791449442,664.6722098026011,1538.6903478509269
832.5083830951195,664.8343540690696,1539.169060598332
832.588448146565,665.024255966126,1539.5814690748293
832.501326014376,665.2429106953653,1539.9106108978588
832.2396526552432,665.4916921720783,1540.1487589627238
831.802588809333,665.7743468084034,1540.2938048472195
831.1924083810205,666.0955824710394,1540.3418737471327
830.4141008182187,666.4598723517433,1540.2867167498234
829.4735429444871,666.8714284030546,1540.127219573819
828.3743676710152,667.3336636602426,1539.8743094964552
827.1205270150735,667.849824693056,1539.552989289184
825.7199984353539,668.4241135056538,1539.2008757303292
824.1814961071276,669.0608080753029,1538.8621393380556
822.5116209431002,669.7631323985628,1538.575662331285
820.719613198996,670.5333385457799,1538.3637283590615
818.82107424845,671.3726402178152,1538.2265835903854
816.8343982617442,672.2802228265373,1538.1385083116381
814.775550585571,673.2518566821278,1538.0463985632398
812.656523194073,674.2795519744058,1537.8822580025967
810.4875277677826,675.3538388664232,1537.596753468855
808.2822415199034,676.4676988328904,1537.2058140703725
806.0623985569588,677.6183250187992,1536.815762525331
803.8538696693892,678.8047920739713,1536.5790928500396
801.6759518132882,680.0240267145591,1536.5842391130107
799.5363423961593,681.2684473430094,1536.7724692996158
797.4374444315222,682.527303966046,1536.9733654326633
795.3856118174738,683.7913414011537,1537.0246560783507
793.3907918553499,685.0567086741021,1536.8567141519593
791.4583971155303,686.3254837168056,1536.4910524397753
789.5884571586671,687.6039594291319,1536.0046788879822
787.7844302178662,688.8980090975167,1535.5035214126392
786.0606924787804,690.2065062995525,1535.0944185808885
784.4453324370393,691.5178225141592,1534.8515250061168
782.978284872033,692.8111208059526,1534.8004164319982
781.7017215961638,694.0606962093892,1534.930826880717
780.6484925092559,695.2411586876556,1535.218909954516
779.8374176697487,696.3311908871605,1535.6393952989308
779.2717094342431,697.3153566599415,1536.1671661484697
778.9379578762756,698.1860519212589,1536.7764046200714
778.8128652882186,698.9457313258436,1537.4405690049884
778.8746962040645,699.6055410044926,1538.1300164524027
779.105714188593,700.1811867677299,1538.8113942993957
779.4849761485399,700.6895286345002,1539.4523388420616
779.9863042232104,701.1452774360627,1540.0232293950655
780.5843905415845,701.5594344959429,1540.497675192449
781.2576129284807,701.940362049668,1540.8590184490668
781.9875936429316,702.2946965795769,1541.1048253400168
782.7604648625668,702.6274608442261,1541.2432659437782
783.567244162289,702.9415303697017,1541.2893381107185
784.4017685110308,703.2376732277069,1541.2643392096206
785.2582478700682,703.5151316751117,1541.1912987488456
786.1331290843771,703.7708354888547,1541.0852127274875
787.0301589685382,703.9992004261495,1540.948415189511
787.9618107976848,704.1936679159077,1540.7769053512761
788.9486084880417,704.347758151357,1540.5727202084022
790.0187441887406,704.4555802675475,1540.3549156663792
791.2042233425537,704.5127204006124,1540.1580209489525
792.5346522845316,704.517940837313,1540.0120986777602
794.0308286046363,704.4754174070248,1539.9204829693058
795.6980173131972,704.3937814048602,1539.8558244593355
797.5263452634397,704.2817489739108,1539.7734904777944
799.5007846509382,704.1468856997055,1539.630005189603
801.6074819555627,703.9984821866476,1539.4034521304093
803.8312628193592,703.8480757163794,1539.1127145744802
806.153557724047,703.7063146955028,1538.8226118301552
808.5535691553174,703.5810343050198,1538.626494779321
811.010115339976,703.4776411347219,1538.6094993183474
813.5036806506736,703.3995720522686,1538.804322590351
816.0150808195184,703.3483638739613,1539.1614673512902
818.5200521834703,703.3244147927865,1539.5603048867772
820.9877819380849,703.3285383548813,1539.863841680611
823.3885920342639,703.3615996590319,1539.976890745045
825.7034885887504,703.4218869327534,1539.8679466889337
827.9256898423582,703.5045025875512,1539.561581194717
830.0567197323397,703.6035512668475,1539.122936398761
832.1026123598001,703.7137930796407,1538.638592952325
834.0686240848512,703.8306458428087,1538.1926518020928
835.9547705372883,703.9487397692967,1537.843531009521
837.7566190421745,704.061305770603,1537.6172612324617
839.468090111996,704.1631155930579,1537.5222574752756
841.0832178252443,704.2537647209073,1537.563583793566
842.5972455572469,704.3375787670807,1537.7423453938386
844.0039313100959,704.4211056234127,1538.0521560208788
845.2900785612443,704.5106118817804,1538.4817333494386
846.4354634168099,704.6110916693564,1539.019856534287
847.4185173404124,704.7254447107638,1539.656152490032
848.2199994250875,704.8529151586357,1540.3760974231627
848.8237787847785,704.9891575119151,1541.1572126457766
849.219914374372,705.126983929695,1541.9662034774865
849.4088082180893,705.2563043492864,1542.7569147521178
849.4011361951551,705.3673305968763,1543.4800461024388
849.2131675035271,705.4545086036799,1544.0965647934654
848.8611696244101,705.5136745278367,1544.579535930725
848.3594817111864,705.5383934237052,1544.913499798867
847.723665964488,705.5246875694077,1545.095990535801
846.9726749060139,705.4758618130775,1545.1323913868978
846.1240077628397,705.3974562583833,1545.030844088561
845.1867928942114,705.2926339757599,1544.806324288408
844.1623912310162,705.1656184686149,1544.4852377258217
843.0514194470625,705.0231997935828,1544.1032905376715
841.8552930841194,704.8731580230274,1543.7017431130053
840.5687552784284,704.725953375156,1543.3242523063357
839.1765087101749,704.5964193585935,1543.0113286603819
837.6612895718794,704.5020983431123,1542.7943317513602
836.0123371290031,704.459134283563,1542.6891732439308
834.226406559585,704.4789197630811,1542.6857184486432
832.3061066272389,704.5687992639282,1542.7384379128748
830.2587986454809,704.7326274532621,1542.7720595937678
828.0960922310775,704.9675580701472,1542.7109180978164
825.8345893299311,705.2650437892407,1542.5235261118814
823.4978710600341,705.6203521138706,1542.2504088639844
821.1183280289338,706.0373671690237,1541.9823544677981
818.731278406103,706.5193094984834,1541.7930093488335
816.3631451874909,707.0576127639882,1541.6732983023176
814.0335713030613,707.6332574656853,1541.5242160818823
811.7681323651108,708.226219193824,1541.2175011857792
809.595128923003,708.8215388599515,1540.6703171986119
807.5308513598034,709.4126300841051,1539.8817141054915
805.5767373920162,710.0034724399233,1538.9289981929796
803.7300771977707,710.6042877092818,1537.9386762047911
801.9959335430545,711.2226746940134,1537.0429142208372
800.3915644457428,711.8558379516709,1536.3435062538242
798.9457451035142,712.4863912697451,1535.898147513964
797.6975044286874,713.0862571125364,1535.7250826487157
796.688460409765,713.6275482692708,1535.8187639307562
795.946847004462,714.0901020325052,1536.1658983037828
795.4756470400736,714.4614417923719,1536.7510912002645
795.2548502962663,714.7349644996531,1537.5507547387854
795.2515752122549,714.9100205002458,1538.524911431496
795.4272761160654,714.9925577339457,1539.61659775654
795.7422643059605,714.9943272695153,1540.7547596968616
796.1619417599292,714.9302305768825,1541.857442632347
796.6595414185772,714.8151956297359,1542.8429503418472
797.2110278106713,714.6612896817214,1543.6474704998616
797.7928108755165,714.4761132749478,1544.2373161460134
798.3876230982042,714.2638052795529,1544.6095569610054
798.9880465306691,714.026812737414,1544.7827522756031
799.593573949676,713.7673472843879,1544.7859356415172
800.2076907045507,713.4888408906213,1544.6526194470446
800.8380196054646,713.1945236858583,1544.4153716913145
801.4974929582589,712.8833798688145,1544.0982997461224
802.2058673799263,712.5495133428079,1543.715136927073
802.988327303377,712.1867301204635,1543.2746640613705
803.8675854232248,711.7928715869745,1542.7876785672715
804.8577772678427,711.3699353977978,1542.274314898978
805.9687232076077,710.9226086243303,1541.7659195669632
807.2130945470371,710.4565071376209,1541.2909828427958
808.6044004202977,709.9747835070169,1540.855016745059
810.1498297549055,709.4776662616873,1540.436410932756
811.8490509558966,708.9668474728046,1540.0026033891559
813.6967264414085,708.4486879019648,1539.5349822005987
815.6836536523957,707.9335162539626,1539.0495839863488
817.7960237746108,707.432846634145,1538.6006659624643
820.0122777026213,706.9584399278625,1538.253378159519
822.2995504616695,706.5256558497524,1538.0388830766592
824.6126870243016,706.1553461673599,1537.9399573977757
826.8999556448935,705.8673380144099,1537.9181791923515
829.1141272122411,705.6707107229013,1537.9344873210464
831.2194693059993,705.5621428205476,1537.9404771879506
833.1918509746371,705.5318458479443,1537.8731328344984
835.0175020477253,705.5688317689921,1537.6759586331816
836.6925477447911,705.6637183699596,1537.3251760612266
838.2183512377622,705.8102700660835,1536.8359163089785
839.5934407208568,706.004765605491,1536.2520594732534
840.8137538409937,706.2449628092812,1535.6308497093523
841.881609680713,706.530441041855,1535.030740875452
842.8092783502752,706.8620845101351,1534.5093389645203
843.6139764546539,707.2407063691448,1534.120972674871
844.3123230398958,707.665959170095,1533.904350631622
844.9175151431665,708.134321065118,1533.8743233625883
845.4380208535035,708.6389878166326,1534.0283410667282
845.8756354086937,709.1745387496939,1534.3570593025852
846.2259583093131,709.7389683200305,1534.847688080795
846.4859353459883,710.3288204427727,1535.4800347709188
846.6591084872995,710.9378396173355,1536.2215211558344
846.7487016883973,711.5621022861027,1537.027417933561
846.7478248361101,712.2016986759328,1537.8467857675234
846.6410763824956,712.8585260656507,1538.6301997872608
846.4147293826178,713.5352360094065,1539.3354661338763
846.0622136264217,714.234344545818,1539.9304209552756
845.5839407023891,714.957775087445,1540.3949057787188
844.9861769883365,715.7072885799929,1540.721270667763
844.2772552554827,716.4831261908316,1540.9115008597635
843.46340385061,717.2819579498897,1540.9736827311574
842.5474493026687,718.0977964679397,1540.9215085531282
841.5272010362648,718.9259161526307,1540.7781697351368
840.3928984589597,719.766733609483,1540.5826939860272
839.1310373922222,720.626531641805,1540.3887641836632
837.7348101808199,721.5152005641862,1540.2476601359551
836.2047293104956,722.4440922356598,1540.18873473093
834.5362732245528,723.4249926707214,1540.2155063148778
832.7155077986455,724.4683384999421,1540.3098801833169
830.7299472092735,725.5803724301729,1540.431868150489
828.5815890379014,726.7612544426294,1540.5219500415917
826.2937608371535,728.0047023671746,1540.51664702675
823.9092133810319,729.2973964580247,1540.3735914259441
821.479106123621,730.619231673057,1540.0909523014413
819.0513514397304,731.949631456506,1539.7098864243476
816.665063315671,733.2765249607778,1539.3049405461356
814.3483537967223,734.5976445715615,1538.9703784575086
812.1197776659933,735.9152084800226,1538.7934356314677
809.9933575700755,737.2293726483741,1538.8083248537978
807.982697390424,738.5313530133524,1538.9612845006445
806.1033077722658,739.8021477088463,1539.1325035977804
804.3709215355593,741.0200549001914,1539.2085834453046
802.794754224828,742.1692661895488,1539.139602608406
801.3742484032863,743.2440800930401,1538.940410441319
800.1039771940015,744.2482472169306,1538.662129526003
798.97883743989,745.1899875590617,1538.371650768308
797.9953843935926,746.0779429988805,1538.1428586864731
797.1528505731576,746.9199497812017,1538.0451035573374
796.453798792663,747.7205500328046,1538.126308978888
795.9049160111584,748.4777898901989,1538.3998276543998
795.5183505899149,749.1829043948975,1538.8460170377332
795.3065174423363,749.8227878684542,1539.4307119226094
795.273338758255,750.382459424389,1540.122712608344
795.4159947494143,750.8466347365984,1540.8946326051912
795.7322586678843,751.2012488694901,1541.7168957542156
796.2190403285654,751.4362170389534,1542.5561284343717
796.8650269458752,751.549810383843,1543.3760296480086
797.6482551316333,751.5496262213641,1544.1392944541176
798.5459737025844,751.4472687383663,1544.8074583480402
799.5488318753877,751.2530094350021,1545.3387529176318
800.6580524211555,750.9744608529492,1545.6937586530466
801.8694175516279,750.6175040685335,1545.847966024485
803.1700519123438,750.1883968784546,1545.7969843321312
804.5510960235983,749.6942840393858,1545.5502512276448
806.0175019521022,749.1402657510455,1545.1243558909282
807.5844516398372,748.5275126080596,1544.5443034535092
809.265764819771,747.8557193790972,1543.8485485311621
811.0684677939265,747.1270263361287,1543.089522823752
813.000686734078,746.346701165738,1542.3225254173665
815.0768258026678,745.5204974798695,1541.583841647766
817.3061030410836,744.6538971876982,1540.8772944873838
819.6830802244529,743.7533708916789,1540.1837968684972
822.1932718331811,742.8269311892565,1539.4852718460668
824.8180242639718,741.8866897229017,1538.7954329460563
827.535432414667,740.9522266258853,1538.188690421274
830.3244649216085,740.0487597596335,1537.8017260622312
833.1652391118048,739.2002396848247,1537.7868525047015
836.0329729063149,738.4229028784621,1538.222802609248
838.8926253921277,737.7239346358831,1539.0387696247165
841.6986591139944,737.1040918788434,1540.0360742284286
844.403215964599,736.5579260134458,1541.0060024520403
846.9712567233832,736.0723828395505,1541.8258675302743
849.3899960628687,735.6322289394167,1542.4553239330412
851.6631380107873,735.2289891449732,1542.8904076343267
853.8004048446767,734.8610708081421,1543.1478497178214
855.8153551730809,734.5285650321155,1543.2674169112317
857.7240921115967,734.2324696996235,1543.29958417431
859.5369993493621,733.9732277106943,1543.286650259934
861.2563278538822,733.7466890612288,1543.2553243901798
862.8850400581389,733.5442411613661,1543.2174329365812
864.4318194925205,733.3562111022902,1543.1735418227292
865.9062202142226,733.1754126518438,1543.1210779161415
867.312683920345,732.9989003270699,1543.059535505219
868.6506812032368,732.8264154864389,1542.9889397466745
869.9189090326663,732.6583852446274,1542.9099085034786
871.1187820689604,732.4957395620415,1542.8254132765114
872.2580307568112,732.3404653331895,1542.7392446566155
873.3477122971043,732.1963200467807,1542.6565802446876
874.388424624857,732.0696439872181,1542.5865291780894
875.365283101828,731.9680673238668,1542.5376077077347
876.2586682471921,731.8982628881423,1542.5119572668295
877.0501451746803,731.8667366528152,1542.5079684179407
877.7203147175272,731.8800133424181,1542.5239069035295
878.2491465180711,731.942006759895,1542.5579049889438
878.6175523165182,732.0538731697227,1542.6090587229464
878.8101498689963,732.2158035349855,1542.6774281904497
878.818254970477,732.4279160417393,1542.761522735671
878.6391453345132,732.6907679877481,1542.8560550804407
878.2733650409738,733.004000523507,1542.9515309060864
877.7211819694744,733.3645898294185,1543.0381210726275
876.9797692524687,733.76700775043,1543.1100318120236
876.043661725553,734.2039899434031,1543.1654143184862
874.9093552415765,734.6687773257172,1543.2046626632648
873.5808275499171,735.1572917902148,1543.2306595797065
872.0684122135813,735.6678717590977,1543.2522552391065
870.3824772117734,736.2016078143135,1543.2873626662636
868.5295670031351,736.7618650858274,1543.3588581080721
866.5136461919918,737.3505952462315,1543.4845003670525
864.3407856232709,737.9668191437243,1543.6686926101181
862.0248702902505,738.6087728303315,1543.8975599181638
859.5906216403802,739.2744547433298,1544.1384977548248
857.0665256047017,739.9599255707684,1544.356236934656
854.4731332873237,740.6606199970644,1544.545046858776
851.8220081688241,741.3762515353219,1544.7504397073535
849.1229167711036,742.1121268308054,1545.0550013933962
846.3892073498341,742.8732288181981,1545.5259997911724
843.6383748372293,743.6562705579421,1546.155453797418
840.887685904553,744.4478423778073,1546.8466987500167
838.1524560609125,745.230850408542,1547.4641457623266
835.449068359078,745.9920499734452,1547.8948051837192
832.7919173120395,746.7238004694657,1548.0683351802202
830.1878891982441,747.4221727525783,1547.9449147686105
827.641264855124,748.0864498987688,1547.5149002526275
825.1638905249429,748.7188700689272,1546.8163125520516
822.776737127133,749.3228959351525,1545.9401326562795
820.5021553085674,749.9025470961892,1545.015836674625
818.3597058189266,750.4606096380261,1544.184404630978
816.3689698057204,750.9935717420431,1543.5628436889153
814.5491429753973,751.490495567381,1543.220209329151
812.9153996812682,751.9389904653736,1543.1779112571112
811.4786811101058,752.3302351960239,1543.420472150564
810.2463141025911,752.6586982735275,1543.9055204394265
809.220153454006,752.9199828789306,1544.575315065614
808.3944665969962,753.1099273088516,1545.369160005201
807.7543395746551,753.2263688203686,1546.2300252903783
807.2757844691484,753.2701839874172,1547.1047391269285
806.9334607263955,753.2425804545368,1547.9418787361374
806.7105451448078,753.1432906417126,1548.6904612239898
806.5957169666733,752.9714080999718,1549.305082294472
806.5753036686639,752.7269994391793,1549.7561030032057
806.6365976049254,752.4129507754105,1550.0333344280716
806.7725854499952,752.0341089746332,1550.1398788436472
806.9796842745219,751.5948473366185,1550.0856163366511
807.257399851599,751.0992877914296,1549.8860608949965
807.6095934739029,750.5521867804458,1549.5606120603045
808.0431423493482,749.95763303682,1549.12691649178
808.5684848964679,749.3177048675651,1548.5988752364165
809.1990061976085,748.632599352006,1547.9921628565905
809.9450648435385,747.9006194997893,1547.3307498711288
810.8138043731598,747.1190692464396,1546.6491511582744
811.8178054065799,746.28796920531,1545.9895774939873
812.9772143213148,745.413234679771,1545.3921800987587
814.3119110391849,744.5053136307276,1544.8814616718707
815.8333963320338,743.5746392762779,1544.458039078347
817.5414421929561,742.6291212275634,1544.0968943634587
819.4277566370531,741.6759683239819,1543.7499846006067
821.4830553649902,740.7238310844555,1543.3630190613924
823.6977261684455,739.7832908837906,1542.908415334792
826.0526220638304,738.8672683060203,1542.4099244022304
828.5114157739177,737.991395270408,1541.9364302783138
831.0255483183588,737.1742487184247,1541.5685601236596
833.5432600520122,736.434058353548,1541.3574778687112
836.01453018135,735.7818875477686,1541.2990917015288
838.394991628036,735.2196545570393,1541.3355553930992
840.6491593558462,734.7423212665037,1541.3736047984758
842.7540602662405,734.3386644690181,1541.3093187351635
844.7011119927613,733.9948963383895,1541.0607396922187
846.4908417426025,733.7012526407669,1540.5960379553917
848.1245447007768,733.4540512120307,1539.9378577764314
849.6000057879447,733.2532801146741,1539.149015689899
850.9134050468833,733.1013622042,1538.3173993437856
852.0640772621814,733.0021006584305,1537.5418137765828
853.0581904858791,732.9561997763419,1536.9110439446324
853.9110046465837,732.9588872047502,1536.4858134416245
854.6448404707451,733.0031266257664,1536.2982748903712
855.280002705047,733.081719597862,1536.3607032471468
855.8240278920741,733.1870785188522,1536.6698867993969
856.2711628876624,733.3119308220253,1537.2063048435095
856.6148575495001,733.4490109361401,1537.9320679951052
856.8576575403182,733.5901703078453,1538.7928337285903
857.0084338322737,733.72782751723,1539.7254641574202
857.0736666361847,733.8559514279247,1540.6662278632105
857.0497044727023,733.9685449424255,1541.5562770312185
856.9225108989247,734.0588523221529,1542.346815934382
856.6802233372595,734.1208904819657,1543.0010656512866
856.3274594049446,734.1533934553806,1543.4920949783257
855.8815084332037,734.1625567669248,1543.8057196721165
855.3554110983862,734.157716851317,1543.945337231349
854.7533039918602,734.1443707373405,1543.9255077316316
854.0783305569387,734.1238486871463,1543.7606273901997
853.3332109245404,734.0980619067095,1543.4653771457304
852.5146924212647,734.0709210212267,1543.0612615930738
851.615654846046,734.0474810312172,1542.5747131148955
850.6289074365067,734.0359475292686,1542.0365325159983
849.5426923660749,734.0482875625162,1541.4905746958445
848.3412611034813,734.0977959128794,1540.9910347065377
847.0149303117196,734.1981381645328,1540.5821648534159
845.5604019613569,734.3640168481312,1540.2866843681113
843.9730264322765,734.6110110883496,1540.110974091793
842.2477533856439,734.9518392172938,1540.047142130794
840.3873732239798,735.3918340603726,1540.0675516686883
838.4059924368828,735.9289514001184,1540.1264914889578
836.3223482149475,736.5557068142498,1540.1741295267868
834.1568334745856,737.261600277455,1540.1748929144155
831.9383660251277,738.0366167659681,1540.1213112973733
829.7015454402494,738.8713830265503,1540.0327873940032
827.475643906545,739.7547502748712,1539.9333708817887
825.2834888815026,740.675244337006,1539.8263167069035
823.1425462664445,741.6255031932022,1539.692010575284
821.0631630872263,742.6029158828951,1539.504750378348
819.0516828815607,743.6060096556364,1539.2431256490768
817.111913063032,744.6334348521099,1538.8922810947981
815.2435799207788,745.6865121132755,1538.451443543677
813.4447788530267,746.7692139806736,1537.942882895186
811.7158083900883,747.8849110953504,1537.4087739512315
810.0609411339642,749.0328558831852,1536.897098541601
808.4874544273111,750.2054543948475,1536.4529285330789
807.0062684223219,751.3875688472934,1536.1196153758033
805.6367409459887,752.5586328849422,1535.9407880189692
804.4068037342935,753.6967038373884,1535.957458802271
803.3440741654861,754.7822530818498,1536.1969060516724
802.4647003309778,755.8006142476606,1536.659832116937
801.7693575023914,756.7438236244983,1537.3174600520179
801.2487855516754,757.6115973800111,1538.1188097898014
800.8899272472235,758.409843905594,1539.0021572834899
800.6781655443067,759.1473999349632,1539.9041727072804
800.597122283797,759.8335349788337,1540.764731720804
800.6256564406112,760.4759176935444,1541.532423280345
800.7383804783977,761.0794909437378,1542.171025909687
800.9130305966144,761.6490716905275,1542.6611049257795
801.1356851119185,762.1922936994713,1542.997084052502
801.3996497718715,762.7168353627663,1543.1852531007075
801.70283001878,763.2260583429343,1543.243090918611
802.045017391471,763.7198660591388,1543.1957668225825
802.4263930764942,764.197211018962,1543.0679450642633
802.849592987957,764.6555686726908,1542.8759994255938
803.3215054654358,765.0895931310589,1542.6274927663715
803.8543234167842,765.491168479853,1542.326067016122
804.4674865626515,765.8509859686873,1541.9774202335175
805.1844377411101,766.1610018133946,1541.5969580193198
806.0258083745734,766.4166033616048,1541.216669897294
807.0088546147097,766.618271677827,1540.8810753966277
808.1507064759063,766.7711408859211,1540.624456023671
809.4660515574908,766.882849805155,1540.4444977409098
810.9580582383941,766.9627432277323,1540.29817879178
812.6117341150239,767.0208687023012,1540.119468114515
814.3995302324679,767.0667083799714,1539.844496671591
816.2952988154447,767.1098406041754,1539.4406539572283
818.281391585075,767.16045612267,1538.935847295234
820.3424545074613,767.2300839031602,1538.4340696416796
822.4585245972855,767.3331496625682,1538.0916972365192
824.604699879513,767.4843589821052,1538.0401892895482
826.7480694454814,767.6927020309331,1538.2962719645093
828.8464488908472,767.9601955633535,1538.7384205899205
830.8606321880319,768.2850260472998,1539.1780761468517
832.7672982941477,768.6618602706739,1539.463172995661
834.5563143368635,769.0806348306721,1539.5300664371343
836.2195215207669,769.5301654622622,1539.3860326846184
837.7472335419089,770.0039801210812,1539.071071871533
839.135002851473,770.5012505450503,1538.640593673035
840.3865658852394,771.0230804877144,1538.1605517019057
841.5069303933324,771.5698665339003,1537.6959029115624
842.4981587103678,772.1418812932415,1537.2989970483447
843.3631929030773,772.7394063029742,1537.00898700184
844.1100021941345,773.3604608242671,1536.856760232493
844.7523958162022,773.9989961027399,1536.865252326862
845.3079616588232,774.6456088640302,1537.0471223322384
845.7944235230035,775.2900469447666,1537.4066087763088
846.224057255025,775.9232265341584,1537.9425088673402
846.59734595319,776.5365277015135,1538.6447963537726
846.9062343388142,777.1199674835424,1539.4880349470563
847.1450589564125,777.6633788380526,1540.4315082209084
847.3125396479387,778.160046151343,1541.4241345001483
847.4049367535708,778.6093902768815,1542.4094064939284
847.4121231454421,779.0169415872027,1543.3324019881038
847.3195613027002,779.3907290942244,1544.1439820525015
847.1123331181343,779.7377643789084,1544.800828147036
846.7771479024582,780.0647656989036,1545.2714529254372
846.302127463296,780.3792540438172,1545.5434601076074
845.679138794367,780.6887594217209,1545.6196856560982
844.9082038002064,781.0022095725751,1545.514292996219
843.9943751396007,781.3300864299857,1545.2548712349605
842.9386179647048,781.6801812955251,1544.8795079126994
841.7364982041956,782.0577455439568,1544.4339181088576
840.3839725285561,782.4706838793121,1543.970683538272
838.8788816338988,782.9306546848045,1543.5418829892724
837.2199817680419,783.4506697144093,1543.1878868916567
835.4088748276016,784.0428059872759,1542.9242917786366
833.450900370835,784.7154620498848,1542.7327448654844
831.3565732764528,785.4719122319497,1542.5667962682014
829.1458316658839,786.3100529668727,1542.3681688094337
826.8485787944392,787.2206450327955,1542.0835863463692
824.5013714638702,788.1876229030281,1541.6796880924433
822.1407145308463,789.195299409647,1541.15790939919
819.7926441572286,790.2370858218491,1540.56662136273
817.4701358917647,791.3171585732505,1539.9965636968473
815.1794972480129,792.4444927689733,1539.5497927903623
812.9248718585037,793.6241983792179,1539.2882475131696
810.7121023085243,794.8514476269578,1539.19262893828
808.55405546248,796.1098661344953,1539.1765959555564
806.4739624208564,797.3739326643114,1539.1554051133537
804.5029511151138,798.6150591171639,1539.105968478571
802.6665638422472,799.8092406527932,1539.070383184529
800.9697314421965,800.9421493447985,1539.1192840192368
799.3989374411515,802.0078089687768,1539.3117226664604
797.9388156718059,803.0045072614241,1539.671458066872
796.5832255881412,803.9350131686945,1540.1893961997396
795.3317120152452,804.8059309535336,1540.8397809853486
794.1804432209011,805.6206704634474,1541.585681672334
793.1175437972469,806.3759387684195,1542.3785481421787
792.1221553572881,807.0679150948475,1543.1684927950203
791.1682069233785,807.6978672008157,1543.9184108658926
790.2345202575411,808.2683554476215,1544.6073870493599
789.312240573387,808.7766692618306,1545.2232180603316
788.4033444552398,809.215743472777,1545.7566230333557
787.5146347997411,809.5788700380049,1546.2035544321493
786.6534901678733,809.8597196290278,1546.5638618258433
785.8291079701011,810.0511353285992,1546.8322409868024
785.0551072669695,810.1471182647289,1546.9967698879495
784.348612370724,810.1442363303491,1547.0476115375382
783.7308380133076,810.0432032002471,1546.982471591916
783.2273396508316,809.8500107083065,1546.8041303947434
782.8609592284298,809.5698492077486,1546.516139912076
782.648385121058,809.2011993129656,1546.1224628892778
782.6080287867356,808.7402331740677,1545.6282589959646
782.7652733002557,808.1861408393432,1545.0382923541838
783.1470107493344,807.5395659924019,1544.360315334366
783.7745915885956,806.8011271087528,1543.6171531807747
784.6636602380979,805.9737871176374,1542.8529340628297
785.8278405904754,805.066253810396,1542.1212487292973
787.2781605411077,804.0938609681593,1541.4634044123538
789.0161244760259,803.0740597866236,1540.8922972373925
791.0257458854697,802.021807612892,1540.3911330953845
793.2743762831021,800.9513345870689,1539.9263209158266
795.7257455420511,799.878980500151,1539.4685832544517
798.3507911129419,798.8208338150406,1539.0168031347043
801.1249551447027,797.7899372113092,1538.6136960054369
804.0232717243177,796.7980399714565,1538.3364601981873
807.0225802761352,795.8576444391025,1538.2563519119249
810.099250193849,794.9797557591886,1538.3856464741177
813.2161281732465,794.1699238827937,1538.6535579485003
816.3204220217089,793.4274071536012,1538.939885492281
819.3645022779781,792.7468034605656,1539.1344012006464
822.3222710918749,792.1199027463516,1539.1682555638797
825.1823022239978,791.5394021265388,1539.0164397451495
827.9352241176385,791.0022478128158,1538.6955696601342
830.5718694401692,790.5084883567492,1538.25599441933
833.085345123411,790.0593644800024,1537.765435125405
835.4668836797136,789.6573274889371,1537.2958098268994
837.7017426324336,789.3048263662566,1536.9159210975831
839.773190647088,789.0019017185629,1536.681555095078
841.6689323892003,788.7442822114588,1536.6232589879694
843.3820753456728,788.523423741519,1536.7433848057185
844.9069907131468,788.3304785027185,1537.0273170704697
846.2345510668357,788.1604355661325,1537.4555497796337
847.351779286003,788.0117164397885,1538.002532604841
848.2479847443083,787.8829218557887,1538.628820906707
848.9202023155574,787.7697856683222,1539.2803620337127
849.3706869575313,787.6652544451746,1539.8982662679255
849.6024338163892,787.5634770153611,1540.433667482518
849.6223207687129,787.4636761328715,1540.8579049578516
849.4455429282428,787.3701747728267,1541.1637341039363
849.0897019862234,787.2884438460306,1541.3607456308134
848.5670385686541,787.2224255477588,1541.4662927316888
847.8857649511373,787.17655757379,1541.4959345548118
847.0545258828952,787.156587995614,1541.460127248655
846.082494744132,787.167736941399,1541.3655506889393
844.9748261134109,787.2156713672878,1541.2186263075714
843.7302551868113,787.3074909517138,1541.030010233452
842.3431930430238,787.4488088771179,1540.8158103568103
840.804754646307,787.6419783055936,1540.59709359454
839.1061981449254,787.8883572533364,1540.3971242041448
837.2453413500809,788.1911236948115,1540.2360747245143
835.225239245183,788.557263072143,1540.1321292030482
833.0478908263439,788.9978478615127,1540.1032140742914
830.7133280227653,789.5230037610235,1540.1577410264063
828.2234117084593,790.1350463319832,1540.2825209132989
825.5862641227806,790.8283555528187,1540.4373629244367
822.8164714862329,791.5944347562103,1540.5603510502694
819.9321729491007,792.424825658362,1540.5899432399256
816.9566039027236,793.3115464808104,1540.49950662541
813.921316893762,794.2474890423081,1540.3230934975356
810.8652399712062,795.22676434456,1540.1514648645284
807.8293645375725,796.2450795832344,1540.092326825385
804.8475348939567,797.297674227796,1540.2049682807385
801.9413517295513,798.3741899991757,1540.4517054888352
799.1273882259418,799.4574279443335,1540.721015213059
796.4245279600971,800.5282556373638,1540.904596400535
793.8486117898758,801.5718188018037,1540.9443933289074
791.4069157643743,802.5816291213985,1540.8229269079307
789.1022513649591,803.5581738392668,1540.5481250358425
786.9357511145511,804.5043838975281,1540.1592180503237
784.9033525404318,805.4250762115656,1539.729328086096
782.9951948641304,806.3279331634976,1539.3470269432971
781.2048521856889,807.2213176309003,1539.087003273492
779.5393533992801,808.1108848275591,1538.9906019834757
778.0146129050999,808.9955980682423,1539.0661907746933
776.6428230084296,809.8659491433898,1539.3004692471586
775.4286155189839,810.7079721497946,1539.6686252361008
774.3733619938956,811.5080396498304,1540.1416535579572
773.4783358530972,812.2548849928401,1540.6941494570099
772.7417525420323,812.9412251089559,1541.310271803315
772.154030041096,813.5644040404784,1541.9816686800543
771.6998281138303,814.1239058317558,1542.695233067619
771.3633219524064,814.6183220577951,1543.4207597484797
771.1272251004157,815.0456273095175,1544.1132630017614
770.9722184462195,815.4050598200012,1544.7251747848736
770.8862889712531,815.6977956844919,1545.2152661149667
770.8715240151334,815.9261094910996,1545.5545037072914
770.9371085847148,816.0912031166839,1545.7303489599758
771.0882555860369,816.1923053146425,1545.749098256158
771.3231080901933,816.2281402813448,1545.6359341500217
771.6394921680168,816.1965821497162,1545.4272521378
772.0436970613549,816.0922920941622,1545.1570667940462
772.5524420815741,815.9076784184797,1544.8479467380282
773.187164440312,815.6365397508882,1544.5115833418533
773.9661933128024,815.2757259106681,1544.1581465630948
774.903528566374,814.8253469461993,1543.8069219381798
776.0129751846171,814.28955696043,1543.4847288251665
777.3074607140929,813.6764190510961,1543.209374775601
778.7947469357723,812.9952730098034,1542.9752060071523
780.4751677101539,812.2546991231869,1542.7577558972932
782.3435320082833,811.4645856137831,1542.5324101880099
784.3955830910234,810.6388956361221,1542.2918987158268
786.6312063069485,809.79577664414,1542.057158604576
789.0469324266475,808.9563424006151,1541.8713216699932
791.6240801071045,808.1413071660244,1541.7631485306792
794.3257561802961,807.3675526442872,1541.7116037920766
797.1045577423672,806.6492801548794,1541.6661167045227
799.913175973355,805.9990082763524,1541.6012361816784
802.7113303885774,805.4245089340147,1541.5272947310057
805.4665910826203,804.927113392994,1541.4450600124837
808.1540599647839,804.5038976655736,1541.313945492905
810.7574616117503,804.1512242572963,1541.075223740385
813.2667309895725,803.8666627607467,1540.6943056916684
815.6734864519665,803.6477083219579,1540.1788761138878
817.9691916621098,803.4898257934581,1539.5737019076396
820.1437416746712,803.3869861220711,1538.9516889009349
822.1847101709324,803.333407104658,1538.404755467657
824.0800153871666,803.3237122526579,1538.023837585976
825.8213033202019,803.3521580471308,1537.873642239412
827.4062758341664,803.4113737595947,1537.9815959521577
828.8382571454172,803.4912437403268,1538.3427970889725
830.1198899159823,803.5799339453982,1538.9296498122008
831.2460384428734,803.6649579485613,1539.6983636442142
832.2066751113024,803.7354192663535,1540.592205016764
832.9965891258446,803.7871397655481,1541.5481170283533
833.6173858785685,803.8230979193489,1542.5054028352565
834.0727637787214,803.8476501917859,1543.4102303477373
834.3675474424377,803.8636091562781,1544.2192984697099
834.5075537369125,803.8753248321424,1544.9063598457033
834.4944961639796,803.8906596241659,1545.4650734623633
834.3242064347422,803.9160480736768,1545.9017075724971
833.9952279095938,803.951181251148,1546.2261391516918
833.5155206306182,803.9919481437,1546.448425985052
832.8960437441131,804.0359354806048,1546.5735915516561
832.1413440507306,804.0824177940494,1546.596964741597
831.2501385152979,804.1312022513588,1546.5097965380044
830.22146817459,804.1849514273093,1546.3102706102209
829.0545123564517,804.2506281148662,1546.0093477676417
827.7438197690012,804.3377732449244,1545.63133614248
826.2814965145595,804.4573667780805,1545.2146471809233
824.6641721826694,804.6212464851558,1544.806423340602
822.8923010165199,804.8403439988497,1544.4458592201054
820.9661946491566,805.1238976966738,1544.1489452556345
818.890513934482,805.4790076932118,1543.9030412384718
816.6771568675626,805.9078785578591,1543.6663257060763
814.3380546212256,806.4062476867934,1543.3734897516617
811.8825539328835,806.96639151053,1542.9555344913126
809.3245277107889,807.5812787524567,1542.3734823207112
806.6866011976294,808.2483796262887,1541.6566364237792
803.9966364693109,808.973735554649,1540.9179762150957
801.2822541674602,809.7701723261769,1540.3070592228892
798.5689758330493,810.6461006583784,1539.912640336313
795.8837438718413,811.595039298615,1539.7057616591565
793.260933035376,812.5952588667928,1539.586532619467
790.7426353554596,813.6172548172453,1539.471975036056
788.3667470667505,814.6350577206272,1539.3276811865746
786.1529400681078,815.6352616042975,1539.1474520551378
784.1048940024865,816.6153471584797,1538.9392796129696
782.2231734600961,817.5748517284081,1538.7266775283374
780.5097267623113,818.5112929675281,1538.5447476854717
778.9652453757358,819.4233040363056,1538.4306390447218
777.5888305348707,820.3137708038407,1538.4147229525795
776.3779656603397,821.1896250609997,1538.5104488561044
775.3255344832162,822.0602923718407,1538.70807237174
774.4192410911476,822.9347498199553,1538.9806838940685
773.6452534006527,823.8179290720041,1539.2989839012137
772.9905035592037,824.7089328900421,1539.6441400411836
772.4432329924873,825.6014187181149,1540.0107139550094
771.994689697224,826.4859408854694,1540.401321470271
771.6416268088947,827.3536171570008,1540.8189015447279
771.3873881010503,828.1987733494908,1541.2596281745687
771.2387614976752,829.0176698477384,1541.7106777307285
771.1994531964206,829.8055248318828,1542.152610959542
771.267402619596,830.5574270482109,1542.561472644234
771.4403268352545,831.2705560399276,1542.912248350393
771.7224037356873,831.9426559939615,1543.1847127676278
772.1208411482145,832.570036481514,1543.3664685560009
772.6388090558189,833.1487927078906,1543.4530377259307
773.2808356955546,833.6766192453679,1543.4473559830785
774.0596493537607,834.1512686932562,1543.357141394585
774.9891013378191,834.5681354112068,1543.1925374624655
776.0769061056991,834.921126087705,1542.9674872590701
777.3263945512153,835.2031491437293,1542.7028155262265
778.7394007829148,835.4056700410777,1542.430142737805
780.3204890808813,835.5229133810417,1542.1961972041759
782.0822048407565,835.5577548948443,1542.05781348181
784.0392886895572,835.5214259934,1542.0561261787452
786.1916046326127,835.4276181757057,1542.1850778058745
788.5143465856781,835.2882005343691,1542.3877680355158
790.967351747044,835.1129785560263,1542.5814843505361
793.5148941467845,834.9111441104455,1542.6872261633002
796.1363000727792,834.6930059246647,1542.6568323988174
798.8178512995163,834.4705159295445,1542.4974268752123
801.5378058581715,834.2571752696922,1542.2806550429386
804.2637683456174,834.068687004565,1542.117135938074
806.9628981830159,833.9209127879319,1542.0965664192133
809.6078170542976,833.8232574255169,1542.233954385352
812.1759466020617,833.7756432731903,1542.4649660747693
814.6507801309892,833.7740102259102,1542.6846693684383
817.0214056622938,833.814366458041,1542.7892451494438
819.2807614462254,833.890401536389,1542.7016048665776
821.4316049301577,833.9927674555488,1542.3852785133533
823.4920985274097,834.1127276841395,1541.8486668898806
825.4839298168321,834.2457217145724,1541.1443111383492
827.4138835716026,834.3920209177021,1540.3604794704947
829.274461052697,834.5539894342953,1539.59732694528
831.0579158773595,834.7318696839892,1538.9426447374753
832.7625019094204,834.9214948708012,1538.464536755583
834.3906585756702,835.1161601462867,1538.2114781156747
835.9454941336942,835.3103788936456,1538.2082396927067
837.4235798315902,835.5015111134217,1538.4558169038119
838.8095113824456,835.6895202265364,1538.937416145208
840.0819875791269,835.875012162811,1539.6179307114282
841.2229829643229,836.0558152235911,1540.4423180079707
842.2189192725682,836.2277818559397,1541.3478999487274
843.0580141654294,836.3891254122191,1542.2808039438473
843.7284657464528,836.5387203493925,1543.1971619656847
844.2208152471754,836.670973746131,1544.0533674283456
844.533923361243,836.7776073169807,1544.8057095908914
844.6744135645333,836.8524318630507,1545.4191547642813
844.6494501309443,836.8922284364371,1545.8701533033598
844.4659088323112,836.8975616892355,1546.1472379121324
844.1374683439867,836.8744588934808,1546.2544483427537
843.6851561483586,836.83141142822,1546.2071105282162
843.1274111518483,836.7737270783726,1546.0217623774254
842.4738849037947,836.7034642290796,1545.711896487479
841.7261475338419,836.623861680074,1545.2895559966023
840.8763874141081,836.5408861853284,1544.7692228167919
839.9084859439856,836.4620150496157,1544.1715714632455
838.8046109209772,836.3954900220513,1543.5249307330118
837.5475896645829,836.3505122331438,1542.8666005577395
836.1189179844881,836.3386432668794,1542.2414028258218
834.5008625649205,836.3748671273262,1541.6907279033094
832.6844802545941,836.475825498255,1541.235796600449
830.6749205647876,836.6552871776463,1540.8658744298957
828.4866751380569,836.9199678081989,1540.5374913793073
826.1375571595961,837.2693614632523,1540.1860771744002
823.6489683749667,837.6992720201496,1539.7503610571123
821.0487889891677,838.2043137416318,1539.2025370330655
818.3729703820161,838.7771194779965,1538.5706893926001
815.6623348826511,839.4088626391438,1537.9443833396435
812.9553015633383,840.093585799136,1537.4537415433608
810.2815792350635,840.829579078029,1537.2138519513317
807.6595605789952,841.6131127386036,1537.2550573968028
805.099644203028,842.4326821203957,1537.4927690338875
802.6130853503113,843.2719782071858,1537.7725557648866
800.2162821097859,844.1163989672008,1537.9572135019655
797.9245539546748,844.956257251967,1537.9843660971048
795.7463866556179,845.7875564033434,1537.8684133548109
793.6864606100565,846.611074626604,1537.6767637148346
791.7506575155379,847.4287816621994,1537.502941030093
789.9467374111753,848.2388448941672,1537.4371252406572
788.2840478161445,849.0327572102966,1537.540427511176
786.7749262497125,849.7978298366801,1537.8315085872014
785.4327631917752,850.5217818595606,1538.2896484606729
784.2647476130101,851.1940909719442,1538.8735708407619
783.2684029084295,851.8062345350857,1539.5415196834413
782.4363535669928,852.353710139245,1540.25887980551
781.7610650815494,852.8370151823974,1540.99769847408
781.2351386560119,853.2592116292086,1541.7352595011334
780.8508735890842,853.6228711037818,1542.4511978772086
780.5994964639615,853.929663139497,1543.1229869247452
780.4674660388637,854.1823521823301,1543.7252298602805
780.4359480021174,854.3868571997433,1544.2346787909778
780.4883309888286,854.5514137430087,1544.6337344282274
780.6161847388385,854.6841969776912,1544.9122598625831
780.818384538774,854.7925341874895,1545.0704750565747
781.0965420055677,854.8817501710982,1545.1179167165637
781.4497425683618,854.9527227530167,1545.071050067525
781.8786807457014,855.0018357326942,1544.952936001431
782.3978060003134,855.024325034481,1544.7897654523863
783.0340604165506,855.0157671822274,1544.6062378906252
783.8118733281794,854.9690506757852,1544.42250534978
784.747691754186,854.874531490483,1544.249138085062
785.8557266509193,854.7264219024269,1544.0833501216055
787.1496707271193,854.5246911372167,1543.9098047395391
788.639419378181,854.2700389922603,1543.7049236870316
790.329571025266,853.9610595687682,1543.4444137368328
792.2218251722277,853.5960294070584,1543.1081634739276
794.317467540317,853.1776002974293,1542.6806973537778
796.6156167729383,852.7162964705867,1542.156380301361
799.109494286245,852.2278422576595,1541.556866071985
801.7819324344824,851.7285520387328,1540.953412698695
804.6017833550964,851.2345770614079,1540.464506488989
807.526152652688,850.764121928567,1540.2089893648435
810.5023970665795,850.3383844810596,1540.2408301361006
813.4661280778001,849.9775891496896,1540.5199534083813
816.3509595983875,849.6939453419885,1540.9491427650491
819.1104830450641,849.4865552977365,1541.434924263231
821.7271896508237,849.3419281404073,1541.9049067394676
824.2016424616545,849.2408959477324,1542.2901167198843
826.5380049682082,849.1664974475011,1542.5289392559232
828.7378372508614,849.1076071194893,1542.5970250051892
830.7999793133272,849.0590446410749,1542.5192251589453
832.7199611550809,849.0177656964911,1542.346873189826
834.4954621904049,848.9781246233063,1542.13196833878
836.1380745009994,848.9329185730309,1541.920932006082
837.6748537728758,848.8766161699272,1541.7550341596962
839.1360089943076,848.8052048970959,1541.6678331738035
840.5405700691211,848.715555686116,1541.6837966890446
841.8931488859728,848.6042680285233,1541.8140743513663
843.1943783368991,848.4651045168827,1542.0475853298426
844.4488790424467,848.2901118170824,1542.3525898502978
845.6614562414618,848.0736240770523,1542.6938876947447
846.8311726822201,847.8139116042382,1543.0487157339142
847.9499622034657,847.5130601259026,1543.409236763399
849.0043958902021,847.1764078970033,1543.773442568794
849.9761219556882,846.8110471785867,1544.1333514183807
850.8394663904191,846.4238808285909,1544.4718010173203
851.5641002658532,846.0203281375185,1544.7681927127078
852.1240707883983,845.604841233007,1545.0031397317643
852.5033563971638,845.1833680716395,1545.1596874800316
852.694594613331,844.7646698171586,1545.2260074762494
852.6934893717114,844.3573263327797,1545.1968760299458
852.4959729185447,843.9662719307292,1545.068548635594
852.1005676259939,843.5942642660261,1544.8360368108647
851.5079222131021,843.245045534514,1544.4991562817795
850.7213711636283,842.923482487461,1544.0652249448488
849.7516828304156,842.6347068917645,1543.5463300184365
848.614358454191,842.3834200021811,1542.9594997811776
847.3217048752022,842.1725249041903,1542.326558825237
845.8803003546898,842.0033685352279,1541.67226642963
844.2909265475098,841.8784328168374,1541.0242093693455
842.5510849155148,841.8047580310337,1540.4132668375428
840.6631764735557,841.7943118697192,1539.8736129343304
838.6374553773204,841.8582547139041,1539.437985773377
836.484402996621,842.0017521072172,1539.1239770019608
834.210841915296,842.2257540563586,1538.9165422268247
831.8269866003445,842.5301259504666,1538.7595494267584
829.3514316636965,842.9127781135353,1538.5712213536424
826.806014400922,843.368070054633,1538.2818133369044
824.2105160928779,843.8886457764987,1537.868738482522
821.586231084993,844.4690029226596,1537.3679932731154
818.9609027021665,845.1073339657164,1536.860775102458
816.3659423535483,845.8043787433008,1536.4362839521837
813.8313513880023,846.5586186041876,1536.1355472254693
811.3828909965388,847.3619257755926,1535.9200799282792
809.0378151566566,848.2019564676377,1535.7069984166646
806.8033178319736,849.069088163296,1535.4294284068892
804.6813588206968,849.9593500926499,1535.0574083498118
802.6723586454347,850.8721041717971,1534.5891326500887
800.7755400425219,851.8087550119957,1534.0500943758016
798.9892965958702,852.7717283113301,1533.495676254896
797.3130190028986,853.7608440122804,1533.0002431643957
795.749810528871,854.7708541523158,1532.6363460677424
794.3065878871026,855.7920137456786,1532.4559205586997
792.9932856995374,856.8114192952112,1532.4816319404063
791.8233129560615,857.8142937579423,1532.7110935592905
790.8100918739738,858.7871896628807,1533.1294040012995
789.9601885841791,859.7210103803419,1533.7184504765141
789.2708745557205,860.6097905307518,1534.4573724151162
788.7333749979614,861.4491195306516,1535.3194782962032
788.3355266930223,862.2376442064078,1536.271054781207
788.0613944157068,862.9782507035944,1537.2734920036066
787.8916823259806,863.6770195003409,1538.2842095973822
787.8069869185899,864.3406535461048,1539.2551053315506
787.7927644504695,864.9730217940423,1540.1377679914463
787.8427818566474,865.5740015604672,1540.896773767604
787.9574858621946,866.1419305934884,1541.5166023757035
788.1392094205842,866.674929718184,1541.9956960539585
788.3892682983031,867.1697563604018,1542.341261319494
788.7099745607752,867.6219086391546,1542.56966805484
789.110925564996,868.0275744822201,1542.701036386193
789.6111601793989,868.3845035735058,1542.7511386844735
790.2305908697322,868.6903786664591,1542.7296002180444
790.9824082759638,868.9416570909899,1542.6410356405713
791.8777341934466,869.1347918105047,1542.490935198642
792.9308929907877,869.2676571979044,1542.2975067526265
794.1554923523936,869.3404918838323,1542.0962784121552
795.5615138880233,869.3570394613484,1541.9248400937508
797.1574564656553,869.3245003991832,1541.7935621273784
798.9493888821684,869.2513649949004,1541.6700655166696
800.9378111833868,869.1459900679471,1541.493838727412
803.1151731120486,869.0176649338986,1541.2047861460055
805.4632428564429,868.8770245878902,1540.7726905220768
807.9558409051667,868.7366051792051,1540.2286734585655
810.5657837151833,868.6137135727892,1539.6817075644858
813.2662826506592,868.5294222031307,1539.2913198353071
816.0256532061338,868.5017175421909,1539.1950008413603
818.8011198047511,868.5403849446554,1539.428271823237
821.541401111706,868.646555127162,1539.896047425437
824.2011012255506,868.8145823408646,1540.4261264584102
826.7524740284887,869.0356848624403,1540.8613655525028
829.184111801951,869.3020493143354,1541.1141387741377
831.4885104433641,869.6077105047215,1541.163644576794
833.6500373941917,869.9453649554813,1541.0344173306873
835.6497748318056,870.3053297378885,1540.782276219137
837.4777217698883,870.6804323336789,1540.4837808594962
839.1310586546145,871.0690417311421,1540.2221170832822
840.6073812768171,871.4715591855738,1540.0668178061749
841.909124797066,871.8860414503133,1540.0550767053978
843.049177151946,872.3064724798096,1540.1924263926185
844.0440167038823,872.7240742686603,1540.4688756670098
844.9049207442291,873.1310156826916,1540.8697505413563
845.6368005441666,873.5230530978629,1541.380320956917
846.2378602802382,873.8993049462691,1541.987603038093
846.7018891921465,874.2601158236015,1542.6738286696766
847.0236357901165,874.6043939058139,1543.409563318488
847.1982485063609,874.9286515639642,1544.157939866801
847.2175869573485,875.229552026575,1544.884340421837
847.0722454175693,875.5084600039063,1545.5611062868188
846.7590138738162,875.7723599211679,1546.1641709279427
846.2830722517025,876.028322919863,1546.665797776022
845.6518992489533,876.2788864809235,1547.0351727770235
844.8726877015889,876.524482828336,1547.2491775819512
843.9522716562714,876.767699870252,1547.2994893247699
842.8948666303037,877.0147994132625,1547.1904262621724
841.7061262773432,877.2747568167574,1546.9341981219009
840.3965039460703,877.5558887835008,1546.5469575045145
838.9740551598029,877.8638867702231,1546.0495402236693
837.4390680767787,878.2040220422344,1545.4782026121259
835.7839911585057,878.5839449876017,1544.8951618522483
833.9923076054297,879.014389260423,1544.3789986639308
832.0459992789862,879.5073562696011,1543.9918130485742
829.9399525439196,880.0733981054566,1543.7497879754935
827.6837107395629,880.719853306721,1543.6234325860144
825.2944068628317,881.4477563138603,1543.550855712223
822.7951563023233,882.2494327563331,1543.4475266606626
820.2144260764754,883.1122322762519,1543.2343670436264
817.582689413976,884.0245976287974,1542.8810788594842
814.9312925101865,884.9787951114977,1542.4284010757979
812.2939504279586,885.9722027880679,1541.9796786551924
809.7076933319707,887.0067642322348,1541.6631292987706
807.2091544168586,888.0832013621366,1541.563691079019
804.826089164438,889.1942314044555,1541.6623111672407
802.5775237417174,890.3235171669044,1541.8376016548964
800.4844627725172,891.4499276246423,1541.9342373483903
798.569001600256,892.554410819381,1541.8406865349232
796.8425080844812,893.6286504166886,1541.5225434116223
795.3047771683914,894.6802931172155,1541.0198391232796
793.9522833640173,895.7287273122046,1540.433908586633
792.7823858150239,896.7949982448816,1539.89665111901
791.7950236379088,897.8934346180831,1539.5263520049143
790.9974389834206,899.0260154526187,1539.4009261389679
790.4023850021632,900.1802650288295,1539.556643491875
790.0161797137714,901.3344248149381,1539.9954198319872
789.8359722377086,902.4649343909375,1540.6919159288834
789.8566695269441,903.5504055005475,1541.60265124903
790.069101647762,904.576283766673,1542.6777710989472
790.4526509293893,905.5394243487215,1543.8688596725813
790.9750425517545,906.4454427665811,1545.1252021719201
791.5993800057905,907.3010849798032,1546.3870995226519
792.2890811617069,908.1097442577645,1547.5912664752216
793.0108268256937,908.8715746203684,1548.683384109354
793.7437186959285,909.5839319754105,1549.624428849347
794.48364663652,910.2411781554968,1550.3914107991066
795.2331228674915,910.8356816693649,1550.9780016357727
795.9937507796102,911.3583429893683,1551.3921775045142
796.7694347136194,911.7983696506254,1551.6505855959729
797.5693702572739,912.1445487618209,1551.7733757774076
798.4092504743356,912.3864204851474,1551.7801861291227
799.3108088205794,912.5142301523143,1551.691470306492
800.2987746432534,912.5204811515378,1551.5361481247853
801.3997536496047,912.4051271427388,1551.3568938674016
802.6370456268373,912.1794786800417,1551.2006176476293
804.0183433090956,911.8626111825524,1551.0926416030745
805.5343089285611,911.4744872883775,1551.013089912311
807.1743986094915,911.0311196068433,1550.892148728351
808.9362215074764,910.5418079365603,1550.6302656398743
810.8191658667919,910.0111026422039,1550.1436586573395
812.8212064307011,909.4471452895253,1549.4190910479776
814.9413033056147,908.8706294285407,1548.549023402236
817.1765245945368,908.3157439809247,1547.7214522158263
819.517018709704,907.8199345308382,1547.15027920536
821.9385584136608,907.4083181173094,1546.9629299803787
824.3933663647945,907.086426724694,1547.1227690038672
826.8159238427813,906.847683503719,1547.4686058543793
829.145252321575,906.6817555162831,1547.8319804870773
831.3447193359494,906.5733711516967,1548.1041558894153
833.4034049765075,906.5029240785614,1548.2200794959394
835.3165838201002,906.4572001076374,1548.1463257150672
837.0716387376707,906.4376310872859,1547.9045870412508
838.6580552949763,906.4542572628143,1547.563831302013
840.0735667175002,906.5154598761526,1547.1927133740448
841.3133519443185,906.6254421714543,1546.8394355716994
842.3690801763961,906.7841072236648,1546.5457386890632
843.2409771853625,906.9859325345022,1546.352535106623
843.9420662070519,907.2229447721547,1546.2937650806603
844.4939185892197,907.4886588421305,1546.3901164834251
844.9210746783567,907.77705282367,1546.6421285331683
845.2426071886402,908.0801173116542,1547.0330370978195
845.4666002156451,908.388848344064,1547.541258038092
845.5935029088437,908.6957739045139,1548.1421523371055
845.6224075737471,908.9957994398173,1548.8020992205206
845.5546361612064,909.2854320742781,1549.4829348072756
845.3937846131574,909.5613311845875,1550.1502111761392
845.1447459070399,909.8187604986068,1550.7736704792455
844.8126543465577,910.0526393319193,1551.3281562897673
844.3982213881496,910.2619768976707,1551.7978676228715
843.8966617371577,910.4512414426687,1552.1716345665225
843.3061984124231,910.6262543959069,1552.4352672991147
842.6294399674017,910.7904486955059,1552.576140858162
841.8643300923867,910.9452779972047,1552.5911174072885
841.0052935464573,911.0950404750822,1552.4900726190124
840.0490179341655,911.2504506576894,1552.2990895357389
838.988281554275,911.4236193743902,1552.0537075617494
837.809395822262,911.6206615408572,1551.7815514916867
836.5022038650578,911.8429353061578,1551.499913999036
835.064525436436,912.094041512951,1551.2311078254827
833.4952198203391,912.3827229612695,1551.0058120936765
831.784695479604,912.7190533259485,1550.8492327929728
829.9155155097991,913.1108098938571,1550.771569165714
827.8770813871253,913.5637663393278,1550.7678924332806
825.6766546134676,914.0799998859684,1550.817230280436
823.3380515583519,914.6547787014056,1550.8773426181963
820.8944259896807,915.277128697455,1550.8860135261657
818.3799253626039,915.9325481665848,1550.7824432801071
815.8234147338367,916.6080898570385,1550.542337797405
813.2461113890447,917.2987704162759,1550.2016853442585
810.6697835155712,918.0090794429223,1549.8522467500156
808.1254038297227,918.7484229646177,1549.6061659532072
805.6426720181761,919.522581901434,1549.535161132978
803.2371089920358,920.324117660148,1549.6182286848941
800.9174053215594,921.1313476203261,1549.7464029942194
798.696449556083,921.9189608604125,1549.7856278064764
796.5868238969235,922.6683339658213,1549.6451169467368
794.5902490881322,923.3713392622352,1549.3047209110018
792.6952627362776,924.0304950061119,1548.8026003576292
790.8882524287596,924.6559109388129,1548.2121328595774
789.1674842727444,925.2621222002584,1547.6227312674341
787.5408040583202,925.8649707219271,1547.1213976474899
786.0156773240101,926.4741136187808,1546.77610460822
784.6048661913528,927.0869328018439,1546.6268897813302
783.3345713691162,927.690209563845,1546.6851331742864
782.2318499781562,928.2651646615947,1546.9387097682786
781.3093324860974,928.7919772507698,1547.3604311453219
780.5691432619597,929.2537643015448,1547.9179961277164
780.0134472241788,929.6388032890954,1548.5812027365166
779.6446763616383,929.939775609851,1549.320203204123
779.455817797622,930.1520167004827,1550.0998514122489
779.4254706767588,930.2737422788183,1550.8794008785621
779.5266332569188,930.3065166008993,1551.6141097930029
779.7369143787214,930.253439066299,1552.2562343057766
780.037927794927,930.1178324089299,1552.762577960154
780.4061004985205,929.9043536808389,1553.106349981855
780.8103816606509,929.6198531153108,1553.2812863088545
781.2266623438013,929.2722709419005,1553.2953542906957
781.647575138302,928.8694003509227,1553.1640691959694
782.0745924859395,928.4183543449088,1552.9061310251388
782.5111550340328,927.9237593415185,1552.5345482572875
782.9626887289548,927.3866643024714,1552.054435213452
783.4378644805054,926.8067106190665,1551.474896280882
783.9504171977063,926.1829686751851,1550.8157967534246
784.5199767042119,925.5132566763074,1550.1071605258094
785.1738235071913,924.7972877733722,1549.3915027913506
785.9453901841698,924.0396072219319,1548.716755687406
786.8622309760419,923.2479297751952,1548.1161814017767
787.9323108871866,922.4310806156548,1547.5927765244035
789.1467035490725,921.5969092878723,1547.115255845385
790.495538136547,920.7499910776417,1546.6267420842296
791.9750087438122,919.8942724367307,1546.0682561991289
793.57854491716,919.0396815956836,1545.4138791143364
795.2874655676404,918.2050018615101,1544.7016215537676
797.078442343812,917.4117350040751,1544.0254673265983
798.9384892425372,916.675851046462,1543.4940006905617
800.860735612393,916.0086952308227,1543.1946080859248
802.8258101381632,915.4201846101829,1543.1547513729156
804.798470815376,914.9148342662492,1543.3056705474105
806.7398169432045,914.4867499136067,1543.5024921144066
808.6148079865952,914.1209205951839,1543.5976432319421
810.3957542122312,913.8014525311178,1543.502103830023
812.0673737910477,913.5191380706592,1543.197698482707
813.6259901775359,913.2716111722973,1542.7178269778904
815.070725167175,913.0598189896334,1542.124625747475
816.3965500358918,912.8855415155987,1541.4882598373968
817.5981724894057,912.7500899835868,1540.869399660358
818.6775498344163,912.6533994804763,1540.3143065589434
819.6418986994438,912.5951823650082,1539.8621613405587
820.4969391168875,912.5771264354295,1539.5519817380425
821.2474878858213,912.6021533350466,1539.4205085723293
821.8985766805087,912.6724339002475,1539.494474817776
822.4464305296192,912.7876616976387,1539.7859183725634
822.8733549953156,912.9427609240205,1540.2919320449184
823.1563020428533,913.1286595650168,1540.996263594663
823.2729842904223,913.3368531355305,1541.8729437924844
823.2039472094737,913.561579881312,1542.8853380125768
822.9440127210977,913.7974629879716,1543.976644555764
822.5062256026217,914.0369230631513,1545.0661975741596
821.9013775938639,914.2703068108958,1546.0657152483773
821.1258453705404,914.4899130225147,1546.904996113642
820.1775209829884,914.69474890263,1547.542810622593
819.0661543374067,914.8884922670708,1547.9617364724684
817.8066737357004,915.0731510944336,1548.1621630144139
816.4191414165764,915.2473494361042,1548.1573960904486
814.9315797560282,915.4080651682768,1547.968310113225
813.3691002690356,915.5512064397785,1547.622023150878
811.7455676546633,915.6732253784261,1547.1559402631146
810.0709866224378,915.7754269240447,1546.62080680637
808.352891182837,915.866891284885,1546.075064326919
806.5868816323289,915.9625435140156,1545.5710145353794
804.7591124256074,916.0783206538887,1545.142112557956
802.8592710722398,916.2277810492933,1544.7980219333767
800.8858255563549,916.4196298458903,1544.5225933103331
798.8424264643411,916.6539957017964,1544.270321360822
796.7353977182821,916.9221487212544,1543.9666027716307
794.5765577480281,917.2123904111037,1543.5229243646015
792.3835215382318,917.516645413314,1542.8789632056373
790.1771876595606,917.8339599635581,1542.0589525077205
787.9841718750865,918.1696186396372,1541.190356625141
785.8341130006775,918.5270859441213,1540.4433234305725
783.7527409811693,918.897676389765,1539.9204918684634
781.7667196400165,919.2591039071665,1539.5913073465886
779.906506031611,919.5825767442449,1539.3331302305799
778.19707182714,919.8415861131433,1539.0248364056922
776.6552637835795,920.0214889324814,1538.600065902323
775.2924932873701,920.1257569594441,1538.050307629877
774.1098267721823,920.1713852651278,1537.41556111991
773.0989081044492,920.1767656191909,1536.7675708144725
772.2556438700894,920.153043062855,1536.1822662789987
771.588435895408,920.1026289565466,1535.7203477377104
771.1143026594359,920.0219814757295,1535.4229897174444
770.8478502457812,919.906198546767,1535.3086012851384
770.7881859116503,919.7525289775814,1535.36810102042
770.91631326321,919.5608871105338,1535.5680909008286
771.2029504034899,919.3332730899021,1535.8630606021175
771.6151062045658,919.0752437597017,1536.2103331287753
772.1186849089017,918.7973712959504,1536.578929014859
772.6797437142342,918.5128072929759,1536.9471789269971
773.2691907645384,918.2331827380106,1537.2943508957303
773.8696972163234,917.9658672066041,1537.5945935222687
774.4764683965014,917.7134238525465,1537.8175902506637
775.0882384060145,917.4767252215745,1537.9371201098172
775.6977204586433,917.2586080662172,1537.9411724533027
776.2972389875313,917.0627559345317,1537.8334538630875
776.8932587898049,916.8897460631102,1537.6281843288723
777.5084859828474,916.734156098629,1537.3466566306695
778.1711782294133,916.5841910076102,1537.014718165476
778.9069061960603,916.4259935442253,1536.6576214820552
779.7367665907991,916.248122379801,1536.2973819703925
780.6791940744005,916.039989221182,1535.956769325217
781.7546506751136,915.7919320907515,1535.6671531221239
782.9834299823615,915.5013552757375,1535.473860007924
784.3765128186174,915.1740156828923,1535.4223551374332
785.9346817353353,914.818732082277,1535.5256219073115
787.653008775255,914.4449893946172,1535.7483174593513
789.5209703955667,914.064214613406,1536.022798693454
791.5210274091864,913.6890112465787,1536.2724231921875
793.6304905999167,913.3293019591373,1536.4310224437743
795.8276084708546,912.9908357960693,1536.470754255838
798.0934840046418,912.6801665368281,1536.4327857342364
800.4081652299773,912.41049191495,1536.427118376531
802.7492601110904,912.1991153025712,1536.5751135348305
805.0843886040642,912.0583242415104,1536.9274540267243
807.3599117487275,911.9909046219409,1537.4379353001818
809.5173968579898,911.993676352344,1538.0132582524725
811.5271266263928,912.061074930576,1538.564297275201
813.3885707797108,912.1852078087742,1539.0092965355386
815.1042800673346,912.3582346312395,1539.269426287375
816.6673062489306,912.5763381867927,1539.2939343125124
818.0643966997368,912.8395001412591,1539.0857830599987
819.2857455128127,913.1500571477558,1538.6954621912898
820.3337640687466,913.5109988898718,1538.1955299164665
821.219730944292,913.9218586047832,1537.662469136442
821.9594982540723,914.3779270513368,1537.1709233549477
822.5732700785201,914.8729878652343,1536.7886216276306
823.0756241718551,915.3989358135345,1536.568192226896
823.4692320468911,915.944533404908,1536.5419306864142
823.7555675119428,916.4977696243484,1536.7243479118918
823.9417330224384,917.049589001366,1537.119091956917
824.0317328827747,917.5947113919611,1537.7204093881796
824.0219287098746,918.1289986980131,1538.5092949853386
823.9108614384878,918.6473290511123,1539.451572667373
823.7030978521627,919.1437084187138,1540.5002801299245
823.4016052368518,919.6122874974642,1541.601605474605
823.0059343051372,920.0483254000078,1542.70072074364
822.51358672797,920.4470348623371,1543.745360949733
821.917374098632,920.8023520031959,1544.6886255094166
821.2095948560274,921.110577923336,1545.4919199979597
820.3908551254654,921.3723772605474,1546.125063138952
819.4702616680592,921.5874301202855,1546.5646067768894
818.4617334340377,921.7539322804419,1546.8005362471079
817.379687217826,921.8760628006696,1546.8470907034064
816.228550825394,921.9643654382985,1546.737925243319
815.0007677356356,922.0282978466441,1546.506862637663
813.691386033699,922.0740502295675,1546.1788267936824
812.3033218575374,922.1096921457533,1545.7794704367261
810.8344601043802,922.1492479646033,1545.3465299323234
809.2708988517286,922.2117682409491,1544.9295533938357
807.5947073278971,922.3172949945875,1544.5763282838952
805.7930360257695,922.4816061508621,1544.3116291038582
803.8602784247112,922.7130824831801,1544.1224417366477
801.7952158766486,923.0137926127934,1543.9609163192472
799.6003943868626,923.3833520415235,1543.7645138461949
797.2820791025324,923.8234620310352,1543.484522586293
794.8465317260809,924.3397502847878,1543.1126872250968
792.2989998003472,924.9390727163163,1542.6928027355766
789.6492120795183,925.6253869510665,1542.2966772320988
786.9211608098748,926.3975057288901,1541.9687886339125
784.1577182041038,927.24695007141,1541.6914811506606
781.4114560023605,928.1549026672802,1541.4053517984466
778.7281484957508,929.094577628311,1541.0547138026461
776.1351258797549,930.0400029094455,1540.6113261694343
773.6448737119655,930.9727244837807,1540.0704661303764
771.2681836675879,931.8847881795899,1539.44840851831
769.018470293453,932.7783152013182,1538.7874410554514
766.9088120069566,933.6581874578973,1538.1471860282109
764.9510971137324,934.5248710418578,1537.5867300622265
763.1539413907957,935.3766404671283,1537.162348783273
761.5215325016121,936.2131682043865,1536.9312553903274
760.0569583398435,937.0294787568043,1536.932435600268
758.7614694716401,937.8120101809412,1537.1695589923713
757.63008134196,938.5482441312907,1537.6271246693668
756.654575305477,939.2343652353317,1538.2866971322032
755.8249445382752,939.8709242378638,1539.12357504162
755.1196908095266,940.4573671856041,1540.103335625428
754.5045365795031,940.9917515322766,1541.1829054355112
753.9455758849166,941.4723839540768,1542.3108837511286
753.4178729211623,941.8990849761983,1543.4258378953089
752.907460633163,942.2739239002524,1544.459216933231
752.4109979704991,942.5988443258437,1545.3475118171873
751.9279916199267,942.8712893466774,1546.0436383630163
751.456058597362,943.0854202520262,1546.5210972907153
750.9993692009276,943.2382798416463,1546.775543011523
750.5706005931535,943.331924800289,1546.8255783874972
750.1829084225615,943.3697661650698,1546.706473684276
749.8530471327215,943.3528562820759,1546.4561611125332
749.6068562397467,943.2793986432447,1546.1055431926186
749.4727540707736,943.1456644719453,1545.6768195561208
749.4741283278775,942.9471515695677,1545.184584219333
749.6309867203751,942.6798301868123,1544.6393586353554
749.9690467472867,942.3403317448915,1544.0508537616834
750.5241537011545,941.9270306727324,1543.4305169620523
751.3318260455493,941.4419145325903,1542.7973020059899
752.4114926036124,940.8906093598124,1542.1818263062833
753.766295620368,940.2828927905059,1541.6177282009253
755.3963362754444,939.6319630921527,1541.1184802285402
757.3005011890588,938.9487944629406,1540.660794717736
759.4669813864848,938.2408587173542,1540.199621452585
761.8758181670657,937.5205786581614,1539.7065127228377
764.5079499400738,936.8098264056733,1539.2032475497979
767.3405973833127,936.1341729854155,1538.773872887777
770.3406740486546,935.5173048593662,1538.5384859002336
773.4691173734986,934.9787783886247,1538.5847691462911
776.6806459406628,934.5323109838981,1538.9039131681063
779.9167344629371,934.1866212892857,1539.3915573299673
783.1136502799984,933.9470266820374,1539.9116550554854
786.222988701501,933.8134335505758,1540.3560309168047
789.2173505963893,933.7777057777957,1540.654542989404
792.0808536329336,933.8251198125812,1540.7667104646791
794.8041163162276,933.9391563785285,1540.6919287247567
797.3819886388491,934.1069290453106,1540.480855384093
799.8079921643259,934.321101431451,1540.2208034874534
802.0716680301011,934.5766778230712,1540.0076454378784
804.1604472141862,934.8678360022341,1539.9303534069895
806.0636655309572,935.1876770933291,1540.059492224821
807.7754273758642,935.5281824282929,1540.4255228049308
809.295708283266,935.8795220338919,1541.0094805944564
810.6330824910848,936.2300460840213,1541.7563807623405
811.8020089239355,936.5656898009303,1542.5894020222586
812.8130524993695,936.868997013381,1543.4223524610632
813.6723511849814,937.1215365380624,1544.1782691139947
814.3891115966863,937.3095211345102,1544.8057093851792
814.977495468979,937.42795372659,1545.285379949231
815.456015870412,937.4794747184592,1545.621969580268
815.8440002013241,937.4700215663786,1545.8278731436492
816.1534012121851,937.4078441348278,1545.918833778534
816.3868244949513,937.3059773691671,1545.9199169814501
816.5399957365928,937.1822410795642,1545.8637528142917
816.6001310142167,937.054835495793,1545.7775362631728
816.5451514046849,936.9374721112497,1545.672285398936
816.34871192954,936.838849960727,1545.5472488869586
815.9873724691249,936.7656222403798,1545.4014636049806
815.44369522772,936.7232097969949,1545.233902444619
814.7069367544756,936.7142026797371,1545.0377327107608
813.7762056569173,936.7401964267985,1544.809509835038
812.6596029170106,936.8060228183926,1544.5642463122697
811.3671434773946,936.9185048808432,1544.3294423848997
809.9099803727497,937.081152720571,1544.125350123589
808.3073359338945,937.2938537857551,1543.9587999144373
806.5864734185456,937.5562037567126,1543.826402096708
804.7707443857355,937.8676654081926,1543.708471774632
802.868508658459,938.2267639685582,1543.563595516291
800.8762145572596,938.6323494667735,1543.3394230194097
798.7917019783822,939.0855685582148,1542.995666460821
796.6211947533732,939.5913305672364,1542.534619700263
794.3771402304541,940.1577108567245,1542.0239663736843
792.0776642440081,940.7921796606888,1541.5748512273085
789.743260868545,941.4950796930815,1541.2692620234739
787.3905609156664,942.2544366374859,1541.0957409738817
785.0392927155572,943.0469561102773,1540.9617149170685
782.7223334225223,943.8468055670191,1540.77339367103
780.4764391453339,944.6375494481098,1540.4905358537146
778.3207672128436,945.4143843432441,1540.1037288310577
776.2503425232229,946.1770408013671,1539.6053395275853
774.2550300860751,946.9276571890084,1539.0139787377784
772.3355043459735,947.6725281709214,1538.3987908160107
770.4973461736699,948.4208505262583,1537.8622080715568
768.7476642111997,949.1815026553307,1537.5074514416842
767.1041792218666,949.9577814253597,1537.4098674532563
765.5975118222027,950.7424996253737,1537.5995419986587
764.2592727892907,951.518326074544,1538.062103788085
763.1082970894398,952.2646107827802,1538.75346072242
762.150919445691,952.9662268001618,1539.6186380191268
761.3898780417546,953.6157687385028,1540.6035447130735
760.8247478749737,954.209063103873,1541.6566475891984
760.4480243079834,954.7435179849718,1542.7290030799056
760.2456084118834,955.2203943428422,1543.7775109418094
760.1989117357555,955.644753471231,1544.7668646325392
760.2877049099933,956.0232470387475,1545.6679584763965
760.4914834328602,956.3624195547804,1546.4575961257729
760.7901066010527,956.6670776678117,1547.11886155602
761.1669885230774,956.9391888319208,1547.6387468277885
761.6095878668141,957.1787052605325,1548.0080556965945
762.1072268652232,957.3853952773192,1548.226448930035
762.6537295441859,957.5602399532762,1548.3073635161188
763.2526805818391,957.7048136591374,1548.274767094829
763.9121155856355,957.8178811665338,1548.152372305798
764.6325118733848,957.8941931335972,1547.9586355710787
765.4099108551668,957.9299179947167,1547.7115210545528
766.2473413835257,957.927772636169,1547.4300763164956
767.156050792566,957.8935900365229,1547.129300133602
768.1551979423407,957.8295577725734,1546.8181259580838
769.2711317254655,957.7323951919947,1546.49691075282
770.5264220592586,957.5963193722416,1546.1502735456104
771.9303925855244,957.41745142007,1545.7539211285125
773.4852344567755,957.1978385230874,1545.3045366355034
775.2007590325543,956.9487655393639,1544.8479768044047
777.0973605933664,956.6906097180724,1544.4744990415634
779.1892175154535,956.4456605572693,1544.2678628071521
781.4656576452395,956.2291206449206,1544.2371096230438
783.8843660718367,956.0491408027924,1544.30776899447
786.3753310227409,955.9143836292383,1544.397841353284
788.8599280111498,955.8361465666642,1544.4860104954596
791.2780666961776,955.8220116445864,1544.5877944751905
793.5978873703096,955.8705067552957,1544.6853245953482
795.8046590140506,955.9736313203667,1544.7124597088796
797.8881950072428,956.1231322489522,1544.6060742890695
799.8378642978399,956.3122163527236,1544.3462901905375
801.6443086971364,956.5339773987471,1543.9530184248924
803.3016095329145,956.7823002974579,1543.4741859533626
804.806498034742,957.0530056051782,1542.9783012187374
806.1599271381075,957.3433287504972,1542.5366115310965
807.3678719881955,957.6515023474437,1542.2031470035913
808.4397309798599,957.9739067999795,1542.005541657194
809.3921560024141,958.3018996387685,1541.9449925652723
810.2490381759142,958.6254910147634,1542.007688502192
811.029203946241,958.9386841908954,1542.1784429102347
811.741758957746,959.2394426400426,1542.441615827091
812.3963629721313,959.5286579677294,1542.7828190389546
813.0074401482661,959.8086268521134,1543.1929404623738
813.5861025027026,960.0792223560896,1543.659386026703
814.132043212391,960.337008068776,1544.1629982779061
814.6306220831069,960.5788937338599,1544.6890027562663
815.0564510243365,960.8053619313314,1545.227041054341
815.3845889278718,961.0192809569731,1545.757399848039
815.5995352624291,961.2215308571023,1546.2447358019124
815.6943294616719,961.4093461424819,1546.649561253047
815.6662730285293,961.5798956781848,1546.945536386812
815.5142934776273,961.7343348557506,1547.1253112871404
815.2368943275221,961.8776145230505,1547.1925817110662
814.8316720525179,962.0150113800604,1547.1503147734793
814.2973574069847,962.1498756206063,1546.998240093219
813.6328111081227,962.2841618955015,1546.7424506990696
812.8323415969367,962.4193163783746,1546.4024688925888
811.8886115268651,962.5582083955826,1546.0089378629546
810.7999693930527,962.7075152734817,1545.5995984959457
809.5648171342802,962.8769266442487,1545.2154410530054
808.1712073923983,963.0789705930873,1544.8967660140688
806.6048133573665,963.3295521034116,1544.6738506696065
804.8645142572815,963.6429912076928,1544.5473398508393
802.9590367870443,964.0268412241725,1544.477540612958
800.8941037673923,964.4833687499931,1544.3994012537298
798.6740812919726,965.0130880592299,1544.250325595789
796.3120704969753,965.6160637973317,1543.9979201209512
793.8324362018275,966.2934565802689,1543.6659290287416
791.267601567467,967.0484627092128,1543.337139447228
788.6559070443072,967.8821365706712,1543.1024776742759
786.03768110676,968.787552357307,1542.98415067159
783.4480458866277,969.7501269411134,1542.915957546396
780.9182143068416,970.7537394262977,1542.8004699706112
778.481681156609,971.7850754854408,1542.5658609877144
776.1635592536759,972.8340214536694,1542.1743003776955
773.9657363450539,973.8954959760099,1541.620442172909
771.8768493094791,974.9717383069977,1540.9453347009432
769.8935985870822,976.0691882868944,1540.23448731358
768.0221109008264,977.1922913940564,1539.5902483800432
766.267467395896,978.3385217807636,1539.103635207311
764.6405139871372,979.4953820880245,1538.8391959402015
763.1697678988477,980.6419657253296,1538.8367334044613
761.8899531222547,981.7539072326384,1539.118317599178
760.8203419275723,982.8070669474179,1539.6848018325231
759.9600983092962,983.7823471696129,1540.5144492482548
759.2976514418208,984.6714310109816,1541.5686573452415
758.8148017176034,985.4749601932829,1542.7904877002995
758.4853512177305,986.1938822822434,1544.1007425644648
758.2789463175627,986.8241087165972,1545.4023213645185
758.1677103347918,987.3584569303009,1546.5931144280719
758.1319366921234,987.7922199793751,1547.5868414862132
758.1627472059641,988.1273879921843,1548.3352738414353
758.2556605851368,988.3715663096352,1548.8340136477361
758.4005123842467,988.5324236142741,1549.105375508175
758.5832254046155,988.6144254175567,1549.1794027846408
758.8006044545755,988.6204000021955,1549.0862343538133
759.0669880997654,988.5544910732862,1548.8543810490914
759.4026578485377,988.423414903739,1548.5126101264295
759.823236639377,988.2330207875422,1548.0878010366632
760.3431819470995,987.9832734463782,1547.5966154783196
760.9812198128666,987.6705275438673,1547.046071580755
761.7557319020901,987.2947582362224,1546.4460090043563
762.6813432448489,986.8616200709885,1545.816728884161
763.773741629015,986.3802689414091,1545.1823465635698
765.0486514872842,985.8617916057825,1544.5540833591376
766.5150536673327,985.3179680027948,1543.9186977602474
768.1709145226419,984.7617239939857,1543.2514114062885
770.0020505685269,984.2072565322158,1542.5413109595609
771.9908467575111,983.6673897292972,1541.8049659549197
774.1281311841134,983.155002487592,1541.1017389789133
776.407612723222,982.6889331132573,1540.5540621929233
778.8098949462837,982.2928583662148,1540.3202883527304
781.301311961651,981.9849462493471,1540.4956327205878
783.8446570824807,981.7699061895493,1541.0197955565222
786.4050758950542,981.6408520130101,1541.6885675830665
788.9540623511463,981.5862200528882,1542.262971336007
791.4739830263255,981.5941865297133,1542.5751923005223
793.9549354818914,981.6532215799577,1542.553424535871
796.3877927658377,981.7527336353622,1542.1928434047386
798.764815296716,981.885470242675,1541.5395121171132
801.0855090419486,982.0512440866104,1540.6920494132858
803.3525248252665,982.2595901962936,1539.786158177234
805.5561866221415,982.523617094104,1538.9565477950082
807.6751667268549,982.8477032307466,1538.3024364843589
809.6953646875321,983.2251949126597,1537.8782930561872
811.6099479691749,983.6475947346728,1537.7065089911325
813.4056665697163,984.1101917927379,1537.7923063469375
815.0664423357408,984.6103782298104,1538.132215336018
816.5816093105374,985.1454319854618,1538.7180212234548
817.9415136325626,985.7111728899382,1539.5317252435893
819.1315552877467,986.3005185087354,1540.533265222276
820.1323190359795,986.9034034809682,1541.6578322653804
820.9240689981269,987.5099371664852,1542.832322520318
821.4949578239195,988.1131386224156,1543.9921039694564
821.8474892339303,988.7077665085847,1545.0801031842661
821.9932910304844,989.2888452032973,1546.042169511502
821.9396754714011,989.8512540954724,1546.8326013760116
821.6875838510124,990.3905773557432,1547.422465772344
821.2446996165835,990.9056590944894,1547.8021296341976
820.6324012082983,991.3989689391601,1547.9787357371338
819.8733363176195,991.8735031051099,1547.970511924728
818.97764548817,992.3304395985258,1547.7970391841598
817.9496609003311,992.7717008972757,1547.4764710588106
816.7988871233013,993.2045008639444,1547.0365379859643
815.5307901045,993.6412804520264,1546.5223819458295
814.1347413713736,994.0968675553281,1545.9906026251442
812.5905341091907,994.5871399983799,1545.4940187179373
810.8837834230244,995.1274834301292,1545.0661080596833
809.0198767595272,995.7302021262287,1544.7158968400522
807.0253726460694,996.4018472677101,1544.430935419292
804.930047811892,997.1413319242918,1544.1834647960002
802.7559407990533,997.9406434552019,1543.9449182676099
800.5286637740286,998.7886598559061,1543.7091122957597
798.2833621743721,999.6760025015263,1543.5121076025991
796.0540188771699,1000.5975148186347,1543.4257692328465
793.8651729929294,1001.5526569148682,1543.5207378443404
791.7301898836766,1002.5437848996529,1543.8209966418872
789.6534520668237,1003.5693396310503,1544.2653219070164
787.6366198750524,1004.6173170172771,1544.7046917465398
785.6809414474806,1005.6670492339124,1544.9631796765755
783.7880026154531,1006.6984590910871,1544.9201169861972
781.958949543457,1007.7031446435794,1544.5542742992698
780.1882706154515,1008.6902825901226,1543.9455538475456
778.4708248337267,1009.6821263175784,1543.246486038484
776.8175797096212,1010.7012566101911,1542.6301604813498
775.2498930877512,1011.7583729456044,1542.2333508938118
773.7854657296111,1012.8484242967228,1542.1210347040399
772.4432554092408,1013.9536739909454,1542.287250397807
771.2520923243175,1015.0474293118236,1542.681058909129
770.2414804713135,1016.0992138400633,1543.2385638333792
769.4257137089164,1017.0837742605594,1543.9114976217388
768.8015088371491,1017.9883378164626,1544.6776683055493
768.3565402342718,1018.8117009732366,1545.5253582205244
768.0718279302534,1019.5577217877274,1546.4319989805795
767.9203385838711,1020.2310225051541,1547.3555711021208
767.8742998130368,1020.8360831549433,1548.2357369613273
767.9111202848817,1021.3769022141825,1549.005770189208
768.0086366486586,1021.8576096476894,1549.6117256257253
768.1438204559415,1022.2833461493983,1550.021548538936
768.3018330218708,1022.6602249993923,1550.2247890505682
768.4819657905914,1022.9940039569207,1550.2299977494986
768.6912867109447,1023.2878652025338,1550.0578247650285
768.9345239163293,1023.5421521816518,1549.7376532572691
769.2118121782028,1023.7557589668784,1549.307635947705
769.522139516869,1023.9273174405575,1548.807872100828
769.87075924432,1024.0557409901248,1548.2720105750832
770.2823126894656,1024.1386081263636,1547.7265242789144
770.8007853849608,1024.1716658909638,1547.1999846146384
771.4697329571583,1024.152975853109,1546.7302249325667
772.3177107855792,1024.0875988757007,1546.3481433968097
773.3527127969426,1023.9880148835085,1546.0508321325708
774.5611413861322,1023.8683871151906,1545.7979927817132
775.9242727650159,1023.738131805819,1545.5352161365781
777.4408391210958,1023.6031006528674,1545.2298353514416
779.1262083381628,1023.4719728955631,1544.9097437199941
780.9905258435645,1023.3620150689056,1544.6841392211118
783.0263928806071,1023.298271373731,1544.70649923275
785.2091692497632,1023.3023870539691,1545.075127927917
787.4909748145436,1023.3832368687819,1545.750846711971
789.8073165427301,1023.539794602676,1546.5716786362902
792.1073096300154,1023.7674097790668,1547.3438890184202
794.3653039426841,1024.0590596761444,1547.9228873345758
796.5600149117524,1024.403904480805,1548.2312266552342
798.6603114416899,1024.7883271970516,1548.243490189829
800.6372434976014,1025.2012449699648,1547.9850706610127
802.4784897082583,1025.639653575451,1547.5384261894947
804.1850284926288,1026.1090320947544,1547.026862783353
805.7616728703388,1026.6164724663513,1546.5678207471833
807.2141641835512,1027.1613385999033,1546.2266487406469
808.5462040912349,1027.73355164486,1546.0157814265194
809.7547929466523,1028.3211317754642,1545.932745145341
810.833898179558,1028.9160178585812,1545.982220779127
811.7829252774006,1029.5120590527006,1546.165163073401
812.6125230709204,1030.1028135669656,1546.472573371654
813.3411532078345,1030.6840126464488,1546.8957531892854
813.9746931367441,1031.254504163762,1547.4256833431846
814.4992174838602,1031.8133232772518,1548.0403579563779
814.9068713860048,1032.3586469904265,1548.704979428125
815.2089323209681,1032.8876454257597,1549.3842245889994
815.4150128557573,1033.3943239245284,1550.0478970367299
815.5171239108054,1033.8711946754709,1550.668684454868
815.495829245479,1034.313152818511,1551.218393321697
815.3337697354506,1034.717722633672,1551.668444392357
815.0271987457538,1035.085268138884,1551.997150289073
814.5858851568295,1035.4195429273718,1552.1946976426634
814.0233292599916,1035.726178654312,1552.2607107647825
813.3531745364871,1036.0102422566774,1552.1966900536781
812.5875027675571,1036.2733465225513,1551.9994289217623
811.734159435227,1036.5141209119477,1551.668536386453
810.7975979641185,1036.7347456489972,1551.2296816678897
809.7782667038358,1036.946122865472,1550.7460251871607
808.6762182703441,1037.1633623279486,1550.292619396558
807.4948600232331,1037.3969728244738,1549.9186847530625
806.2351366184242,1037.6515572216288,1549.6371633851932
804.8933110020189,1037.929849433466,1549.433546637789
803.4666378794437,1038.2351846046915,1549.2736825886786
801.9545714818415,1038.5728861929897,1549.111607681175
800.3582187865023,1038.9478138976397,1548.8960679840518
798.6843962753088,1039.3609534090433,1548.5904684098844
796.94539552532,1039.8134495330069,1548.2195127982288
795.1553158162676,1040.3136522679326,1547.9014776680997
793.3329585314771,1040.8776713985608,1547.8124186021532
791.5040132964265,1041.5203997085127,1548.0806034779016
789.6945674547416,1042.241493714156,1548.6809654649976
787.9251571772969,1043.0163864315798,1549.4260839909618
786.2108919964439,1043.8029616596664,1550.0763026551017
784.5623644162004,1044.5626781371898,1550.4691992082446
782.9819753994993,1045.278409944486,1550.5557418574147
781.4555555290539,1045.9580855366598,1550.365066698815
779.9559444175868,1046.6278125663036,1549.9774346701051
778.4648366127116,1047.3194601566859,1549.5053358813338
776.9827417355394,1048.0587512180603,1549.058922859787
775.5174768686353,1048.8578029599341,1548.7117143690054
774.0784287117318,1049.7123855384211,1548.4890081370352
772.6803907329547,1050.606297624339,1548.3847715560023
771.3460674209127,1051.520643181836,1548.391498266075
770.1066886157744,1052.4397111816736,1548.515855242789
768.9915469406011,1053.3512468264128,1548.7724203295522
768.0117748608037,1054.2459725670146,1549.169623248115
767.160180777427,1055.1177319592455,1549.6986485978493
766.4214362519277,1055.9615154098947,1550.3298045323504
765.7762564850929,1056.771429353544,1551.017403708205
765.2040994464018,1057.5416083200607,1551.708511573064
764.6918168814838,1058.2673695036617,1552.3523783184062
764.2414421071032,1058.945691999584,1552.908569566606
763.8611389866917,1059.5774248975354,1553.3536076586872
763.5447303998635,1060.168389980728,1553.6838217611878
763.2766273468898,1060.7245432458992,1553.9047842669997
763.0589499665288,1061.2459709123257,1554.0163507630261
762.9122627411641,1061.7270162490763,1554.0142374240581
762.8527648341134,1062.1599377006653,1553.9005620176158
762.8836117214828,1062.5393522317133,1553.68949359165
763.0048240873186,1062.866416934761,1553.4052274624394
763.227993765354,1063.1466241064059,1553.0679409891804
763.5744167147891,1063.384130116128,1552.6889780158217
764.0535377581598,1063.5821907040126,1552.2909574028545
764.6582302408078,1063.7463860079124,1551.9154588860133
765.3844727473041,1063.882447335845,1551.598925058382
766.2408334011902,1063.9921947369635,1551.3520018098548
767.239272075242,1064.0760468199176,1551.163138714878
768.3805387207753,1064.1382114015896,1551.0095932805004
769.6484078964584,1064.1853536970475,1550.8593543754787
771.0221182813115,1064.2223693784192,1550.6703970211342
772.4865312043703,1064.2520201175298,1550.4035499003082
774.0286968200907,1064.2768123752808,1550.0490098915245
775.640613598861,1064.3041914748417,1549.6566650184964
777.3225441439727,1064.353579351737,1549.346460326078
779.0688348177149,1064.4514536942092,1549.2537142506028
780.852259812386,1064.6145016888393,1549.426424015127
782.6286452646333,1064.8415569562692,1549.7787190169568
784.3564786370818,1065.1207452536312,1550.152618824505
786.0091452444558,1065.437053467457,1550.414807223694
787.5693946953008,1065.7749663234645,1550.5023691186625
789.0226323325078,1066.1238162435134,1550.4191141385938
790.365434531562,1066.4818411112822,1550.2162029913484
791.6112605645598,1066.8523103500197,1549.9658136718467
792.771993232836,1067.2384509768701,1549.7360981752724
793.8422591032923,1067.6408651017048,1549.5738411683742
794.814092341983,1068.0552723325832,1549.4951952622605
795.6912594082762,1068.473327355591,1549.4934506723769
796.4789179499141,1068.8870687438473,1549.5600830328015
797.1809577136542,1069.2905247958283,1549.6936102303016
797.8085508856198,1069.675613815246,1549.8904378248947
798.3677685637413,1070.0296499332287,1550.1418230617369
798.8532974224564,1070.3394852967654,1550.4397309236303
799.2694414601351,1070.5952896267493,1550.771037392399
799.6392691020861,1070.7902734783938,1551.1111433229637
799.9874358301411,1070.9225606188734,1551.439534202415
800.3203952306927,1070.9984803416085,1551.7556648199895
800.6246082993634,1071.0295952374277,1552.0670853469471
800.877769891159,1071.0246123493487,1552.365799371356
801.0595863551555,1070.986987319608,1552.62555114725
801.1616065840511,1070.9211528400276,1552.8225290409825
801.1856918102682,1070.8361421711397,1552.9499907578675
801.1289588190124,1070.7416583231393,1553.0108665364503
800.9774699298617,1070.6448140310506,1553.0041474335608
800.7157927926448,1070.551763807908,1552.9230881455794
800.3364848685246,1070.47030700319,1552.767506722468
799.8359215333606,1070.4116801474129,1552.5610925019068
799.2021757350802,1070.389565950119,1552.351924537344
798.4170576627529,1070.413855020704,1552.1816856950031
797.4761977988646,1070.4863117124867,1552.05473479264
796.3947487963658,1070.6045152541149,1551.9487696178662
795.1870442876672,1070.7693888139,1551.8523426519369
793.8573263127348,1070.987318110173,1551.7730273741986
792.4130491670496,1071.262592692375,1551.7008601927892
790.8710743122836,1071.5889757170512,1551.5825855232847
789.2531131345825,1071.9512042086567,1551.3470526345798
787.5825566614061,1072.3351027049227,1550.957092950965
785.8771265487219,1072.7360388226803,1550.447305877109
784.1438643071348,1073.159169989477,1549.929155501315
782.3854482747035,1073.617072811395,1549.5680565508178
780.6067670979136,1074.125618711011,1549.523479758607
778.8221613488178,1074.6907405475629,1549.8462114276106
777.0637534845462,1075.2948252054218,1550.4120517623992
775.3760627654862,1075.9004886341788,1550.991933038918
773.8030703301399,1076.468950090174,1551.4081338338372
772.3774850634192,1076.9739423634867,1551.613494576049
771.1007037452107,1077.4027391639554,1551.6433847044757
769.9353953945199,1077.7530095552672,1551.5404635281732
768.8432537600452,1078.0333971023306,1551.3320207617658
767.8160511014695,1078.2619673609756,1551.0452766683266
766.8560476299232,1078.4583804324827,1550.7159295579706
765.9571739369698,1078.6387411058924,1550.3784711763797
765.1094604381115,1078.817232370176,1550.0586995053177
764.3008747837459,1079.0072466500112,1549.7768091636779
763.5202690927721,1079.218761864762,1549.5497057939597
762.7613625755578,1079.4561592584555,1549.3926264530278
762.0175162049511,1079.7186806912234,1549.3247670913347
761.2828053039219,1080.0023145182909,1549.368236598053
760.5638255280385,1080.300353010084,1549.5325065257214
759.8795517920179,1080.6025601683575,1549.8037909959598
759.2482302145158,1080.8975071505047,1550.1567047499018
758.6804421663521,1081.17592201924,1550.5653595837541
758.1801833098754,1081.4314677216125,1551.001632702372
757.7429565500502,1081.6618256376867,1551.4380186321869
757.3573362129257,1081.8676404352304,1551.847905418276
757.0213884907491,1082.0475806532497,1552.198055080597
756.7527603497749,1082.1967907954022,1552.4529261564123
756.5752419858858,1082.311193800981,1552.5882838775537
756.5046656403358,1082.3903034376754,1552.5961228490632
756.5501870955669,1082.4351693628792,1552.482647481275
756.7180944100954,1082.4461642347853,1552.2663373418552
757.008974073551,1082.4228063321848,1551.9722436990924
757.4166390272095,1082.3650287548382,1551.6276387148127
757.9375387998094,1082.2750277435048,1551.266455122343
758.5775446752499,1082.1569550926383,1550.9319236095278
759.3457154949172,1082.015871299693,1550.6684189606467
760.2512821027198,1081.8587347572045,1550.5039586805797
761.2999350975392,1081.6938831738369,1550.4343525622517
762.4753824180905,1081.5281282001408,1550.4222598291497
763.7377356497014,1081.3655174297426,1550.4047009352705
765.0550211698161,1081.207177912242,1550.3062285149424
766.4241324052527,1081.0529870603325,1550.073023723055
767.8571270735869,1080.9071464626568,1549.718495250253
769.3571106185102,1080.782219973848,1549.343042578189
770.9063087881764,1080.6962936871753,1549.0974490468961
772.4685467536361,1080.663893128072,1549.0953165093472
774.00216790116,1080.6887976043,1549.3403391375043
775.4811806068722,1080.765672707854,1549.7293696674965
776.9057027893793,1080.883073237388,1550.1111537507006
778.2806694836426,1081.0243669214722,1550.3518159200114
779.5908916448361,1081.1730068599434,1550.37557129203
780.8131507377839,1081.3179961369713,1550.167336233138
781.9439403119984,1081.45459622105,1549.7584864962678
782.9990115828211,1081.583108886975,1549.2149642597312
783.9929211959951,1081.7068437666717,1548.6219539742299
784.9290505935046,1081.8306502422797,1548.0679005445945
785.8049730681191,1081.958521188868,1547.6292910303637
786.622168509624,1082.0894950251952,1547.3528261515648
787.387986702852,1082.216495875607,1547.2478595701598
788.1124287346879,1082.3275187372842,1547.2946755155867
788.8053983268284,1082.4086620038734,1547.462896435948
789.4685222697839,1082.450495239687,1547.7332414667594
790.0920807029307,1082.449664850844,1548.0979403014487
790.6668348249267,1082.4026956653734,1548.538627452033
791.1881886521041,1082.305064292931,1549.024811992505
791.6475110524041,1082.1576451953138,1549.531350838901
792.0386101784344,1081.966547681933,1550.0319364205502
792.3725107401414,1081.736372730041,1550.4832411532548
792.6689090342272,1081.4697337394382,1550.8411198432982
792.9322933394891,1081.1724897720999,1551.0880230490397
793.1431421908703,1080.8536880761485,1551.2301114691172
793.2754492602124,1080.5215955399485,1551.2794326989037
793.3226691630571,1080.1839850940253,1551.2445164078413
793.3021119063148,1079.8503016860045,1551.1229820457474
793.2338629684418,1079.5311390378574,1550.9057242033678
793.1208262003289,1079.2362728380624,1550.59580073635
792.9482885947955,1078.9727643722022,1550.2129573802192
792.6948617404597,1078.7460670233536,1549.7822408019588
792.3436336565615,1078.565972529422,1549.3364895622408
791.8883679173047,1078.4468161750171,1548.9205435282536
791.3270271582326,1078.3966526162844,1548.5718671549655
790.6498320024457,1078.414164568102,1548.3082346771694
789.8395204189192,1078.5007036066183,1548.141063160233
788.8805570920389,1078.666059028749,1548.0785540164297
787.768774555002,1078.9189387381934,1548.1063170641953
786.5167555767935,1079.2587238901106,1548.178351617526
785.1456966881816,1079.6767190184644,1548.2360159639422
783.6766615526042,1080.1592989115552,1548.2338759500203
782.1363093496225,1080.692629863682,1548.157759567409
780.561024092503,1081.269806710297,1548.0412133075868
778.9854640578651,1081.8923977893364,1547.9689781162956
777.4287111376575,1082.5660487812502,1548.0404816985836
775.8965459490095,1083.2942907451031,1548.2973262407713
774.3977421947392,1084.0708136985925,1548.674993469776
772.9547985827572,1084.8762167399466,1549.0369475194395
771.595330469112,1085.6845069001783,1549.2617724234915
770.3340899952541,1086.4735156915465,1549.2995433566361
769.1667436649308,1087.2320174977851,1549.1683155748146
768.0807631584192,1087.9611429619636,1548.926258629294
767.0669789189665,1088.668516841202,1548.6452059508601
766.1212608531702,1089.3598672634018,1548.3859168065455
765.2410544795579,1090.0371981964854,1548.184372814444
764.4164578448405,1090.7026520209088,1548.0618166001834
763.6298697438857,1091.3621523899449,1548.043555098865
762.870807270285,1092.024727687445,1548.1567924330031
762.1415667654933,1092.695004144571,1548.4078403701428
761.4515287894769,1093.3676585979013,1548.7732468134068
760.8101331485364,1094.0323445624867,1549.2227811784217
760.2193305154835,1094.679499924295,1549.7432244626564
759.6761623079739,1095.2985265507718,1550.3319502320214
759.1855843423999,1095.8747413125902,1550.977118290815
758.767121550138,1096.3907010006753,1551.6494215787786
758.4442468109223,1096.830427494648,1552.3069655536544
758.2250815756859,1097.183169281192,1552.9072068449848
758.099660572343,1097.4439479323062,1553.4142536074942
758.057339487232,1097.6125179543797,1553.7989532805977
758.0998393730238,1097.6926154207003,1554.0417733704587
758.2351121487347,1097.68870776502,1554.1352361552674
758.4654976973758,1097.601302036511,1554.0790298591858
758.7957640104327,1097.427344027186,1553.875627239196
759.2448459541795,1097.1641927804183,1553.5357515968806
759.8319403848003,1096.810208843917,1553.0894548174283
760.5619732418152,1096.3647668411127,1552.5916386271117
761.4265354428384,1095.8319604666253,1552.1105577548665
762.4029599027896,1095.2253876709294,1551.6922379797395
763.4499232030197,1094.5721949911558,1551.3253749554467
894.3456052119705,686.9205660487912,1588.3529614148133
894.5499612187031,686.3820942624999,1588.4370507820292
894.7526793454505,685.8464991351755,1588.5172698377276
894.9526823630168,685.3174875082782,1588.5960126372204
895.14743384972,684.8048894686649,1588.6777737659972
895.3331831386097,684.3201674401455,1588.7645466252213
895.5066960202595,683.8702088264005,1588.8560674339813
895.6671457116026,683.4548361832515,1588.9514401403746
895.815037380936,683.0697689935203,1589.048668042907
895.9500111204036,682.7114092010768,1589.1432911029392
896.0708113074254,682.3791994785314,1589.2293184448408
896.1763650131059,682.0751037926044,1589.3031320020607
896.2662486781095,681.8025044203971,1589.365154464645
896.3404006847122,681.5654959953374,1589.4170672999649
896.3990888719227,681.3666363747253,1589.4597361878846
896.4440499053354,681.2039828163304,1589.4936329326154
896.4790359131445,681.0726025092589,1589.5193226215465
896.5077717172835,680.9690006716733,1589.5372242906913
896.5314312928691,680.8918298281267,1589.5474987487628
896.5489978056345,680.8402757569818,1589.5511272318336
896.5598255817088,680.8138138500342,1589.5505104855129
896.5654050441362,680.8117650836152,1589.5484592949847
896.5686244456589,680.8335665503399,1589.547502005871
896.57172673592,680.8808735346568,1589.5495659035541
896.5764552392468,680.9570372123707,1589.5554874901925
896.5867017482335,681.0628783021963,1589.5647709106793
896.6089953356459,681.1944949248509,1589.5754757938807
896.6490880421389,681.346502841912,1589.5851493546627
896.7093672345593,681.5160584801088,1589.5929467766318
896.7900509769322,681.7021393174978,1589.6009117248832
896.8911952115537,681.9033929798294,1589.6130922295947
897.0127020564844,682.1199609713603,1589.6332169682555
897.1538846872013,682.3557466662287,1589.6630926588216
897.3151839450275,682.6151271368434,1589.7022663208918
897.500758765556,682.8969836767321,1589.7475792160537
897.7175882605433,683.1946692703789,1589.7936543346932
897.970675943044,683.5030499145262,1589.835966756009
898.2599391439057,683.8235638179583,1589.8736643980367
898.581710763723,684.1606336262982,1589.9081865240428
898.9322425975066,684.5147613352506,1589.9393016454433
899.3098842411318,684.8833053136661,1589.9633347324977
899.7137494331002,685.2671979859817,1589.9748818771684
900.1410848643719,685.6717280416417,1589.9698860723972
900.5880262913333,686.1016982515779,1589.9472597138908
901.0529108196702,686.5591699634064,1589.9085655878816
901.5376004357953,687.0448116199523,1589.8575391074241
902.0459850306968,687.5586288452137,1589.7986443093662
902.5826720338702,688.0988838605456,1589.7346067055607
903.1534631795856,688.6613528261233,1589.6653454315924
903.7657489808178,689.2384843194463,1589.5879723129874
904.4274612950703,689.8202492209728,1589.4980841323902
905.1462183666022,690.3975868037154,1589.3924956932806
905.9285960813173,690.9641860886688,1589.2705268126138
906.7775639841883,691.5156231926908,1589.132640203312
907.690035180642,692.0461383909362,1588.978058727899
908.6575132415702,692.5471298821359,1588.8046684277901
909.6684537141558,693.0106229873603,1588.6129829861322
910.7093840801092,693.4317501907856,1588.4120714988962
911.7656537232846,693.8103973569334,1588.2226864953175
912.8244140390362,694.1544672763501,1588.0744159151177
913.8772724922445,694.4789613084155,1587.9989106005614
914.9195234015298,694.7995517307444,1588.0185750561309
915.9477181083303,695.125976539989,1588.1313811693553
916.9576828702822,695.4602101552452,1588.3053535415336
917.9439454181415,695.8012244229025,1588.4936310883693
918.8997722093518,696.1519106591587,1588.659424139171
919.817783969741,696.5193797196656,1588.788276418772
920.6930165996004,696.9084909763355,1588.8809877704778
921.5255468083673,697.3191286686805,1588.942252445176
922.3183695454317,697.75006738858,1588.9770046712092
923.0730893045445,698.2016405918954,1588.99033619192
923.7895149506617,698.6726347650653,1588.9848503963499
924.4680640260475,699.1564063773199,1588.9602571980506
925.1078873006302,699.6431169842468,1588.9188220914834
925.7035017614005,700.1245564668068,1588.868475722468
926.2470124581537,700.5943765348061,1588.8189354822252
926.7307685776894,701.0466746424439,1588.7784827877638
927.1455854220228,701.479979731439,1588.7591300681136
927.48050789214,701.9006658014345,1588.7810024480937
927.7279202619928,702.3151730174254,1588.8596467818454
927.8863741115754,702.7235477335045,1588.99122156206
927.9554852253452,703.1268407184806,1589.1587198860184
927.9315021902949,703.5320518460211,1589.3436988905141
927.8091767925409,703.9461925489827,1589.527302934347
927.5842513582892,704.3731658310297,1589.6905668779846
927.253837975587,704.8179910108372,1589.817808317728
926.8167561983583,705.2893073842965,1589.8963105306507
926.2739484365771,705.7951246707092,1589.9127314780671
925.6281685527583,706.3363198030504,1589.852201996927
924.8837246662486,706.905148042258,1589.7018925603984
924.0467234877233,707.4908032092527,1589.4557232987968
923.1247538878168,708.0856894440965,1589.1183168531734
922.1250472816464,708.6861504219199,1588.7098877331878
921.0525975446398,709.29025384506,1588.2677814429708
919.9096176485014,709.8979313075657,1587.8379455242693
918.6956600631872,710.5107411679318,1587.461735692093
917.4086436999839,711.1284387792948,1587.1655555040197
916.0455456227239,711.7492407655973,1586.9526642869255
914.6022436882274,712.3727377835922,1586.7975133903453
913.0762531548969,712.9965856976294,1586.6494857961284
911.4707109303895,713.6139787303209,1586.4572541007033
909.7946411694463,714.2204363804715,1586.2122571615118
908.0623574662774,714.8216895997992,1585.9818222602185
906.2932503799483,715.4348977818246,1585.8952656932393
904.5059427277289,716.0831770277741,1586.0757952961585
902.7105924537718,716.7821073273976,1586.5594094721162
900.9129052127032,717.5225428422856,1587.2682376359094
899.1253470561966,718.2707071282276,1588.0626606728451
897.3662428817087,718.995432613113,1588.816210818011
895.6505641538809,719.691885454557,1589.4478512203573
893.9923345485468,720.3718408445329,1589.9137343159994
892.4132304186437,721.0398642550022,1590.1944740246877
890.9381868913512,721.6901459108597,1590.2908566446097
889.5843501479891,722.3193844011015,1590.2228444017003
888.360567993194,722.9297115939773,1590.025345886169
887.2733877541767,723.5199645099312,1589.7391369934421
886.3279748108754,724.082618083153,1589.4047345145577
885.5249138945323,724.6103781072932,1589.0629248325715
884.8585650019713,725.100280123416,1588.7542722487776
884.3177133925444,725.5514198495823,1588.5147100584163
883.8849399883122,725.965120501532,1588.3712887026052
883.5352011425409,726.3483988874126,1588.3380684456706
883.2396127646563,726.7127819323439,1588.4130045482248
882.9733292121637,727.0689805887997,1588.5798657550085
882.720527907432,727.4233759755984,1588.8135102530127
882.474613403676,727.776191529847,1589.0838445327618
882.2355238633593,728.1208314183887,1589.358966897371
882.0059400551619,728.4473867348283,1589.6106131503286
881.7884996624449,728.7483995324887,1589.8201045364508
881.5859550170567,729.0208911782747,1589.979228411587
881.4042453674367,729.2620995000735,1590.085598313815
881.2552052859236,729.4633624210243,1590.1380707804228
881.154136711,729.612888121047,1590.1369668495165
881.1137505328588,729.706375087161,1590.0872345840057
881.1412952158422,729.7497494720341,1589.9977040308245
881.2398089480782,729.7514888504982,1589.8763391871973
881.4101910554436,729.7156571511458,1589.7275565082195
881.65252951056,729.6415633650904,1589.5527104260352
881.9667565632542,729.5273407412541,1589.3521614923468
882.3534569546848,729.371375798521,1589.1295030284668
882.813903920219,729.1733531761004,1588.8980703445081
883.3501160368916,728.9359690348998,1588.6826315629648
883.9662807910074,728.6625291678608,1588.50959199846
884.667879771302,728.3557523509871,1588.395933915427
885.4588348222258,728.0197623357054,1588.3493060602264
886.3414167349688,727.6589444386922,1588.3775183998841
887.3176637663662,727.27764592742,1588.5011557882463
888.388920313044,726.8840456416262,1588.7591414638648
889.5535446661688,726.492872972166,1589.1914419769796
890.8061464818126,726.1203651343299,1589.796812210585
892.1421290721613,725.7691255688515,1590.4984314787057
893.5634418718081,725.4186283601584,1591.1638126535868
895.0753529907747,725.0407707530056,1591.6757280311106
896.6738995081378,724.6283615922259,1591.9912092197487
898.3385044923425,724.2048625856924,1592.1423699041657
900.0397327840088,723.8066252632235,1592.1955007618444
901.7519970113822,723.4592159663006,1592.2076481974486
903.4569923262574,723.1703366703889,1592.203669135519
905.1391104544261,722.9391129014786,1592.1800182939883
906.7832245621781,722.7642800363446,1592.1228455375299
908.3782367653898,722.6431553921607,1592.0200782050815
909.9188068339975,722.5713672449433,1591.8655687088622
911.401255824619,722.5481983867429,1591.6622257851554
912.8201113897677,722.57956110639,1591.421097280455
914.1690810396613,722.6732348877404,1591.1562267830716
915.442713300843,722.8316539662728,1590.8828725495373
916.6361872831125,723.0518785735538,1590.6195908324237
917.7456944612352,723.3291001700676,1590.3861817892441
918.7700509126603,723.6550002599793,1590.1966159619813
919.7104877225049,724.0173491305007,1590.0561861628448
920.5684507578376,724.405266993626,1589.966191171788
921.3444071248441,724.8125316439921,1589.9285361068974
922.0402355465599,725.2349202915965,1589.9441289923554
922.662237311951,725.6671271540631,1590.0086758634163
923.2188022267547,726.1043233244476,1590.1119197524306
923.7151403978354,726.5437614528853,1590.239260568817
924.150814435082,726.9839477225886,1590.373138400598
924.5204134365503,727.4256823386416,1590.4960916360083
924.8166422084643,727.8729351185436,1590.5954339664152
925.0335193244669,728.3309386665186,1590.665854309923
925.1665751147694,728.8057048836025,1590.7079280578944
925.2116244424137,729.3045102987126,1590.723119904707
925.1645977539583,729.8330978843762,1590.707994539871
925.0217008164473,730.3930622338553,1590.651523120433
924.7795804119892,730.9841743704173,1590.5374356572338
924.4366768028963,731.6082264819357,1590.3499042646104
923.994270269591,732.26975251564,1590.0802127645816
923.4552068187401,732.9733557274426,1589.7331659460044
922.8222640758655,733.7202983662193,1589.3311525856916
922.0965000437584,734.509700392693,1588.9130548314388
921.2747810822697,735.3430463411181,1588.5240610308647
920.3508871268311,736.2226260339205,1588.1970168370804
919.319445582892,737.1465742587833,1587.937463110312
918.177729867896,738.1096779270937,1587.7231749710015
916.9291357749496,739.1052840275694,1587.514664319475
915.5868325411363,740.1255939625321,1587.2706593693017
914.1699981322713,741.1643822761022,1586.9685458892288
912.6989725074488,742.2181459094139,1586.6235507551555
911.1972906202049,743.2849974078582,1586.2937954079346
909.6946743162665,744.3659645836528,1586.0645836623974
908.2227537288466,745.4655312973081,1586.0128060630882
906.8054363815642,746.5864146909717,1586.1633959621993
905.4543870925768,747.7221823301536,1586.4674918861745
904.1736104069031,748.8571987304925,1586.8262528693763
902.9641365086839,749.9767547079007,1587.1442919373098
901.8248539321379,751.076139835149,1587.3683982952857
900.7562410113999,752.1567185170757,1587.4882802245368
899.7644578864936,753.2153917014017,1587.516940335185
898.8581286989461,754.2407912242619,1587.475365851703
898.0427233733842,755.2167551298095,1587.3852942252781
897.317866894368,756.1291972845793,1587.2663755658727
896.6766197446639,756.9714740601138,1587.135762291327
896.1070650551759,757.7424574481636,1587.0056831608833
895.5954725041707,758.4417054494724,1586.8800617064394
895.1300953741626,759.0673831561047,1586.7564595374788
894.7027954446315,759.6176401761744,1586.6334436729394
894.3059520550182,760.0952260733228,1586.5165699223392
893.9300542722146,760.509284855356,1586.418022465562
893.5658254383548,760.8720520304397,1586.3528275021558
893.205964100192,761.1980222878592,1586.336371653324
892.8440098018824,761.5053100250348,1586.3820618694556
892.4764435124266,761.8101194239587,1586.496551388043
892.1074785568629,762.1190803286072,1586.6761239308867
891.746595957919,762.4333621102492,1586.9104889192427
891.4025771541567,762.757778240142,1587.1906863446973
891.0850336781058,763.0983728581145,1587.5107671405497
890.8080663022204,763.454530115965,1587.863433236781
890.5877971058169,763.8206855134378,1588.2385236286286
890.438558690229,764.194507259678,1588.6250869797423
890.3728189953814,764.5795926921185,1589.0111925342846
890.4030520272906,764.9811302400956,1589.380628102355
890.5429425092608,765.4000743648578,1589.710662657083
890.8059906131361,765.8305416557171,1589.9753386740579
891.2032669831523,766.2625393990922,1590.1542065439162
891.7437735158993,766.686796315745,1590.240429706052
892.4345759762712,767.0986525707959,1590.244187844547
893.2782288885596,767.5003373390722,1590.189769466178
894.2730193151599,767.8958999152709,1590.1034455674946
895.4182700749344,768.2805203676036,1589.9992002295883
896.7158985498588,768.6395435946544,1589.8778587266072
898.1644916728271,768.958047327799,1589.7428380307908
899.7552455593268,769.2272925572918,1589.6226525661316
901.4741705507265,769.4486848849917,1589.5864430619442
903.3051324585944,769.6380985977169,1589.7332828869103
905.2309676209701,769.8194312674219,1590.1440984258593
907.2350918585752,770.0060636575205,1590.8220564855806
909.3048085191687,770.1871147313348,1591.6747404257148
911.4296197252165,770.334424209523,1592.5581644537067
913.5902978925737,770.4283489808053,1593.3405916777153
915.7524603970305,770.4767921472926,1593.936221683457
917.8770215150219,770.5084028943181,1594.3052516682635
919.9365705299467,770.5549429495102,1594.4440007108756
921.9219069454595,770.6421729951843,1594.3758307315134
923.8385701160855,770.7869978965336,1594.1400482814643
925.7007283673329,770.9951343092054,1593.7793590789188
927.5253170563263,771.2630355244276,1593.3313480023462
929.3270137994976,771.5844504593634,1592.826522615791
931.1161251325519,771.953161309393,1592.2896731666467
932.89872375944,772.3600479964883,1591.7401111883087
934.6752913088756,772.7913909108729,1591.1910323636491
936.4388164970738,773.2292741591276,1590.6499809300692
938.175472545443,773.6528245667328,1590.1205866796151
939.8662026284087,774.0429770155805,1589.6074820652004
941.4887905681021,774.3867356467498,1589.1235378092042
943.0224200575306,774.6756968929932,1588.6915982592209
944.4539214995076,774.9021617464618,1588.3368554351057
945.7799697737765,775.0587896243069,1588.0773675299622
947.0017618630573,775.1421949813366,1587.9213909373307
948.1212184140561,775.1528408780752,1587.8685128462873
949.1424152352225,775.0924574824251,1587.9089164691968
950.0702081386282,774.9676236286673,1588.023867098129
950.9068122345897,774.793081295285,1588.1885763705097
951.6499513892079,774.588284276894,1588.375772351727
952.2930111139036,774.3722500049867,1588.5605978604392
952.8299753009987,774.1586403868836,1588.7235596009907
953.2611896677391,773.9530271215482,1588.8503459484552
953.5922570090556,773.7557250345727,1588.9317824761374
953.8277821244886,773.5667702226527,1588.9635758626018
953.9679688087962,773.3876996909605,1588.9447124503504
954.0108273064909,773.2199307262335,1588.8750631043524
953.9546753473453,773.0638779600154,1588.7535798491501
953.7978140727263,772.9202407709869,1588.5788593441623
953.5394482604744,772.7889409901325,1588.351299709347
953.1818301083247,772.6650173971084,1588.0756958352376
952.7274117304119,772.5395520924156,1587.7645398054792
952.1727089817158,772.4093034965508,1587.4400079666975
951.5074847805774,772.2838293185984,1587.1308941629086
950.7205967019207,772.1783692846599,1586.8634295312331
949.805910757113,772.1015576749727,1586.6505451217508
948.761762170223,772.0559453893784,1586.4891085576335
947.5872999416075,772.0474750105641,1586.3714005658715
946.286115089441,772.0863967749417,1586.3049343584312
944.8726038886534,772.182487152614,1586.325178067823
943.3686696460474,772.3463282351395,1586.4854754363753
941.7961159786728,772.5874861485569,1586.8199237038584
940.1747739518644,772.9025328039797,1587.303012031141
938.5237065522385,773.2700399255098,1587.8464382327793
936.8612413818907,773.6638988123195,1588.3403805330936
935.2062178253237,774.0696705345097,1588.7007128025398
933.5810137106612,774.4866764326016,1588.888062711735
932.0117803454707,774.918847363266,1588.9011238812095
930.5236407372022,775.3671757751214,1588.7626446974296
929.1341572788381,775.8304485901035,1588.5076133113407
927.8521761800873,776.3078557723095,1588.1723073239243
926.6816281075235,776.795826556844,1587.784639914018
925.6212670211946,777.2855406869026,1587.3631551387157
924.6623807520095,777.7661049070822,1586.9248675806618
923.7927341571282,778.2264134849926,1586.49187955528
923.004185931223,778.6518407727199,1586.091836011032
922.2947161702009,779.0237188099595,1585.7562919846632
921.6614739874803,779.3285307754466,1585.5183819794133
921.0961928567331,779.5644126883457,1585.4042041535458
920.5902575628588,779.7341888968574,1585.4215459946577
920.1383023205789,779.8398113912482,1585.5590579008133
919.7361516591103,779.8856642696512,1585.7942739121572
919.3810305070982,779.8784811911165,1586.1000496715249
919.0745884670354,779.8235692984138,1586.448788520969
918.8231384856626,779.7260969119686,1586.815801694097
918.6328855658415,779.5961298198526,1587.181140393183
918.504699919514,779.449057648497,1587.530789468337
918.4345180705315,779.2991578460845,1587.8563183686317
918.4178779263007,779.154223092483,1588.151562230831
918.4532325769821,779.0164968141097,1588.4081218938143
918.5425775363902,778.886880242632,1588.6144352860044
918.6897774032133,778.7693228089437,1588.7631543775808
918.8979333621103,778.6742555896577,1588.8637182191615
919.1690664106713,778.6184622299979,1588.9461385361399
919.5062862323628,778.6195686263387,1589.0470556427126
919.9162374662683,778.6866419895837,1589.1875766378412
920.4106314210367,778.8125525643887,1589.3596181397158
921.0041028404042,778.9766370687933,1589.5291948757172
921.707743766174,779.1580886899725,1589.654286234279
922.5229905350719,779.3484220574684,1589.7080527133785
923.4410146819544,779.551983149956,1589.6965572317695
924.4478867901262,779.7770503914896,1589.665357207994
925.5281602443142,780.0318881566978,1589.6934172248705
926.663134281786,780.3294702364931,1589.8686517811695
927.8314472038311,780.6844967157914,1590.2437675079334
929.0148084155916,781.097620627092,1590.7952601052148
930.202041269268,781.5482057401559,1591.4222858376202
931.3877191646261,782.005991204152,1591.991105794722
932.5667432994195,782.4473243050672,1592.38873057003
933.7293388014971,782.8652578466903,1592.5526889800901
934.8620820390331,783.2684368798781,1592.473291095352
935.9552180622293,783.6676652919524,1592.1792997987236
937.0088789584165,784.0661748481409,1591.7191985329541
938.0308319790822,784.4638275362182,1591.1468910093758
939.0287401039371,784.8624650891608,1590.514328268161
940.0059420618161,785.2654563472603,1589.8684837588223
940.9622247438626,785.6762109535318,1589.2484880805766
941.8953217728932,786.0945858598088,1588.6819013688425
942.8030054172721,786.5123120282691,1588.183451755905
943.6850127999232,786.9129812170856,1587.757747962834
944.5403546901148,787.2778520950213,1587.4049149570747
945.3620855621588,787.5941216876572,1587.127159084678
946.1362041919706,787.8576737397609,1586.9318030372565
946.8468780863941,788.0667608190145,1586.8286334444197
947.4831664509954,788.2130963881027,1586.8235924283567
948.0387695294633,788.2810880068371,1586.913906332577
948.5071347974459,788.258953852421,1587.0890642827076
948.881082790089,788.149043119786,1587.3340487622866
949.155710889139,787.9652269377293,1587.6301907894413
949.3302601022127,787.7230914526772,1587.9553347198525
949.4078936140983,787.435074995758,1588.2854875181397
949.3923258526355,787.1125136575558,1588.5981002597218
949.2845873952475,786.7677065309181,1588.8750862442039
949.0838691486841,786.4133806810604,1589.1019169669548
948.7905292856831,786.0607140521313,1589.2630806922234
948.4072062193151,785.7172651524784,1589.3406014106483
947.9369941485082,785.387947938647,1589.3190712688647
947.3818063620154,785.0773710506227,1589.1916241264503
946.7423652380327,784.7913197366425,1588.9654241678593
946.0183775857968,784.5377873696308,1588.6679661954547
945.2101923442319,784.3234549197389,1588.3434673362742
944.31956878539,784.1481203449738,1588.0352003715532
943.3453554769361,784.0068080684734,1587.769585468982
942.2816204108854,783.8963990118547,1587.5525426004172
941.1228136502921,783.8182379997902,1587.3737176708255
939.8677389794243,783.7775312623983,1587.2131683293608
938.5209689646787,783.7803882496228,1587.0495792907427
937.0957289921871,783.8292436400644,1586.8717387122356
935.6152072642036,783.9220298646966,1586.691488199309
934.1083919839688,784.0572375080133,1586.5507170586684
932.6026323089894,784.2391401347944,1586.5106503473803
931.1187026987923,784.4745021402866,1586.6163587101707
929.670719939941,784.7618942422694,1586.8590154645835
928.2678916917835,785.0876299938211,1587.1761593924177
926.9154211752198,785.436434571842,1587.4911654455161
925.6160106179061,785.8046999871966,1587.7490984651195
924.3742769050639,786.1991952859247,1587.9228737877745
923.2015828567379,786.6235991706486,1588.0021269987012
922.1141592321819,787.071043561675,1587.9833100323453
921.1249210077431,787.5277260101874,1587.867783517767
920.2390221472576,787.9768358342411,1587.6652926394559
919.4561301892201,788.4000770604091,1587.3965838777922
918.773882802369,788.7799353636726,1587.0905935609087
918.188096223407,789.1033595423637,1586.7774005070385
917.6896027667017,789.36560155723,1586.4836531273218
917.2637546237887,789.5681728816138,1586.2319270364042
916.8953648283806,789.7132037615512,1586.0403344567726
916.5729097391048,789.8039051572497,1585.9220634363132
916.2885592824701,789.8487970046667,1585.8846768116268
916.0363311235475,789.8618578385875,1585.9292642560201
915.8097111180277,789.8592460342167,1586.0513832774418
915.6000355624506,789.857774344018,1586.2434040709995
915.3987010773478,789.874079705609,1586.4955858278158
915.2024960163646,789.9203131515084,1586.7944439453745
915.0158101796819,790.0013012625849,1587.1216303690474
914.8473672458341,790.119080794481,1587.4582100536063
914.7062969072441,790.2786626812912,1587.7910965253302
914.6011125998637,790.4870735299227,1588.1128662390493
914.5401561643451,790.7488755512408,1588.4156560034025
914.5312898986284,791.0650607347857,1588.6871538191854
914.5818105089176,791.4350653317574,1588.9119032769922
914.6994642534968,791.8584496906803,1589.077654913065
914.8931858327372,792.3342168465095,1589.1842521427411
915.1730917927249,792.8601136047965,1589.2486684800833
915.5494422708034,793.4350092569427,1589.2999507777959
916.0315441477113,794.0574963643616,1589.3643004030664
916.6281564518478,794.7183509628254,1589.4502456256055
917.3483200092471,795.3977789030372,1589.5446686008675
918.2012338186112,796.0711139549562,1589.621715603017
919.1939577503858,796.7173450172065,1589.6600799361934
920.3273770444032,797.3248650930705,1589.6605673239628
921.5935616326234,797.8906204697968,1589.6549777707116
922.975547452535,798.4165091301294,1589.7004688915827
924.449746530089,798.9083390623291,1589.8588890068359
925.991981829101,799.3728190927362,1590.1654884683862
927.5823725964007,799.8112525296909,1590.599914890229
929.204689862766,800.2170909661525,1591.082094937523
930.8452289301604,800.578038536736,1591.5015297236328
932.4929479158558,800.8831711076284,1591.761509105843
934.1369139732205,801.1342178789622,1591.8130987171871
935.7642474239974,801.3484446194216,1591.6624598706712
937.363568842022,801.5484479717144,1591.3532208930576
938.9302476549672,801.7505188690579,1590.9425954650214
940.4661180781646,801.9614931756751,1590.4850191991575
941.9740677878304,802.1826267129528,1590.0232147741558
943.4545355429746,802.413648333073,1589.5855420665457
944.9064769129108,802.6524481390533,1589.1901348822187
946.3281378251661,802.8928141420485,1588.85008855455
947.7147671866625,803.1261818146286,1588.5753804014448
949.0576008885595,803.3461701843837,1588.3738207188999
950.3465895199505,803.5506199458179,1588.2506002824985
951.5733321559591,803.7391354913128,1588.2053442767556
952.731953557828,803.9084393824701,1588.2296492841065
953.8179883324794,804.0524418472389,1588.307924976175
954.8266454168613,804.1663778706262,1588.4213538883732
955.7522103483798,804.2473582876029,1588.5514657734204
956.5869486681094,804.2957563558971,1588.6823063469894
957.3205167590827,804.3192031967188,1588.8023461070627
957.9443525974207,804.3278336771081,1588.9035221544605
958.4558401400785,804.3259596027837,1588.9781147406277
958.8547920487289,804.3144501135237,1589.017957474683
959.1386032961788,804.2986405918141,1589.0160074509615
959.3043382470614,804.2900637953012,1588.9671571314727
959.3533531896227,804.300395556631,1588.8659140202021
959.2908963928772,804.3349903438807,1588.7044143639919
959.1220375572465,804.3936736752981,1588.4759805386673
958.850184882132,804.4760997818403,1588.1797922248547
958.478884056716,804.5838621959349,1587.8205785298082
958.0113241797761,804.7180449967781,1587.406655666426
957.4466442221855,804.8775443446233,1586.951831728103
956.7795931850724,805.06179135733,1586.4785263129143
956.0054303713281,805.2727655053213,1586.0128431697449
955.1232397373997,805.5128758506586,1585.5722881632655
954.1338593623653,805.7836876611598,1585.159406199638
953.0374626747289,806.0863884134171,1584.7676844304438
951.8356763442924,806.4219209141083,1584.396432838628
950.535943891836,806.7918768984151,1584.0676725262883
949.1540373814157,807.199465650064,1583.8312451106578
947.7132009835457,807.6469653652189,1583.7437412892898
946.2374322374961,808.1291202551106,1583.8261558993474
944.7420970281023,808.628637503717,1584.0347861059943
943.2328166756564,809.1214637368281,1584.277788109577
941.7122414348501,809.5933204812478,1584.464726955234
940.1855660890509,810.0520939552773,1584.5430748441404
938.6649425787966,810.5171740339582,1584.4976292443719
937.1725267718944,810.9971678574387,1584.3336934994686
935.7351047378556,811.483184095619,1584.0705729933502
934.3730609164387,811.9597759132471,1583.7439953769278
933.0965888706723,812.4123679007198,1583.4041209503685
931.909472709333,812.8242399580267,1583.1068524061432
930.8086748533173,813.1788444972959,1582.9042345719058
929.7819839823284,813.4671213451638,1582.8350617829224
928.8117610558958,813.688194055505,1582.916223132482
927.8805559570878,813.8479915391152,1583.1410522688134
926.9762748373522,813.9561613659721,1583.4852435094192
926.096071283806,814.0212129811014,1583.9137446711575
925.2434220973964,814.0519428902509,1584.3875600546935
924.4222601901528,814.0592465529486,1584.872651771271
923.6369813567493,814.0501881762217,1585.3455413188067
922.8943427994877,814.0231894228984,1585.7923438930716
922.201099475371,813.9741043218245,1586.2078062940436
921.5625630352013,813.9050542566944,1586.594102865392
920.9832533094274,813.8248054186398,1586.9558032836455
920.4654065167225,813.7450660715194,1587.2957124008606
920.0092504513848,813.6773574180806,1587.6130523658458
919.6159844114447,813.6294764010299,1587.9035048990968
919.2874721865753,813.6059591543138,1588.162290113955
919.0245733056285,813.6126858398269,1588.3856103636936
918.8299725560616,813.656687173844,1588.5679765471514
918.7127942422175,813.7403079648386,1588.7013334594756
918.6873026843209,813.8605537585624,1588.7817684063662
918.7653650159112,814.0161480311754,1588.8206373933804
918.9523403654239,814.2101698729649,1588.8461398768063
919.2517384256921,814.4425007348,1588.8872193320474
919.6717223846429,814.7019076293609,1588.953864844316
920.2241750113769,814.968365827228,1589.0327405961762
920.916731505872,815.2238501023681,1589.0984749526613
921.749111110575,815.4579266953837,1589.1285140151908
922.717779312329,815.6630744903282,1589.1129531856325
923.8167350841645,815.8333756865659,1589.0591120326062
925.0309067411711,815.971797202617,1588.9934279273639
926.3347079064398,816.0928143244764,1588.9576417029318
927.6978624264989,816.2160071567945,1588.9944300572583
929.0915712218684,816.3586539210355,1589.124393436303
930.4942320255733,816.5298287009487,1589.3243978096903
931.8948343376621,816.72612983698,1589.5258490380988
933.2925316646827,816.9326767448146,1589.6433541909928
934.6909886317239,817.1324107080229,1589.6152862535203
936.0864840660929,817.3171519082254,1589.4267270041933
937.4619676379039,817.4879106202142,1589.10423845831
938.7948566782275,817.6479058585285,1588.6970806030124
940.0666848024282,817.7992581725871,1588.2633806716883
941.2661017769001,817.9425710409163,1587.8597237606584
942.3881905251668,818.076867539132,1587.5299674256908
943.4331934433866,818.198989656691,1587.300334168618
944.4056348752273,818.3036522300898,1587.1812503607468
945.3121180294501,818.3892259619669,1587.1718832235374
946.1587969017432,818.4619706225127,1587.2635763090434
946.9520816615434,818.5289056226964,1587.4382523938016
947.6980681542574,818.5911470058454,1587.6677648311804
948.3980595179254,818.6482981782492,1587.9203703516093
949.0469096115605,818.7024003652116,1588.1693768053883
949.6370967160709,818.7527879632537,1588.397335518869
950.1641430279736,818.7914889509833,1588.5951725812865
950.628023662434,818.8068367925036,1588.7591915113567
951.0289965635986,818.7904823398874,1588.8884963647054
951.3625207608212,818.7423490868277,1588.9842467457372
951.6196402205056,818.6706966413192,1589.049251335455
951.7918264811748,818.5869093930537,1589.0851991965612
951.8740211905221,818.4995430140274,1589.0887002604013
951.8641209322273,818.4134141822724,1589.050346270793
951.7606261098681,818.3343739583165,1588.9588284094505
951.5612882997026,818.2718474563903,1588.8059939450122
951.2652191697051,818.2332668044396,1588.5872954109711
950.8748892651417,818.218156783354,1588.3007940843659
950.3938227582603,818.2216037266953,1587.9522568107686
949.8218524929816,818.2440577810855,1587.5638761685618
949.1532845326759,818.2946946230088,1587.1741510216348
948.3815592755304,818.3817477796043,1586.8240891702267
947.5036700003668,818.5038181407119,1586.5422506417517
946.5176531182736,818.6546236032323,1586.3386404557482
945.4206847382488,818.8298211802991,1586.2043346289088
944.2117495585461,819.0285603274959,1586.1174791958704
942.8932177563358,819.2556467401484,1586.0591057292236
941.4728460370212,819.5218442706441,1586.0345638305641
939.968760043211,819.8394554677218,1586.0896024190206
938.4098171127484,820.220979046574,1586.3035205327956
936.8266877369806,820.680478931434,1586.745092204547
935.2414300787776,821.2249817055908,1587.4087792953817
933.6657373982258,821.8402237937213,1588.1884760787095
932.1098190927694,822.4912574484282,1588.9226512503026
930.5908169958059,823.1415405116248,1589.4676853179965
929.130933483178,823.7704041976349,1589.7384053160215
927.7533639195634,824.3709286204543,1589.7113836964813
926.482451965463,824.9383353170795,1589.4207021668165
925.3405224945458,825.4694579107887,1588.9542271022922
924.340646324465,825.9702955778677,1588.4363890548489
923.4842374425014,826.4555168782465,1587.9950114926673
922.7648905699458,826.9382205031429,1587.7277851723884
922.1721981809629,827.4234089153814,1587.68416431347
921.6924026517717,827.9140232729341,1587.8664612447185
921.3100565546796,828.4178536041595,1588.2421985292933
921.0151667009844,828.9399028887999,1588.7583238681984
920.8076517783226,829.4717067039685,1589.3539859515645
920.6890900280551,829.9970112742942,1589.9702360063952
920.6511253690297,830.5042664402035,1590.5549724876596
920.6749581766924,830.9882701714097,1591.0662639873015
920.7389516679559,831.4454385033825,1591.477132974631
920.8234968758334,831.8725305850623,1591.7790418859456
920.911151513186,832.2669820243734,1591.9803132462405
920.9870113367896,832.6256225474049,1592.099355872993
921.0403516097297,832.9450738349319,1592.1573761532666
921.065104984139,833.2259840137514,1592.1757538515299
921.06055309033,833.4754434152096,1592.176104993806
921.0326622327825,833.7037601938962,1592.1768674994203
920.9924380134679,833.9206507455907,1592.186971603999
920.9517856566926,834.1341687159069,1592.2039216825756
920.9216645388624,834.3501625047871,1592.2186013937537
920.9132501347418,834.5721839312766,1592.2216511573424
920.9387307357908,834.8033938298734,1592.2086675647588
921.0112796122731,835.0481913217693,1592.1853831214248
921.145476557477,835.3111186656035,1592.17094750701
921.3574612090658,835.5939812207492,1592.1931859524561
921.6640476091702,835.8924370769689,1592.2737109018396
922.0803953292846,836.1962720081831,1592.4137195884637
922.6179361295584,836.494977749431,1592.5928927041523
923.2845324577438,836.781089271763,1592.7787710536336
924.0836112264061,837.0495358858687,1592.937856651302
925.0123112212322,837.2977274143284,1593.0460645823532
926.0636150369319,837.5252399030278,1593.098324078669
927.2280340792057,837.7340628096619,1593.1152328300227
928.490312759671,837.9317718700419,1593.1430875264566
929.8283533283943,838.1322005301249,1593.2398461359605
931.2181671876267,838.3503608066582,1593.4421138708626
932.6405302037494,838.592892697716,1593.7262923819183
934.083594083124,838.8494695587832,1593.9965633323557
935.5397998107752,839.0963790581714,1594.1205235632124
937.0030169961523,839.3106442305715,1593.9898933712689
938.4665210519197,839.4820587390857,1593.5638530141216
939.9195436178107,839.6150538320526,1592.8746576716605
941.3485609397992,839.7202852350122,1592.0042566041016
942.7428009729415,839.8071345409392,1591.0554093036103
944.0967669354205,839.8818136988194,1590.130191342409
945.4091156405103,839.9458323979352,1589.3120315327317
946.6796649394528,839.9962874214093,1588.653117375448
947.9075523576971,840.0274499654296,1588.1738112827995
949.0907192302201,840.0331032137811,1587.8727478306987
950.2230622467688,840.0125154088219,1587.7400882741047
951.2936029422318,839.9716435731096,1587.7618897457357
952.2905501653196,839.91581663157,1587.9150827375895
953.2027226704404,839.8444972442826,1588.1664402270976
954.01676428379,839.7523405506547,1588.4782219147169
954.7157975973314,839.6347157445391,1588.8153770178967
955.2825906359465,839.4925166875989,1589.1516790967703
955.7063385868016,839.3282578225987,1589.4711420699527
955.9874758984242,839.1375445410927,1589.7652694430983
956.1359562667461,838.9083214376656,1590.0291470097568
956.1642287915304,838.630755655025,1590.2580776873615
956.080208838546,838.3070426477116,1590.4474438285934
955.8862055234058,837.9506799854449,1590.5939522880224
955.5842982377568,837.5785744958395,1590.6931309460285
955.1822226491125,837.2041337649775,1590.734524227167
954.6935226226881,836.8339137355146,1590.7012975432835
954.1318973976825,836.4690653209783,1590.5766604359212
953.5055650570044,836.1112000135283,1590.353420329689
952.8158633056939,835.7673440145563,1590.0423343559023
952.0596998023077,835.4479878071945,1589.6738184370683
951.2331452140139,835.1596626067294,1589.2893337521487
950.3331070843033,834.9010727244507,1588.9294902059664
949.3556114945221,834.6679126184256,1588.627027270029
948.2930628746392,834.4595427324498,1588.4006223182068
947.1349976217575,834.2789505578099,1588.246962092658
945.8716364618069,834.1291970440454,1588.1415043231714
944.4974979059331,834.0122525253223,1588.054584232925
943.0157716029745,833.9304109244747,1587.9768879345181
941.4404781857282,833.8904936999049,1587.9425723641893
939.7929716207531,833.9072109334932,1588.027578152836
938.0944501364936,834.0000403420632,1588.3042246802197
936.3588769703435,834.184596764368,1588.779576458825
934.5932371939357,834.4647375643078,1589.3777240222737
932.8056154697907,834.8320321543082,1589.980752578018
931.0125995717206,835.2710104832084,1590.481719536474
929.2400252913202,835.7637834387297,1590.810976659271
927.5180040838122,836.292787862501,1590.9409212157464
925.8737253586203,836.8432130185697,1590.8853089377822
924.3247061238014,837.4071626109599,1590.6939616192067
922.8759719116728,837.9867738102371,1590.4380187969255
921.5227509147509,838.5892844505634,1590.1878805322406
920.2545147448405,839.21983754793,1589.9959093270932
919.0591484520451,839.8806549808536,1589.8929525568874
917.9297556261653,840.5691063416311,1589.8902277899845
916.867314408216,841.2764179068952,1589.9809579703854
915.8745136334804,841.9964409115555,1590.1484920196783
914.9512059654614,842.7301145649603,1590.3763868754656
914.0964763793373,843.4761836539673,1590.6501966919027
913.3105920312973,844.2239621316364,1590.9531998890325
912.5938360900606,844.9568480377105,1591.2641344224273
911.9444758517234,845.6599472823215,1591.561632102173
911.3590148634153,846.3236183748463,1591.8307661339504
910.8331405502454,846.9429146526564,1592.0641843920525
910.3606211707366,847.5166912889949,1592.2599235847283
909.935484202789,848.043052982873,1592.4192586527954
909.5559929695145,848.516573412769,1592.544651728083
909.2218986622111,848.9361594180199,1592.6388351132184
908.931148130184,849.3102622838688,1592.703181860833
908.6835523443177,849.6493986797293,1592.7348199701742
908.4845642794425,849.9585872068691,1592.7258915932903
908.3432449361889,850.2384114290396,1592.666685960644
908.2672421276517,850.4900681234833,1592.5505328307481
908.2605927131941,850.7174808870972,1592.375287881708
908.3258580736732,850.9243230781356,1592.141426792008
908.4656228982832,851.111503478627,1591.8549523989766
908.6818056604608,851.2802114728984,1591.536370887601
908.9767513205833,851.4351260931793,1591.2222829439538
909.3562627613985,851.5792180416497,1590.949108414301
909.830628269919,851.7059264886884,1590.7310362118203
910.411406023479,851.802200418768,1590.5534152803855
911.105766967192,851.8583657004759,1590.383950769349
911.9138893370088,851.869469811688,1590.1900980004057
912.8316975594096,851.8282861118588,1589.9549518494446
913.8520169488485,851.7249296706732,1589.6907378808853
914.9609178260334,851.5559738697865,1589.4470617804297
916.1365093220918,851.3276352527068,1589.299025241907
917.3517367184389,851.0485814957382,1589.3088746985534
918.5789825684528,850.7213174825572,1589.4846193455746
919.7978413714916,850.3351216878517,1589.7681129439466
920.9994028805696,849.868144647011,1590.0629908603064
922.1818883906882,849.3035207475727,1590.2795572054024
923.3458238404207,848.6427643954663,1590.3645567894832
924.4922385209504,847.9051916758362,1590.3075616163023
925.6206920812094,847.1212634489403,1590.1329337274658
926.729756611509,846.3242943255452,1589.8832670220495
927.8190872691325,845.543090994174,1589.6011488626089
928.8887050539034,844.7999493559739,1589.319382529782
929.9380489786575,844.1107127148659,1589.0610841914608
930.966197573259,843.482964568383,1588.842294535014
931.9705239875424,842.9143604934409,1588.6727058669371
932.945381779258,842.3933946819006,1588.5557876511684
933.8836509660723,841.9011065722768,1588.4903723723864
934.7782388965932,841.414867223452,1588.4746849001726
935.6214555222816,840.9152356562911,1588.509791186512
936.4049594560169,840.3884205003719,1588.5978485462558
937.1203374936002,839.8237983091474,1588.7378845050412
937.7593581691334,839.2139188906926,1588.923217194709
938.3152807628594,838.55535210012,1589.1392022880382
938.7844045959696,837.8476346703043,1589.3643102308229
939.165641921766,837.0932332801488,1589.5776653396722
939.4574499814983,836.2998740309051,1589.7645502889889
939.6563707691439,835.4813301611385,1589.9138992863489
939.7619250097764,834.6516625278459,1590.0148166825736
939.7805031392209,833.8191785143495,1590.0576244274343
939.7206353535997,832.9895744368303,1590.0368906641133
939.5875735784853,832.1719664840599,1589.9522746376917
939.3845655188268,831.3768648320889,1589.804988956349
939.1158690788619,830.6095507284368,1589.5939673024434
938.7864392780868,829.8689664885951,1589.3181176161079
938.3998562680872,829.1522982523433,1588.983571560883
937.957822639752,828.4587574302678,1588.6097799050174
937.461393695034,827.7904783008353,1588.2307443206723
936.910441533222,827.152292130944,1587.8910422509446
936.3010551284442,826.5510799394395,1587.635890840285
935.6256214325695,825.9934553784464,1587.496176027884
934.875552190864,825.4840254089418,1587.4761118179374
934.0416992216858,825.0280208130155,1587.5518169219006
933.1141325327652,824.63250406073,1587.681630047589
932.0865110465004,824.301936603801,1587.825386063425
930.9609585033465,824.0371991535224,1587.9696710116548
929.7472602462028,823.8413538240484,1588.1451767216
928.4582053865645,823.7235523661178,1588.4118713129542
927.1034374266887,823.6965261248771,1588.8123451894974
925.687851012133,823.7681339059541,1589.3356413012525
924.2193707072499,823.9339866925893,1589.92699548002
922.7145475569749,824.181851549668,1590.521165718216
921.1960997746833,824.4999049332583,1591.0561866766784
919.6911059043728,824.8754017303057,1591.4712864694693
918.2289871579577,825.2925606151623,1591.7159726299778
916.834751522187,825.7387838311646,1591.7666986672186
915.5239894508932,826.2096823928719,1591.634068109297
914.3046483888157,826.7054260600441,1591.3560695727592
913.1797677969759,827.2248509810047,1590.9813682406514
912.1483536851485,827.762938754873,1590.5538181693173
911.2084766732796,828.3094175607033,1590.1066816191183
910.3597108524204,828.8486419607748,1589.6642264220616
909.6017329134366,829.3620278535226,1589.2474923805657
908.9326425596647,829.8314227810736,1588.8797150927574
908.3470780915602,830.2443528862631,1588.5856036080588
907.8362899808238,830.5971179140654,1588.3853722669908
907.3936753374062,830.8895587975082,1588.2881223430327
907.0171014723735,831.1202125459874,1588.289732480758
906.7028189598441,831.2892738071668,1588.3749688308792
906.441082697769,831.4013506204915,1588.5190444994942
906.2192345724334,831.464764402996,1588.6922201307566
906.0276478258808,831.489744232148,1588.8693077081336
905.8636038425059,831.4843836431087,1589.0347099536775
905.7301842757058,831.4529456583989,1589.1798354882721
905.6321408804604,831.3997838780078,1589.2998605995815
905.5736427260609,831.3322684097227,1589.3923840607406
905.5584303587308,831.2592169205479,1589.455170217799
905.5903026540377,831.1889091793792,1589.4840167165687
905.673598663516,831.128878130434,1589.473763804327
905.8135603187689,831.0852006778189,1589.4208514493541
906.0150754435169,831.0610264168595,1589.3245413548375
906.2812120983183,831.0560697216343,1589.1876513382192
906.6152551252904,831.0672989038752,1589.0190137844563
907.0233943794284,831.092375908889,1588.8362862505437
907.5125204133066,831.1350617249468,1588.6630157090588
908.0863977231261,831.2054538862378,1588.5169438241612
908.7466436065163,831.3119977518397,1588.4001260769667
909.495907647552,831.4542295261026,1588.3049923470112
910.3375043275898,831.6263192767922,1588.2340176500127
911.2737826408786,831.8276773615687,1588.2154418663774
912.3069208560356,832.0672706461805,1588.2957616210676
913.439527731894,832.3549097944153,1588.5044503856905
914.6741149839677,832.6863667885318,1588.819164655461
916.0134586953986,833.0377929007147,1589.1746677118595
917.4568322081318,833.3794845766198,1589.5118409883553
918.9906927483341,833.6968286645802,1589.8084649162242
920.5867226329789,833.9939623883679,1590.0637694768554
922.2105596645123,834.2796631777811,1590.2723847966965
923.8276517754367,834.5582417641282,1590.4183140388072
925.4030963423947,834.8327864575182,1590.4821038012828
926.9051398615595,835.1083768081592,1590.4492635685692
928.312491475529,835.3905201981504,1590.3164482352722
929.6168902956349,835.6848488185243,1590.0925744525073
930.8198617687891,835.9978601940655,1589.7952033661918
931.928377844944,836.3338015965236,1589.4465507116336
932.9513720820361,836.6913187416731,1589.0696703305239
933.8967848068817,837.0664269125153,1588.6839966786365
934.7685518532508,837.4582516254251,1588.3035578986467
935.5643704093823,837.8703017203329,1587.9399122859782
936.2781105633426,838.3058638193154,1587.605767815842
936.906049755529,838.7616998526396,1587.3150559038722
937.4489645020501,839.2275604594286,1587.0827486844512
937.9100043048259,839.6919097147348,1586.9264735547308
938.2938453624724,840.1464224528028,1586.8636132887984
938.606705585125,840.5860750564325,1586.9024287552274
938.8570331851823,841.0058695265423,1587.0355707766025
939.0563090076585,841.3963683366483,1587.2406964135284
939.2164713435369,841.7431221490392,1587.4857470288948
939.3454492366413,842.0321071545799,1587.7366608608365
939.4438593395795,842.2562570611809,1587.965081202476
939.502981566352,842.418131885765,1588.1518858956497
939.5067227737602,842.5281575085525,1588.28508015088
939.437732604738,842.6007371855283,1588.3559465909673
939.2821231484679,842.6502507602122,1588.357557612823
939.030449367738,842.6884582923603,1588.2851770657837
938.6775809101845,842.7244427141475,1588.136763643588
938.2233189268259,842.7650908266744,1587.9147215866237
937.6715300055181,842.814854331498,1587.6309859210826
937.026957488657,842.8772128692849,1587.3122734034068
936.293054607809,842.9586670824481,1586.9985471106752
935.4713574323151,843.0710637149804,1586.7336950986808
934.5608255964548,843.2283819351626,1586.553905263279
933.5582854698321,843.4416657241788,1586.476591288918
932.4607763688609,843.7163035160743,1586.4901123364511
931.2680722423938,844.0511343141395,1586.5509521706783
929.9841510063824,844.4399069555692,1586.5975017620274
928.6192395180449,844.8739316724995,1586.5803055958368
927.1916244991583,845.3463694369084,1586.5002475817737
925.7249009786948,845.8592367460471,1586.4296787420576
924.2415565868034,846.4245552000096,1586.477731860862
922.75841645072,847.0542647125368,1586.7064412217032
921.2886045600167,847.7442769929163,1587.073191335738
919.8478258605236,848.4671361863125,1587.4559894098445
918.4551561577684,849.1876067565738,1587.7280953279746
917.1281701140172,849.8847858829816,1587.8152878388044
915.8818128633488,850.5540768304162,1587.7141491070408
914.7288579983527,851.1982032207424,1587.4835890909897
913.6746921712968,851.8267965311661,1587.2198765420185
912.7117840246136,852.4598243140072,1587.0242308869501
911.8215139504961,853.1247369899081,1586.974196439623
910.9812549676578,853.8494859218115,1587.1065584119006
910.1720801230231,854.6571302188662,1587.4153651394424
909.3848093576718,855.5623021852032,1587.8628890082382
908.6235086596929,856.5669795320861,1588.3947381765538
907.9055881149367,857.6578619029134,1588.9519111143788
907.256822206084,858.8093838756622,1589.4789166821288
906.7032115630703,859.9911853583479,1589.9301295173514
906.264196601788,861.1757991923251,1590.2764166287063
905.9496410416278,862.341452597654,1590.5084745192837
905.7606371881245,863.4693011034384,1590.63201467277
905.6914135316954,864.5423443117901,1590.6599435320782
905.7314135909309,865.5484628394155,1590.60832587214
905.8700236015444,866.4800522297063,1590.4940426011017
906.1004248786498,867.3312922663516,1590.332578849201
906.4173143251109,868.1005612708373,1590.138956845231
906.8134462283066,868.7927100155628,1589.9293156691358
907.2805167426488,869.415412871121,1589.71682455407
907.8117878709571,869.9743080044889,1589.5048706301736
908.4028304119197,870.4720079709248,1589.28683444821
909.0504456276235,870.9110339667234,1589.0535416354337
909.7522715867822,871.2962791473353,1588.8024071203859
910.5066266614299,871.6355980494743,1588.5455630893462
911.311508060979,871.9410041214704,1588.3148947493783
912.1657382281497,872.2288093922735,1588.1570561440208
913.0721557097622,872.5149704004024,1588.1153815206958
914.0400532314908,872.8068782524032,1588.2084568256691
915.0852378330818,873.1000403949702,1588.419623365978
916.2259360303876,873.3849984658214,1588.7023249215376
917.4778275410633,873.6546685655381,1588.9958099122314
918.8524524092637,873.9054151909295,1589.2455353332773
920.3559431621065,874.1393566016178,1589.425086702492
921.9855858934529,874.3666260201368,1589.5493241503395
923.7271946770189,874.6025915499415,1589.6669250948135
925.5569353833489,874.8646706469484,1589.8344686514658
927.4477549591339,875.1675206606611,1590.082458185286
929.3753418703503,875.5148467207711,1590.3878928174493
931.319451371194,875.8967117062642,1590.6748830619897
933.2628305106471,876.2952190724216,1590.8473696605647
935.1907552351485,876.6919161444035,1590.8292162039997
937.0904562108576,877.0743792149176,1590.5874906890926
938.9504136269495,877.4403804280578,1590.1335304112574
940.7602023244253,877.7973646101835,1589.510763163424
942.5105396358637,878.1575572470056,1588.779681092846
944.1946160602479,878.5297608182137,1588.0016651048686
945.8092794800235,878.9151752065832,1587.2258434472012
947.354155434582,879.310489522771,1586.487348338405
948.8308875800452,879.7094422743553,1585.8132729660013
950.2421494897769,880.1019895832455,1585.2269018747713
951.589593789183,880.4762833020973,1584.7481755768247
952.8741304295809,880.8197266508056,1584.3913912745165
954.0967148880217,881.1197223065839,1584.1631011185655
955.2554788207508,881.3680044638733,1584.0628141634118
956.3442857246077,881.5603003655077,1584.0818473950549
957.3546317726073,881.691239131327,1584.1992226537993
958.2755500081131,881.7552896222961,1584.3829395472567
959.0933259419306,881.7496907116791,1584.5986340056181
959.7933101922133,881.6728550283055,1584.8173888511647
960.3609000365775,881.5243426561032,1585.0169126335036
960.7822792411034,881.3091222482999,1585.1797324394706
961.0472270419043,881.0378488190746,1585.2934912870278
961.153139488574,880.7206280495355,1585.3515969006066
961.1059475486478,880.3635505384264,1585.3520260092316
960.9155478306868,879.9708006137324,1585.295410580936
960.5918341352382,879.5465371060548,1585.1825350228023
960.1453032226325,879.0953952371428,1585.0121526137918
959.586449373396,878.6242627145491,1584.7834647378445
958.9224776882266,878.1448453693921,1584.5038045517201
958.1573947962021,877.671006252456,1584.192870452878
957.295880173073,877.2104820998212,1583.8791182662792
956.3445571700911,876.7627466395314,1583.5960290931514
955.3077873221614,876.3278017648538,1583.3811787883976
954.1830743643619,875.9148383168404,1583.270301297694
952.9626166699325,875.5372594983722,1583.2818893805118
951.6392847482904,875.1985599449298,1583.4006827153964
950.2080908184613,874.89332982373,1583.5789187113892
948.6634794775977,874.6241864265115,1583.762724597606
947.0035785030921,874.4050211716317,1583.9253514244497
945.2391337152463,874.2483234484978,1584.0855585590914
943.3926377541432,874.161320379098,1584.2981582390294
941.4868090361751,874.1519622072689,1584.6120407467404
939.535925281061,874.2287205455817,1585.0223223314333
937.549775043329,874.3920009482678,1585.4600230373076
935.5439860818905,874.6286830027595,1585.8241389700875
933.5436312840854,874.918892075308,1586.0267166037265
931.5810896217176,875.246013195969,1586.0271871609125
929.6941890852527,875.5975274639941,1585.8442481864706
927.9195264323832,875.9644073690623,1585.5456275715524
926.2799887104939,876.3475067123012,1585.227649489826
924.7770060228313,876.761234193676,1584.992441306617
923.3947437653715,877.2276317058888,1584.9227207876943
922.1138141042791,877.7673617035642,1585.059043605087
920.9244071777354,878.3928389258739,1585.3899644131998
919.8298708229075,879.1046096412083,1585.8606007493145
918.8434386773185,879.891420965427,1586.3946697121041
917.9843919967003,880.7315973697961,1586.9157127718715
917.2737435098829,881.5933607254797,1587.3587025608888
916.7276211307633,882.436964234118,1587.6784612812608
916.3514492098185,883.2203911265722,1587.8577124565882
916.1399220731633,883.9055155810686,1587.907057060873
916.0795818954388,884.4650080573142,1587.8564804943996
916.1506459407776,884.8862574967342,1587.7439539314594
916.3315675156372,885.1664712868984,1587.6041184670298
916.6049302419392,885.3068128691665,1587.4614889130403
916.9599621900225,885.3129127891624,1587.3305160531945
917.3913106118496,885.1973913743384,1587.2183406784845
917.8953507381295,884.980231794093,1587.1265617124582
918.4673350159385,884.6850914568988,1587.0522932418457
919.1029198459032,884.3314148244162,1586.9877182505786
919.800493667368,883.9313913392682,1586.9201731357539
920.5596720654855,883.4965496473588,1586.8382406341195
921.3797389989877,883.0414167761035,1586.7401227990213
922.2607787550469,882.5805742257825,1586.6379309279357
923.2032974606409,882.12975093849,1586.5569939068419
924.2056823312233,881.7077446002338,1586.5256426501405
925.2645319287474,881.3302846670324,1586.5567234557043
926.3788744263838,881.0030252058694,1586.63584672755
927.552125496816,880.723954823448,1586.7277099390515
928.7887109169241,880.4910870069484,1586.7986216564007
930.0913911679677,880.3065424505503,1586.842138315118
931.4622106385257,880.1769140314957,1586.8864514482386
932.9026009695656,880.1105769484809,1586.9704450645859
934.412691403985,880.1094115646762,1587.1071087486403
935.9912699230882,880.1627623891663,1587.2730993801542
937.6321565577089,880.2532324452761,1587.4287963183122
939.3170547182635,880.3675313935906,1587.5334887378344
941.0128199053245,880.5023802287435,1587.5453443372858
942.6770379448186,880.6639350256305,1587.426620083839
944.2668133611214,880.8618911058686,1587.155367659132
945.7469329373758,881.1017308935756,1586.7310980999946
947.0970015868556,881.380822487643,1586.17277711153
948.3120321885073,881.6931079308048,1585.5140205579112
949.3950605426553,882.0375498213251,1584.8011500079238
950.3514715164449,882.41778960521,1584.0934997428571
951.1887189294807,882.8355842949654,1583.4605231154235
951.9171403477948,883.289192161797,1582.9716220724254
952.5498933206501,883.7749928849651,1582.6785637213932
953.1004110184792,884.2880864689242,1582.6025037949507
953.5789728911798,884.8230934676001,1582.7362704793381
953.9922646008388,885.3761881285408,1583.0550471317213
954.3440101203521,885.946221171546,1583.525040813597
954.6339046519298,886.533881619928,1584.1080065654191
954.8571238729486,887.1411260925931,1584.763326564036
955.0066724007467,887.7681516729077,1585.4497071957935
955.0774242312505,888.4081458716453,1586.1289282597347
955.0689801523224,889.0478199041536,1586.7698626224237
954.9846212256016,889.6730804278366,1587.3486193388883
954.8268513540437,890.2752957539733,1587.8469299422375
954.5945872852485,890.8558747721078,1588.2516032324093
954.2846004297697,891.4229640073517,1588.5534123011994
953.8940324647824,891.9828462579015,1588.7450825118005
953.4218241182509,892.5384156750275,1588.8203730901264
952.8686492399518,893.0947945469135,1588.775408785499
952.2360055139352,893.6599564076693,1588.6105483333288
951.5263832595845,894.2397009046854,1588.33377384279
950.7432692707944,894.8357054619503,1587.9679851892101
949.8892531310279,895.4467251431724,1587.5539590239753
948.9645871661852,896.0697456220711,1587.141284438308
947.9679342538417,896.6998860467411,1586.7741240096143
946.8962505571237,897.3295878893748,1586.4814621341657
945.7431695505747,897.9509461755761,1586.2732819126447
944.5004909518775,898.560403897548,1586.1389820024929
943.1616414068508,899.1632048446393,1586.0506879327486
941.7244112159772,899.7749455150592,1585.9752379712015
940.1961606604389,900.4129285990698,1585.8869074516601
938.5980122797997,901.0853565448801,1585.7775262450527
936.9616504595674,901.7951812374606,1585.6670630946735
935.3219129868396,902.5494301128755,1585.6027021273899
933.7095797361983,903.3566518293945,1585.633363972776
932.1461605388391,904.2179719460742,1585.7708787036013
930.642991284228,905.1247454923706,1585.968788556722
929.2045321384431,906.0630478414635,1586.1410183399657
927.8345044259786,907.0172317887143,1586.203352386707
926.5415467469218,907.9710218169382,1586.1020402073816
925.3387535866262,908.9115812044693,1585.8222940120027
924.2396807974876,909.8327590569105,1585.3887641110632
923.2569997102743,910.7312824530621,1584.8611023420722
922.4012546957148,911.6039856637861,1584.3228321914678
921.6789971057334,912.449565809724,1583.8626681938877
921.0924621177898,913.2679491476447,1583.550667595978
920.6383578022669,914.0591439812207,1583.4207162867945
920.3083161679112,914.8247886613383,1583.4691811288908
920.0941095472363,915.566283816962,1583.6651062242254
919.9916668770284,916.2780748081401,1583.962270687181
919.9997802015546,916.9468887564828,1584.3098000379582
920.1170780522085,917.5602385643153,1584.6616155559743
920.3403277669358,918.1121146125735,1584.9832036151697
920.6641353319864,918.5992582416513,1585.2528236706414
921.0822588872644,919.014209896116,1585.457757421723
921.5899249582736,919.3434461474584,1585.591078711181
922.185198037363,919.5727385050156,1585.651315962305
922.8666928769344,919.695211500171,1585.6421654933995
923.6291136102986,919.7157404244039,1585.5704737001308
924.4643217064099,919.6469586582901,1585.4410546203735
925.3676540445163,919.5002103368802,1585.2506836697205
926.3393105416008,919.2829253095016,1584.989789587299
927.3793522244702,919.0048049425368,1584.6525907027274
928.4849913238043,918.6817286756684,1584.2453384066425
929.6535887166217,918.3325367650509,1583.787102468323
930.885789863739,917.9747684528031,1583.3049590713174
932.1836579637846,917.6232517287391,1582.823706199618
933.5473802402083,917.2890771367596,1582.3546085245205
934.9767717097453,916.976537719506,1581.894071063947
936.4751196764911,916.6812837488656,1581.4355191093548
938.0495367029972,916.3951224053457,1580.9903572473604
939.7082413828373,916.1157768493522,1580.6101120809237
941.4564697324037,915.853997927068,1580.392779126807
943.2904422169966,915.6341735985859,1580.453395086216
945.1954746973812,915.4808444328125,1580.8569760923099
947.1548300062851,915.3910546589607,1581.5590034155214
949.1584986133657,915.3243381877724,1582.418069295263
951.1972726468505,915.2304128308242,1583.273655955314
953.2499517475324,915.0835759361946,1584.0124466757334
955.283309957333,914.8886919805409,1584.5825489803683
957.2652854692681,914.6647286816197,1584.978700425948
959.1735525012231,914.4329166262311,1585.2239334267915
960.9942041597793,914.2147976864159,1585.3505254894144
962.7212362351036,914.0269120226817,1585.3822520009744
964.3577284644235,913.8747006207814,1585.3281796284796
965.9114062902142,913.7552266625958,1585.1900684085683
967.3872544350463,913.6652552671901,1584.971215507396
968.7852070747828,913.6060101590559,1584.6780038816032
970.1043781929209,913.5789660135279,1584.3174327690779
971.3476067200962,913.5783755045494,1583.8970271542482
972.5191403730131,913.5931942822668,1583.4290120578337
973.6194702631881,913.6156119174742,1582.9350151962876
974.6477189856083,913.6422103414722,1582.4446079631211
975.6066333280204,913.6709124180625,1581.9881287959984
976.5006550539787,913.7023074481856,1581.593227880101
977.333661984678,913.7377788430849,1581.2850985357927
978.1104465770292,913.7748987624875,1581.0824113507429
978.8353154235407,913.810322563234,1580.9914005726312
979.5087232820185,913.8441410620406,1581.003724797331
980.126831965663,913.8767395164523,1581.0982620880482
980.6835251121771,913.9045446725218,1581.2470659192263
981.1727337680163,913.9225205547706,1581.4225103006866
981.588489740049,913.929999879688,1581.5995918584188
981.9235994811925,913.932367741444,1581.7546162757633
982.1693415225749,913.9377909204012,1581.8661705004658
982.3140005254777,913.9536058236562,1581.9182548926647
982.3420535309814,913.9842380958353,1581.900653612251
982.2386748766448,914.0295427038808,1581.8060458992418
981.9942986437562,914.0853572137402,1581.629788169519
981.6025358987146,914.1484948502165,1581.375252947234
981.0553625586149,914.2219059011155,1581.0587552137697
980.343943801878,914.3123103352209,1580.70745973862
979.4654413735989,914.4220358274355,1580.352139145326
978.4253134184902,914.5475968692456,1580.0219720831
977.2315625204437,914.6863159800457,1579.7434838712443
975.8907486316256,914.839084818428,1579.5381290235837
974.4086161388755,915.008255257591,1579.4160548789312
972.7902946641731,915.1963650538803,1579.373084819036
971.0426006550458,915.404247472206,1579.3964479000729
969.1794942251862,915.631176571716,1579.478963575707
967.2224577697573,915.880855240297,1579.6372842641379
965.1950997482278,916.1626206433139,1579.9138647461257
963.1178227262842,916.4828984378205,1580.346553161017
961.002199235323,916.8391796156227,1580.9298995628526
958.8481528690965,917.2223653651038,1581.6069789107053
956.6501659740468,917.6221377783529,1582.295558192682
954.4089718582325,918.0285076056467,1582.91687565507
952.1391801428546,918.4291137383153,1583.4057126151379
949.8664943893004,918.8096761813761,1583.7126063529734
947.6177338445599,919.1600103096196,1583.8102046695449
945.4138546489112,919.481999680306,1583.7009477087665
943.2700220710682,919.7928542678864,1583.4200387002015
941.1982264040691,920.1174270103222,1583.0295755153215
939.2083591901524,920.4773869925785,1582.6043704388778
937.3069531480252,920.8887004265555,1582.2155461073069
935.4955888827843,921.3636359430482,1581.9194632471192
933.7736050564864,921.9072031238796,1581.7525133712104
932.1437581681889,922.5096950318836,1581.7269036256514
930.6122865368637,923.148503809186,1581.8318974416677
929.1842857090207,923.7998958388023,1582.0455414461815
927.8638517131686,924.4445459104714,1582.344433283956
926.6575242846393,925.0637044670091,1582.7014162899236
925.5733388124607,925.636365922713,1583.0824265365104
924.617697653607,926.1383744428335,1583.4522322550322
923.794378927292,926.5439798148082,1583.7826165845324
923.1022240288845,926.8356184980125,1584.0573644774547
922.5331205043648,927.0114537153038,1584.2735323809325
922.0770102922859,927.0771720711741,1584.4368960819806
921.7269574041334,927.0359403564441,1584.5546585531495
921.4763826431807,926.8914102314276,1584.6319441158757
921.3164807395806,926.6537832692227,1584.6715805447616
921.2392979069291,926.3382977432333,1584.673646650094
921.2406640467096,925.9597061461177,1584.635230414447
921.3199747953358,925.5286892503124,1584.5523291306765
921.4791961622728,925.0518491627528,1584.4239666063695
921.7211913049539,924.5355666794756,1584.2570144246365
922.0469356345099,923.9916538406703,1584.0706787679758
922.4551561573504,923.4385324901639,1583.8978301531188
922.9458886909053,922.8951804021854,1583.7769197256885
923.5224341378358,922.3758593225634,1583.737120184956
924.1902223825982,921.8890856143491,1583.7878224956755
924.9575550525899,921.4343086259801,1583.914762729249
925.8360112038595,921.0012316796781,1584.083092490192
926.8364438939232,920.5784493147505,1584.252336089815
927.9651159819348,920.1626830273291,1584.39733159638
929.2246891494705,919.7596587274727,1584.519076597581
930.6168270915018,919.3782931603888,1584.637669131959
932.1418628480044,919.0243968831071,1584.7742239225126
933.7965843072386,918.6975963894063,1584.9319018010399
935.570548549135,918.3930478906109,1585.0841125883271
937.4415101960294,918.1034475902188,1585.177558770365
939.3739484226135,917.8180785290563,1585.1503582205914
941.3208596836281,917.5269347673573,1584.9568537982498
943.229713627173,917.2278427231785,1584.5848693025007
945.0543010997752,916.925167399549,1584.0545454901896
946.7639831755808,916.6253222758737,1583.407241685725
948.3443109125359,916.336634920793,1582.6972061269123
949.7939813105424,916.0689307411756,1581.984559235466
951.1193153471696,915.8327536678838,1581.3277721580166
952.3275685084494,915.6397285446427,1580.7777392059365
953.4254948259008,915.4986577095794,1580.3719238849458
954.420383628355,915.4114119678285,1580.13002102883
955.3185326704704,915.3750435349946,1580.054489156274
956.1242822134017,915.3830678446753,1580.1327218292522
956.8390813997881,915.4263299687917,1580.340124592763
957.4593248521675,915.4988197975231,1580.6467945123713
957.9771093601494,915.5982136408342,1581.0231060404499
958.3838705679382,915.7173438558611,1581.4404224990233
958.6734452706056,915.8404217105921,1581.870302031408
958.8441419959337,915.9481757703171,1582.2850822078012
958.9002713286679,916.0224843011315,1582.660303256519
958.8510700743849,916.0486551259341,1582.9778571172608
958.7067910926112,916.0185471224679,1583.2279430548645
958.476734742554,915.9320010276724,1583.4089300491692
958.1704209529574,915.7947669186088,1583.524427718229
957.7977007533742,915.6154456549069,1583.578408718466
957.3672446689715,915.4032630488446,1583.5714438678483
956.8864482963568,915.166143523247,1583.4993567390345
956.3629417750842,914.9090147854381,1583.353940294649
955.8053052252371,914.6333245002189,1583.1267822318364
955.2215895272041,914.3386236007785,1582.8175056921968
954.6164202733971,914.026030737724,1582.4436498974178
953.9893639342037,913.7010606582522,1582.0451834894184
953.335128443538,913.3733632188513,1581.6795329547865
952.6443126187129,913.0538652783247,1581.40942003375
951.9056402825038,912.751258112572,1581.2886492862503
951.1080861920622,912.4712935930949,1581.3505093136603
950.240475570907,912.2207117249225,1581.5993859555356
949.2916145371374,912.009527410262,1582.0052818379193
948.2520106773716,911.8492099794028,1582.5100077408401
947.1150552831117,911.7525730534591,1583.050295221616
945.8784871969921,911.7350375975477,1583.581462810283
944.5455550593241,911.8136463832273,1584.0833765046204
943.1244128012939,912.0021200870333,1584.5492401024617
941.6269854112868,912.3055219815212,1584.9704159584746
940.0683581104083,912.7213394107645,1585.3308187315447
938.4667003421107,913.2438666567965,1585.6105373069686
936.8428244191884,913.8643727274809,1585.7905600313352
935.2206792320836,914.5662288366282,1585.8590090194284
933.6277305263993,915.3246391730991,1585.820049312872
932.0891459164314,916.1187328636894,1585.699767271922
930.6199131731887,916.9424526336579,1585.5420621872627
929.2243559571244,917.7995739854847,1585.3947853583031
927.9003469012135,918.6930385121261,1585.2968212392004
926.6417632475251,919.6247263023654,1585.2756599391205
925.4405737998163,920.600965240736,1585.352114347731
924.2920475700139,921.6301182097201,1585.5397533483128
923.199428637579,922.7167568128192,1585.837157777442
922.1726639607507,923.8604218868072,1586.2250721426694
921.2246055635771,925.0518304350861,1586.6718907040226
920.3692693709594,926.2690837315425,1587.1408099603868
919.6204593876331,927.4827444230127,1587.5954859953238
918.9885752513695,928.6635554636155,1588.006337110972
918.4765211926134,929.7886474972127,1588.3582769497712
918.0798828257922,930.844853788588,1588.6510489656343
917.7916185401488,931.8262359107964,1588.8896088931072
917.6042570656639,932.7310661365453,1589.0772781320402
917.5109873102356,933.5586751848629,1589.2150180129265
917.5079360993685,934.3066277162987,1589.301714023087
917.5914802113969,934.9760583277516,1589.3368243163452
917.7527769241426,935.578652340449,1589.3236209831757
917.9786011487662,936.1331487653405,1589.2684630722038
918.2576057658853,936.6557476672299,1589.1773152971518
918.5842265710569,937.1550028846665,1589.052329011586
918.9575865958429,937.6337067569847,1588.8900160346752
919.3791889602662,938.0935066048767,1588.6842657666566
919.851932359796,938.5388664756993,1588.4372322338447
920.3792881313091,938.9795408322858,1588.1718916157565
920.9647558274783,939.4292909333207,1587.9302644667364
921.6136694655103,939.8989900949533,1587.7517167565634
922.3358877383305,940.3897528485335,1587.649964605155
923.1442420619197,940.8938081721545,1587.6067679741234
924.0502601924854,941.3988158860403,1587.57867597704
925.0624311641278,941.8907319023293,1587.5118411403548
926.1844825230114,942.3614366692168,1587.3670326509705
927.4132575095821,942.8173888140852,1587.1473208499679
928.7400493903422,943.2780162486446,1586.9126042439239
930.1516918418889,943.7685797433319,1586.7639623639589
931.629746496777,944.3134640651773,1586.7887879501473
933.1538183084893,944.9233021632483,1586.9940458403341
934.707606456041,945.5816446201536,1587.2860388913052
936.2780236932791,946.2517853687781,1587.5207764031688
937.8470377906524,946.9017594437862,1587.579717895413
939.3872841521489,947.5218314420933,1587.4103803662933
940.8668245294865,948.12238799297,1587.020227347462
942.2584067489306,948.7203512797074,1586.4526444327792
943.5464436350561,949.3271793576895,1585.7683153338246
944.7269705412858,949.9472733992288,1585.034234479138
945.80224651168,950.5820422967482,1584.3142805184373
946.7761979940311,951.2306284119312,1583.6607498297656
947.6529531093768,951.8903541902891,1583.1116435892811
948.4359840555094,952.5602510247668,1582.6917582688263
949.1270110688184,953.2422796804167,1582.4128248032132
949.7268401722156,953.9384021013393,1582.274931611861
950.2370998513486,954.6488187506757,1582.269540394622
950.6589971044433,955.3740095106025,1582.3809439129634
950.9913669523777,956.1153631148012,1582.5863916672652
951.2330141740657,956.8697756190808,1582.8558108658012
951.3865043535461,957.6228620577182,1583.1536972570475
951.4580593386228,958.349714581515,1583.4465865067737
951.4543220822972,959.0247491780501,1583.7122432878389
951.3793001377375,959.6310950621653,1583.9425519083393
951.2334282976155,960.1613107743278,1584.1388246648175
951.0160892008648,960.612173394012,1584.3046926491372
950.7297365790148,960.9799502582632,1584.440977431317
950.380096447148,961.260128852587,1584.54452432724
949.9716029552725,961.4526487010639,1584.610499602778
949.5040460077489,961.5671898077751,1584.6341802176642
948.9747184194239,961.6200097846432,1584.610440428066
948.3828636313697,961.6251453790615,1584.5368159805369
947.7296078576757,961.592988185016,1584.4226736060016
947.014469906226,961.536474271357,1584.2943759410641
946.2353673188741,961.4716868561046,1584.1889436207005
945.3903196916302,961.4122441125696,1584.1430951907178
944.4758757812074,961.367683560749,1584.185549402513
943.4850610100439,961.3455687173541,1584.330397268593
942.407363648278,961.352712696227,1584.5693708913257
941.2288687253125,961.397837749631,1584.8711721792306
939.9341544403661,961.4953209766411,1585.1942669727955
938.5128413875242,961.6639913166281,1585.5034612820618
936.9662595765175,961.9216163077386,1585.7808433432017
935.3098001507044,962.2810601298789,1586.0347764107503
933.5721103181138,962.7486975210923,1586.3021346717364
931.7884836254161,963.3252479543565,1586.6303301903117
929.9882078141294,964.009399690012,1587.0443212692185
928.1868316152334,964.7973638745616,1587.5209893472436
926.389926128568,965.6779031259523,1587.9923024933173
924.6015825144219,966.634872849918,1588.3781548398158
922.8301967207877,967.6579477342817,1588.6213350931243
921.0906263934191,968.7467568103147,1588.7003580851854
919.4041302148553,969.9018934528747,1588.6205637188373
917.7961755644858,971.1126839951205,1588.3968881683932
916.2916852094224,972.353915251321,1588.0441755749755
914.9102160795379,973.5920315025548,1587.5799781929861
913.6646120556752,974.7920179225175,1587.029750951682
912.5617695697872,975.9198331855098,1586.4255281390488
911.601746661155,976.9442655511449,1585.80105078359
910.7766330876788,977.8405815076253,1585.1899433921337
910.0723135015794,978.5920750355914,1584.6252168839856
909.4707316944349,979.1902953772154,1584.1353526705482
908.9517757583898,979.6346309258664,1583.7391977598381
908.4970042915133,979.9283275848372,1583.4446600384929
908.0910109831483,980.0763624663791,1583.2511934097245
907.7190794837013,980.0877199001644,1583.1523335509673
907.3674647200937,979.9761900671757,1583.138212370426
907.0255558837061,979.7603182496473,1583.1998455815515
906.6864683253037,979.4626833911245,1583.3311963173194
906.3479071887958,979.1050827125855,1583.5250856440293
906.012191831799,978.7049206343149,1583.768303334732
905.6840328522392,978.2774671460245,1584.0431328685406
905.3689725883353,977.8387380236188,1584.332868927664
905.0739798140489,977.4038064077716,1584.6231259250958
904.8087955256447,976.9833125503702,1584.8982805334535
904.5854987893453,976.5853925018632,1585.1429398662374
904.4163678534538,976.2203667401135,1585.351587980508
904.3135451330896,975.9000458837705,1585.5343970042961
904.290583782795,975.635069829946,1585.7109592148033
904.362707071112,975.4338510810161,1585.897443030122
904.5455441338211,975.2993232647293,1586.0956327921313
904.8540395599929,975.2246955542847,1586.2892729638772
905.3019984996778,975.1934890329911,1586.4507960792162
905.9021560044931,975.1855678320264,1586.5564530383208
906.6647564690334,975.186755405555,1586.6044011953422
907.59233464604,975.1968754830659,1586.6291227945683
908.6763939585182,975.2288585488257,1586.6966295193215
909.9021210213807,975.2971175246385,1586.8684693239713
911.2559083363017,975.403160377894,1587.155763409065
912.7277522387989,975.5287054277242,1587.5045416753528
914.3060664939591,975.6446011662794,1587.8255928597764
915.9704093864796,975.7288759435753,1588.0390048036154
917.6908838519591,975.7742564402972,1588.0994474590395
919.4339861333123,975.7828620827995,1587.9997640732108
921.1688400790268,975.7617575049239,1587.7655148888339
922.8708321317928,975.7231183134545,1587.4440543564988
924.5226343201671,975.6826237136423,1587.089457579082
926.1141135608858,975.6545609423353,1586.747512490511
927.6417386545492,975.6481787374636,1586.4446736348082
929.1063896614263,975.6667152169852,1586.185361739853
930.5102452291056,975.7069004410547,1585.957617787628
931.8533249358339,975.7604665867852,1585.742781191343
933.130032070759,975.8182056329811,1585.525039715399
934.3285525129684,975.8719916060251,1585.296457962854
935.432499028301,975.9150177683006,1585.0561093614265
936.4233902292125,975.9393161387909,1584.8061758016026
937.2843147832956,975.930321044598,1584.5505895994177
938.0006857414113,975.8707445566253,1584.299384451685
938.557906210731,975.754529330303,1584.0727271261815
938.9439679335153,975.5903191964027,1583.8959782366196
939.1570623268079,975.3886506634913,1583.7879581894974
939.2075725467752,975.1530227663079,1583.7546905735978
939.1120160295844,974.8849680720258,1583.7924012337191
938.8874218896758,974.590316124344,1583.8911857737503
938.5505964091195,974.2773843279697,1584.035404853326
938.118562858904,973.9526504656753,1584.2037814821272
937.6063691554069,973.6207102971948,1584.3711031310058
937.0238232673,973.2874945129072,1584.5122262665109
936.3741751089387,972.9626473083679,1584.6071749619653
935.6556482987817,972.6582666979886,1584.644791596148
934.8651664545209,972.3833759382729,1584.6248542416386
934.0017700164508,972.1391504220608,1584.5590355206539
933.0653006736984,971.922172414482,1584.4709553925506
932.051742630542,971.7312327020123,1584.394064588185
930.9529093084137,971.5673419375371,1584.3629756662945
929.7581213214532,971.4326928916557,1584.401240948158
928.4532203606461,971.3332438382782,1584.512231413835
927.0233570953385,971.2756645935527,1584.674216080624
925.4598044213014,971.2632648845189,1584.8473365748923
923.7626474975365,971.3000773558701,1585.0011906253321
921.9392854415919,971.3960323376165,1585.1489979876658
920.0052063925054,971.5658887489817,1585.356350883132
917.9846218576724,971.8233987388049,1585.7071914851183
915.9024297859639,972.1762971856316,1586.2468511956079
913.7758008487627,972.6239323984156,1586.946994516319
911.618978415018,973.1566619218656,1587.719202346447
909.4525361138576,973.7581175551846,1588.4554040536832
907.3054958289976,974.4079285089895,1589.057875487414
905.2132220500183,975.0835159556823,1589.453274738493
903.2119800182526,975.7641051973605,1589.6039528144242
901.3299542244197,976.4373064032341,1589.5192540111213
899.5815183089709,977.1034324930816,1589.2594694891031
897.9687464271132,977.7710468932755,1588.923104773839
896.4865514394281,978.4479705008704,1588.6182254617684
895.1259948533088,979.1393411985117,1588.4329013943359
893.8755509125683,979.8494399299288,1588.417070982041
892.7241232620106,980.5799425429298,1588.5774063970382
891.6650639290567,981.3293812468394,1588.883947164106
890.6973806549518,982.0949433128328,1589.2858075684046
889.8238258419124,982.8728071603416,1589.7275512049052
889.0486417245623,983.6565060059563,1590.1576034278737
888.3755124056644,984.435008727743,1590.5317760901478
887.8038951392305,985.1936524969846,1590.8197781973452
887.3267722049255,985.9165136294228,1591.010126053132
886.9340966689124,986.5882768279049,1591.1064779203466
886.6185458186535,987.1964252509018,1591.1202851498342
886.3763722545641,987.7319648761309,1591.0659224518458
886.202862106547,988.1887324298768,1590.9589088937892
886.0903386719315,988.5641608806138,1590.8156817890872
886.0322785259027,988.8603166857201,1590.6511789446354
886.0276003290596,989.0819166273262,1590.4735672994423
886.0810409720242,989.233193454238,1590.281735269796
886.2006265558404,989.31718585523,1590.0684979108373
886.393010557301,989.3371545772949,1589.827304816637
886.6591925920426,989.2991485053717,1589.5604431828642
886.9952820070915,989.2137262539155,1589.2847819671422
887.3986054765438,989.093312002211,1589.0291904942453
887.8728778667313,988.9474326991328,1588.825258307666
888.4276752075593,988.7803735319981,1588.6977305791775
889.0744270849591,988.5916135906365,1588.6573938614738
889.8232960121835,988.3788208092877,1588.700901537847
890.6832882740871,988.1406019109879,1588.820754754122
891.6632211092212,987.8785563204563,1589.019816229062
892.7703804666584,987.6018919950909,1589.3190868477989
894.009786425158,987.3276701184807,1589.7445161495189
895.3869370641388,987.0699721183233,1590.2942374928962
896.9099637917518,986.8283942549776,1590.918390174721
898.5858098346392,986.5898189187324,1591.5386300925425
900.4104669589008,986.3449765185404,1592.0884018887773
902.3600730533561,986.1044069703707,1592.5313660744114
904.3936671600353,985.8924816478154,1592.8466835995243
906.4680133273419,985.7249790366865,1593.0093346025496
908.5479919217016,985.6013475391401,1592.990514392369
910.6030958477497,985.520022311444,1592.7744691040189
912.6034101837746,985.4892268996191,1592.3707811569027
914.5254656314206,985.5186946150616,1591.810087210516
916.3583085523755,985.611823600192,1591.1334280894466
918.1017248656859,985.7690682455234,1590.385160356347
919.7591460133938,985.9917083812136,1589.6063099916196
921.3308682253346,986.2795257207658,1588.827487641909
922.8120503375668,986.6261961621392,1588.065553018162
924.1918836166959,987.0196815421778,1587.3269177515554
925.4519049680116,987.4463441635313,1586.6152769943683
926.5697996248158,987.8900643997803,1585.9382691414394
927.5273740919469,988.3290563878662,1585.3107598719223
928.3146250024922,988.7389174122802,1584.7543545312235
928.9307426100545,989.0984800766478,1584.2924968776922
929.3849610077275,989.3922966263532,1583.9431759702627
929.6934575476444,989.6115078264233,1583.7146052169117
929.8729711131712,989.755035284151,1583.6067338659159
929.9378423208055,989.8287839455072,1583.612716480173
929.9008492191255,989.8405960091532,1583.7154413185256
929.7723416367297,989.7956846005771,1583.886145495827
929.5575879511747,989.6982234620385,1584.0895308874312
929.2570716487778,989.5545797031056,1584.2887722304497
928.8685739026187,989.3739080417521,1584.4483427983514
928.3881217536892,989.1673617908821,1584.5373653731035
927.8122363729319,988.9448951983613,1584.5325411074812
927.1408931712381,988.7112728079306,1584.4221351143988
926.3776990143165,988.467121516967,1584.212722613371
925.5277778413717,988.2153965001584,1583.933777450192
924.594747193072,987.9655646749111,1583.634063437246
923.5789939313722,987.7293579339471,1583.3678218802447
922.4791111231797,987.513276601696,1583.1764531012764
921.2919380721002,987.3189265448035,1583.0768634390204
920.0094934658605,987.1490954108572,1583.0589440516362
918.6199493670936,987.0072970939577,1583.087441818702
917.1130442667614,986.8954542544109,1583.1133651783548
915.4842271509835,986.8190720266808,1583.1031819912203
913.7382937637844,986.7902116376547,1583.0744605880077
911.8912496002796,986.8239822182852,1583.1070947073574
909.9634093024997,986.9392545499286,1583.3072367653053
907.967554408693,987.158814583105,1583.7421905738245
905.9089575027396,987.4962819000754,1584.4008956173595
903.7985001157535,987.9462633911721,1585.2088561677988
901.6585710163669,988.4962004059003,1586.0654291178819
899.5183368839844,989.1397828930388,1586.8681509606172
897.4130366433147,989.8715673069717,1587.5295709728437
895.3849134657354,990.6768812372248,1587.9943782033479
893.4754436119085,991.534702566925,1588.249279000427
891.7138310405726,992.4284606333971,1588.3238528408367
890.1124065807412,993.3513601751429,1588.2808478902411
888.6708384531552,994.3031986460048,1588.1943983283766
887.3834077008823,995.2831600248886,1588.1262452659023
886.2439863661805,996.2825551153016,1588.1111125789746
885.2470058668416,997.2850609348856,1588.157484542612
884.3852157189538,998.2773788476131,1588.2624884439497
883.648025480376,999.2565695964865,1588.4251497108658
883.0238503782526,1000.2248671530194,1588.645523517387
882.5044516253101,1001.1816915474853,1588.9169297989774
882.0862390885,1002.1230087724718,1589.2241271871412
881.7682168143508,1003.0440008974281,1589.5479122181348
881.5503297006805,1003.9400184191683,1589.8692475370535
881.4327727070882,1004.808893462241,1590.1706396763584
881.4163453000627,1005.6498172996041,1590.435450903894
881.503384517852,1006.457342744299,1590.6479636951835
881.6956311695907,1007.2228728274199,1590.7964772851105
881.9908379442048,1007.9422916020671,1590.876293636356
882.3835717624067,1008.6178822551026,1590.8893004626602
882.8688180847565,1009.256003302871,1590.8399065853391
883.4438650308842,1009.8649277303018,1590.7295659355827
884.1078641654617,1010.4514853884908,1590.55412373
884.8615369462674,1011.0196620335911,1590.306571437218
885.708450050862,1011.5719230373005,1589.9823407950398
886.6553255044419,1012.1087733760262,1589.5847615075995
887.7088990393837,1012.6299555196551,1589.1332392534018
888.8719701879791,1013.1388731131545,1588.6669171737824
890.1436820795186,1013.6409423745422,1588.2312144321604
891.5243745464726,1014.1341647953727,1587.8553816016638
893.0182423829837,1014.6040563468707,1587.5394889595902
894.6293412729609,1015.0305230993179,1587.2573451891676
896.3563527312807,1015.3992024261635,1586.9733353320241
898.1924240890468,1015.7057302909785,1586.6647078562132
900.1278486782312,1015.9541406403181,1586.3390609293424
902.1508965091384,1016.1570988232723,1586.0394001981886
904.247319398888,1016.3343401107511,1585.8273574948807
906.4002987292561,1016.5048473574202,1585.748963414557
908.5917256800244,1016.6778138114905,1585.8066741574803
910.803601786012,1016.8485367491195,1585.9549514376663
913.0154619359306,1017.0046915149853,1586.119799045787
915.2007323876908,1017.1385825409434,1586.2288676910891
917.3290078706432,1017.2529534151275,1586.2330937322954
919.3736734620448,1017.358675174678,1586.11209998798
921.3194296992147,1017.4697182148628,1585.8686757521766
923.1638516614282,1017.6000557384048,1585.52092078532
924.911981583351,1017.763344922769,1585.0959002634393
926.5696903173812,1017.9710547207961,1584.6240772799656
928.1403445104488,1018.2301992220076,1584.135346694553
929.6250157935816,1018.5440872815755,1583.6567163561429
931.024637383003,1018.9118179376978,1583.2094994538033
932.3404691183109,1019.3270743141253,1582.8087853531952
933.5702019096371,1019.7824386701117,1582.4675117437496
934.7054451931016,1020.2711876240619,1582.1968726662258
935.7361678298939,1020.7801123305243,1582.0014733724574
936.6567048671675,1021.286473726163,1581.8798860193547
937.4671090732827,1021.7638218923231,1581.8286375691202
938.1688199206847,1022.1883955171079,1581.8421316606232
938.758774677047,1022.5438560306867,1581.9121693433606
939.2294573305414,1022.8219326195276,1582.0288769641452
939.5744929906272,1023.0180895225832,1582.18100913501
939.7933262548611,1023.1287143430617,1582.357026376917
939.8920278866893,1023.152302317206,1582.5471661388021
939.8806288004243,1023.091186805316,1582.744046824585
939.770088097396,1022.9513530509942,1582.9405325570985
939.5709401971536,1022.7412330750707,1583.1272918404661
939.2926809622428,1022.470525705204,1583.292596559262
938.9442948493364,1022.1475447692552,1583.422656899761
938.5345013266177,1021.777740225122,1583.5017805868108
938.0684954400858,1021.3671933152501,1583.5147243681713
937.544729850925,1020.9257459505179,1583.451852296625
936.9572782442224,1020.4640777873141,1583.3153601065246
936.3011465677167,1019.9890732489098,1583.123479452155
935.5741915062075,1019.5033399311656,1582.9086091962438
934.7742189561961,1019.0079581256183,1582.7094639446934
933.894934494041,1018.5064503939316,1582.5642346570605
932.9244714212709,1018.0088942944113,1582.505159724968
931.8480368205292,1017.5299549868022,1582.5462507300751
930.6533289986936,1017.0802446207832,1582.6713439233613
929.3333882052289,1016.6650560187027,1582.8417081576356
927.8860794690019,1016.2930155189581,1583.0210641097515
926.3166326917906,1015.9796276315126,1583.1987523457592
924.6418870269804,1015.7450013133885,1583.4021430768953
922.8887957820552,1015.6125463456235,1583.6896144184589
921.0868371948817,1015.6032578429861,1584.1141013690678
919.2594320911987,1015.7245487953909,1584.676170011232
917.4214871254877,1015.9635411707577,1585.3067898822187
915.5844739691996,1016.2933969446199,1585.8979072610186
913.7604449612012,1016.6892545397324,1586.3548380758216
911.9613006657578,1017.1394200997725,1586.6305484213842
910.1996954271261,1017.6424206987541,1586.730587451393
908.4922788393968,1018.1969165300766,1586.7001496171702
906.8568656467845,1018.7987654653814,1586.6048744770994
905.3036663165085,1019.4455480154696,1586.5123652510629
903.8325924501896,1020.1379082480662,1586.4764726531305
902.4392432491502,1020.876371278876,1586.524954983942
901.1193815424276,1021.6594007928704,1586.655132481037
899.8694030892574,1022.4829703155633,1586.842548025387
898.6876951905986,1023.3396510932179,1587.0580506739584
897.5762163593163,1024.2189655305585,1587.279557680098
896.5414546501606,1025.1067241878593,1587.4909924157314
895.594679001791,1025.9825491008294,1587.6770708222298
894.7479582798468,1026.823768886832,1587.8246164386915
894.0087343461315,1027.612551642092,1587.9284192213104
893.3798116095386,1028.3359407260614,1587.994227226643
892.8631499011863,1028.9820650973454,1588.035703597996
892.46116660269,1029.5397052730427,1588.0689035118842
892.1738722211712,1030.0037105546703,1588.1096976497793
891.9968795314685,1030.379743436682,1588.171976775865
891.924523200448,1030.6789780258798,1588.2630969164654
891.9538825922716,1030.9112380468296,1588.3814137980655
892.0846750507504,1031.0871017114239,1588.5187959130221
892.3166332300161,1031.221849734364,1588.6636705754993
892.6480004940498,1031.3345567865333,1588.8028410183665
893.076851182816,1031.4432145612886,1588.9221873286772
893.6041871842322,1031.558176999745,1589.0047608765276
894.2346227299375,1031.6799548242723,1589.029567811436
894.9728048336726,1031.8044428046444,1588.9757328164567
895.8195877527934,1031.9308183888647,1588.8298341042075
896.7716193970615,1032.0645771583368,1588.5895199964116
897.8246856456805,1032.2112826344467,1588.258763937213
898.977775464026,1032.3698072565878,1587.8406244220596
900.2334903327477,1032.5355555352564,1587.3403683093427
901.5958688405537,1032.7070313126103,1586.7809740123957
903.0689960584214,1032.888770949203,1586.2174162273723
904.6569556416006,1033.0919540000684,1585.7318910038643
906.3651828595338,1033.3280492832187,1585.399427529327
908.202049344187,1033.593722398055,1585.2424699693433
910.1763218324243,1033.8615815687026,1585.2213934308782
912.2857179744608,1034.0932424402715,1585.2732195160847
914.5018022232125,1034.2659770932144,1585.3508756036033
916.7688634440261,1034.3831052328987,1585.4272572136783
919.0228658353883,1034.4600256590024,1585.4808887146612
921.2123962873976,1034.5080616051828,1585.488403049588
923.3060804988725,1034.5312245894056,1585.4275987420244
925.2902323533556,1034.5321877435158,1585.2848575475239
927.164660663229,1034.5165638040637,1585.0581925138606
928.9377297505291,1034.490080416447,1584.7540220116423
930.6190578772026,1034.457527427283,1584.3858620510862
932.2131238719566,1034.426461628775,1583.975424319333
933.7191982943245,1034.4057435337374,1583.549338715496
935.1364150191341,1034.3993934923442,1583.1315003702446
936.467648587933,1034.4036937559943,1582.7371353113879
937.7177180084228,1034.4086716857375,1582.3739361795367
938.8886753140114,1034.4027892713857,1582.0475684928676
939.9791860489313,1034.3770664612907,1581.7647170740984
940.9886243618732,1034.3234752588369,1581.533642734405
941.918930690873,1034.2325757027002,1581.3646359822128
942.7730155388099,1034.0947480562609,1581.2667932581214
943.5550398789809,1033.9005227347782,1581.2412724567237
944.2701138865864,1033.6418352062265,1581.2797156722108
944.9203749752496,1033.3150329204618,1581.369029341473
945.5038765967595,1032.9183024796625,1581.4945637780797
946.0172444448767,1032.4468454383343,1581.6405271701906
946.4558585421736,1031.895575448356,1581.7925352899483
946.8133204802643,1031.2656291801363,1581.9407722015164
947.0832381101249,1030.5664007342716,1582.07915319391
947.2602620388457,1029.811597199626,1582.2012855907822
947.340342004033,1029.0124488410845,1582.297251260935
947.319976923006,1028.1773988447335,1582.3557282668237
947.1937826507206,1027.3190449209972,1582.3691405901195
946.9553971490851,1026.4547787229076,1582.3340221674468
946.6016910565991,1025.5996675257636,1582.2501163945963
946.133664887451,1024.7624069978917,1582.1251793914378
945.5532133884302,1023.9471741086691,1581.9791358793314
944.8607688734435,1023.1580898369142,1581.8423273289134
944.055615637729,1022.4030569092537,1581.7537190294286
943.1355932231436,1021.6944726545166,1581.7587099636555
942.0950403253709,1021.0463859553564,1581.8973440015075
940.9250127296592,1020.4696124315126,1582.1855130489553
939.6179847817177,1019.9679956365832,1582.6029153041263
938.1715526207461,1019.5408773786185,1583.0966703236254
936.5876628271394,1019.1911485433528,1583.601487130984
934.8729329893074,1018.9287853196705,1584.0683714026125
933.0417578765334,1018.7665150282182,1584.488312296227
931.1160366778826,1018.7161438870341,1584.8964308364307
929.1198160586129,1018.7884620674469,1585.3461669661376
927.0752632229039,1018.9896868645632,1585.866646819942
925.0040944638115,1019.3144143764989,1586.4391551892547
922.9292008466485,1019.7464394686242,1587.0098085961874
920.8727427999272,1020.2689991442751,1587.5169047823058
918.8556717071694,1020.8710325966516,1587.909945208781
916.9002032573787,1021.5436805086467,1588.162280609117
915.0297667505389,1022.2757170518862,1588.2810380231456
913.2644589061739,1023.0551154248918,1588.3059843473748
911.6155996025549,1023.8748372417622,1588.2953427140294
910.0832161309488,1024.7367406274925,1588.3083707396224
908.6584708951721,1025.6491305293712,1588.3923707790464
907.3305807978172,1026.619845455624,1588.5734148933075
906.0935719730585,1027.651473523871,1588.850458369021
904.9476902785226,1028.742435592632,1589.198270385423
903.8976075176533,1029.8884398133962,1589.5785934071057
902.9516274223679,1031.079182057163,1589.9503836675376
902.1197415120174,1032.2974114950905,1590.2755289560855
901.4097076639108,1033.5236238846066,1590.5229533533704
900.8235641937449,1034.7400466727406,1590.6725206713159
900.3564087171239,1035.930773827984,1590.7169528557702
900.0000027980333,1037.0785847122165,1590.6597582283518
899.7482944440328,1038.1639717529733,1590.5115985552272
899.5984134961063,1039.1693886803405,1590.288394147456
899.5468832370342,1040.084077774732,1590.0112053634452
899.5867079703695,1040.9070025777137,1589.7060023130036
899.7101182108689,1041.6450380715482,1589.3993212877788
899.9130824805213,1042.3067347518372,1589.1106506613507
900.1954675197535,1042.8997046107772,1588.8476616521898
900.5591914048077,1043.4313242500482,1588.6055230609968
901.0075532890729,1043.9073245931581,1588.3703708877003
901.544162298482,1044.3322243292646,1588.1280502603652
902.1711761344297,1044.713800473375,1587.8742286286265
902.8887771721381,1045.0651758398196,1587.6197041326088
903.6962627357494,1045.4027538330388,1587.387183349316
904.5932498095774,1045.7438022306685,1587.1997043743886
905.5817681383277,1046.10167944431,1587.065192700611
906.6688139669141,1046.479305362272,1586.9655170596993
907.8641814742709,1046.8699370761217,1586.85720812105
909.1760144879546,1047.264128045043,1586.6849606224437
910.6109324409124,1047.65443636219,1586.4064682199971
912.1752120592649,1048.0391351528797,1586.0222145066175
913.8721404592117,1048.4271859903665,1585.592109609485
915.6983482909798,1048.8393597760046,1585.2179549463144
917.6436900048783,1049.2993598134958,1584.9895146828496
919.693621272058,1049.8167915359634,1584.9263215191943
921.8296973527446,1050.3754625584684,1584.961524439729
924.0279538813194,1050.9404710986043,1584.9807720340573
926.2551198925245,1051.481000751311,1584.8825772862663
928.4658395978811,1051.9880007515121,1584.6153307878903
930.6108246633738,1052.4711383461868,1584.1769176456273
932.6525855853463,1052.944249324438,1583.5972022187564
934.571992668571,1053.4169705291176,1582.921473454241
936.363189508583,1053.8946476422004,1582.1973130212932
938.026716552275,1054.3794543373324,1581.4666635067854
939.5638530721733,1054.8710452886376,1580.7634115846377
940.9725824595205,1055.3665963841731,1580.1142717829043
942.2474273484177,1055.8606465215398,1579.541843930547
943.3819514207966,1056.347516906185,1579.0674485275968
944.3712461194785,1056.824295200409,1578.7106018528877
945.2138696670366,1057.2893622819884,1578.4831788203544
945.9140588417334,1057.7374046040575,1578.383749498401
946.4822281266323,1058.1574797639578,1578.3997900307909
946.9306664768321,1058.5363503577346,1578.5137770944702
947.2681486952627,1058.862132307784,1578.706342746938
947.4988241236906,1059.1255016343298,1578.957437131649
947.6233155277793,1059.3210019648457,1579.2481829076273
947.6393501116758,1059.4493737922433,1579.5638518463268
947.5432949529345,1059.5177932619383,1579.8951862298097
947.3324243998136,1059.5360309232124,1580.2336709754015
947.0070440759175,1059.5113555372693,1580.5638105160533
946.5721951032353,1059.4470117671226,1580.8620997757864
946.0362526761243,1059.3456869250704,1581.1038615768607
945.4064423442614,1059.214044320887,1581.2691112218813
944.6866405935671,1059.0641049344986,1581.343643482416
943.8790719638187,1058.9112838659098,1581.3204381742064
942.9866658256502,1058.769589751722,1581.2059932142217
942.013470923983,1058.648381121938,1581.0283963653249
940.9618032820335,1058.5561652123704,1580.8354582109034
939.8300913258518,1058.5026207371095,1580.67791878728
938.61445161869,1058.4927475312659,1580.5917574807481
937.3081197579165,1058.525688425391,1580.5916205920796
935.8987667113117,1058.601018335298,1580.670247785228
934.3717939140582,1058.7217980391029,1580.7999256078347
932.7182066623144,1058.8942362199216,1580.9433816942906
930.9392233705813,1059.129676539238,1581.078572803477
929.0482932715463,1059.445144026182,1581.2232845705735
927.0742087300916,1059.8564562801776,1581.43694376897
925.0589317350102,1060.3709341966305,1581.7919293692908
923.0439758302975,1060.988153376377,1582.3257648054068
921.0562064603553,1061.7026209629628,1583.0029375435065
919.108540735876,1062.5023539771653,1583.719283630698
917.2115489293168,1063.370725752102,1584.3481861052355
915.381936960749,1064.2933698717409,1584.790949588991
913.6460562846404,1065.2581190767894,1585.0048920938175
912.0396695688592,1066.2500675894396,1585.0122360415444
910.5992646248496,1067.2573009508753,1584.8939106664004
909.3491944138045,1068.2829527020904,1584.764245833546
908.2976561256737,1069.3435529080532,1584.7315205827144
907.4431212836932,1070.4534546335694,1584.8626301203535
906.7805599077085,1071.6162491901246,1585.1689264753609
906.3023918319993,1072.829299768792,1585.6154914066958
905.999251353714,1074.087860832982,1586.141764958948
905.8633719732005,1075.3821114507411,1586.6796987947932
905.8899341247375,1076.6932270754114,1587.1669467864704
906.0742599711675,1077.9950493797855,1587.5582125060184
906.4081590714871,1079.2604351895998,1587.8312798631746
906.8772656668319,1080.4668330970744,1587.9840118350105
907.4616100996001,1081.5965760425127,1588.025624214903
908.1400605355337,1082.6342900936359,1587.9696686377465
908.8919216718293,1083.5686168287575,1587.8334715089472
909.6944495822024,1084.3958142756792,1587.6367572906256
910.5244612695221,1085.117127567517,1587.3919203588239
911.3631066866973,1085.734566695968,1587.097312131225
912.1960260089872,1086.253469998975,1586.7445459242913
913.0115019115608,1086.6844678118755,1586.328336280158
913.8015094198537,1087.0392354666826,1585.849016026234
914.5630388390829,1087.329124531847,1585.318136945096
915.2986827365892,1087.5670682229932,1584.7688504859498
916.017120396854,1087.7661896443192,1584.252836865183
916.7312399972973,1087.9378174491183,1583.8196347810701
917.454910976588,1088.0905633807806,1583.4954474108938
918.2014091220694,1088.2282569852744,1583.2724468607623
918.9822181503206,1088.3492969595409,1583.1097606310354
919.8060078334647,1088.4484721732483,1582.9465472949303
920.6792908039076,1088.5199203668071,1582.7253031653547
921.6064192837667,1088.5653389788145,1582.4220175973805
922.5893102330658,1088.6048308159293,1582.072963228088
923.629309842777,1088.6796623094074,1581.7751643017275
924.7269841042641,1088.8427026667841,1581.6394952054318
925.8803277143539,1089.1338720454553,1581.710967334429
927.0896369481407,1089.5476813622972,1581.9210909250057
928.3620086524305,1090.0259553227686,1582.1244165206588
929.6991493229729,1090.4969882320756,1582.1833185891035
931.0782778326808,1090.9230026249393,1582.0231917562924
932.4543550567793,1091.3044202015833,1581.63591935643
933.7832943373077,1091.6531530467357,1581.062015513357
935.0370758740055,1091.9788542014694,1580.3715825011284
936.2015248485989,1092.2905680888039,1579.6421874940993
937.2723563809488,1092.5934952567884,1578.9380601030812
938.2548911526196,1092.8839784245622,1578.3018074101294
939.1596779579057,1093.1542290366733,1577.758836268087
939.9941058449896,1093.402478693141,1577.3263900290287
940.7586358025874,1093.636440166733,1577.0189303203051
941.4494176471535,1093.8668142430831,1576.848164637915
942.0624371288062,1094.09941558034,1576.8217175044192
942.5968731893366,1094.3322419954875,1576.9397352049143
943.056128494624,1094.5559177431062,1577.1902979091183
943.4451957513872,1094.757393134857,1577.550420207362
943.7669707058828,1094.9270285289824,1577.9929868714478
944.0208622776238,1095.062633635548,1578.4923846507043
944.2037314084589,1095.165753732527,1579.0235294316299
944.3119030966697,1095.2365614670146,1579.5580997020672
944.34237210581,1095.274698583527,1580.0675597490922
944.291397526638,1095.2826511391218,1580.532385084367
944.1536556759643,1095.2651639181122,1580.9450499235268
943.9265319974855,1095.2256042206973,1581.3020486823127
943.6153784238295,1095.1640128801284,1581.5953829354298
943.2312586042306,1095.0789784929302,1581.8133695702093
942.782346528495,1094.971285534198,1581.9470752592222
942.2694514515093,1094.845461792466,1581.9931892625461
941.6900675098216,1094.7085847596736,1581.9528304010855
941.0429747196881,1094.5677035165336,1581.8315323494362
940.3287893619179,1094.4264597811082,1581.6413732987885
939.5501257775605,1094.284379979677,1581.4031396254452
938.7095073943998,1094.140824255998,1581.146139154693
937.8040155963976,1093.9982364502025,1580.9048237413485
936.8233287677241,1093.861550586667,1580.7144743292852
935.7530004628248,1093.737043560628,1580.6051902821403
934.5795393193765,1093.6314868767354,1580.5920808980065
933.2940334588857,1093.549896424386,1580.6668718395795
931.8913970569404,1093.4955370669463,1580.7992547253302
930.3687706716212,1093.4738267065181,1580.948967438567
928.7295394031105,1093.4930033883484,1581.0828076621985
926.9886039047627,1093.5628685503013,1581.194002084748
925.1705790938572,1093.6977032818538,1581.3153416546077
923.3033368092539,1093.9151198430857,1581.5032319332367
921.4115901467209,1094.227153621736,1581.7925632695924
919.5111769754526,1094.6330058211397,1582.1612124321873
917.6107377567789,1095.1153545869638,1582.5338917493746
915.7220151638857,1095.6421713429725,1582.8168301079622
913.8641749012006,1096.1801893484746,1582.9357693907552
912.0584487891234,1096.709014905462,1582.8557244049027
910.3251701063332,1097.2203709477837,1582.5819880848355
908.6843474036141,1097.7101847155996,1582.1557483687288
907.1523982098246,1098.1793891178481,1581.6488840215234
905.7365460365273,1098.6391375496853,1581.151369326757
904.4337263088597,1099.1057572882135,1580.7494456262289
903.2349078387564,1099.5908779201754,1580.503474287134
902.130618963201,1100.1008040799595,1580.436195259813
901.1155563110774,1100.6385984765957,1580.5348647750998
900.1906440107485,1101.201110676719,1580.7640732695766
899.3616171638514,1101.7773777234513,1581.0800651143095
898.6365156801501,1102.3509911926255,1581.438336995558
898.0229188177468,1102.9033714247362,1581.7979392477578
897.5254249709056,1103.4147316023448,1582.1272570866754
897.1451924167352,1103.863137288039,1582.4073604510584
896.8803763866325,1104.227099562086,1582.6299229196347
896.7257167839593,1104.490617972253,1582.793781107134
896.6723139126099,1104.6450482017442,1582.9040590666293
896.7088340245523,1104.687331232062,1582.971232406892
896.8234457237027,1104.6166441683076,1583.0074203585707
897.0055123355227,1104.432921406271,1583.0228095942898
897.2468996212116,1104.1387283014885,1583.0254384392545
897.5418431267468,1103.7412283663039,1583.0223727983812
897.885243165287,1103.2514986651245,1583.017038019103
898.2723274933278,1102.6813356492664,1583.0045879044474
898.6998501826015,1102.0414622408925,1582.9749733878991
899.1663444221053,1101.343066444531,1582.924242011195
899.6717252693379,1100.5998226532222,1582.8643038945195
900.2168174239883,1099.830949643992,1582.8252363290992
900.8036757317795,1099.0622143459514,1582.8466288236855
901.4369317777729,1098.317784669836,1582.9587840435986
902.124970782915,1097.6089770544115,1583.1662066833942
902.880649531375,1096.9322780814168,1583.4438855686228
903.7193351987464,1096.2770874008354,1583.744578682026
904.6551914505973,1095.6333003598297,1584.011634247802
905.6997752327657,1094.9941229568078,1584.1965140829525
906.8612611213107,1094.359179691563,1584.2815501237792
908.142045480285,1093.7395679349875,1584.2986262398877
909.535332681443,1093.1610587775622,1584.3257184744618
911.0231346867354,1092.658304860011,1584.4488650669741
912.5802787620298,1092.2538916384972,1584.7032473435531
914.1817849547487,1091.939479414671,1585.0400820587495
915.8050119385263,1091.682991185866,1585.3515926659682
917.425932444727,1091.4526606006336,1585.5283195113861
919.016103866931,1091.2330717634002,1585.5021923222982
920.5455280072697,1091.0239906618713,1585.257913415294
921.989161181763,1090.8314261961061,1584.8225855351736
923.3294565093333,1090.664731069216,1584.2497643897273
924.5549378954961,1090.5367493950466,1583.6052830401552
925.660610307746,1090.457873296759,1582.9536235027908
926.6489814006519,1090.4302389717386,1582.34751305985
927.5274053776769,1090.4502111729823,1581.8257378006822
928.3034201839669,1090.5142389597481,1581.4172975317406
928.9826347746676,1090.6204699001798,1581.1453688239808
929.5692488836074,1090.7675242395896,1581.0266270978245
930.0657920025487,1090.9532426570272,1581.0664220077501
930.4724674870793,1091.1717468064453,1581.2540368202126
930.7887431103763,1091.411201366311,1581.5627473714394
931.014238908649,1091.6557360318075,1581.9548278073214
931.145204135661,1091.8892071151652,1582.38907102118
931.171379916972,1092.0968940619625,1582.8295682479516
931.0795250008161,1092.264536379897,1583.251815085848
930.8614170278267,1092.377207547032,1583.6422668514424
930.5177948824751,1092.4201651991216,1583.9939848294391
930.0545241354966,1092.3830625104576,1584.3035806200367
929.4786450153053,1092.2649379473708,1584.5693029738738
928.7982864535696,1092.0744556924674,1584.7875598637581
928.0220777883477,1091.8250103239707,1584.9488312970216
927.1592881226848,1091.5286964116008,1585.0360519934436
926.2199019929017,1091.1950913727596,1585.0301926711445
925.2111088620597,1090.8368286028656,1584.92317119804
924.1360681550558,1090.4726518686314,1584.7272077710754
922.9970814128429,1090.1205676598217,1584.4723809774223
921.7970409410015,1089.7905780310168,1584.1979672754237
920.5380560287772,1089.4861348701918,1583.9454382081965
919.2195699491884,1089.2076384132288,1583.7509751457185
917.8366691546642,1088.9549747526298,1583.6334266291576
916.3805946177876,1088.7305086976041,1583.5827398284835
914.8421971369218,1088.5361576907653,1583.558078518716
913.2144860258504,1088.3694353146884,1583.5031930444204
911.4949111971476,1088.2288369010132,1583.3793572168888
909.6913709513101,1088.1212980802402,1583.1986996003225
907.8263741105235,1088.0623201999178,1583.0296896925195
905.9304357842067,1088.0704441138685,1582.9595665410554
904.0284869127851,1088.1583795125446,1583.0334615116685
902.1352388195087,1088.322348329951,1583.221137527858
900.2640931144538,1088.5385514735283,1583.441511830727
898.4346617554921,1088.773712541942,1583.6159444746388
896.6724647717003,1088.9996647637922,1583.7045076192849
895.0081699789283,1089.1973386388763,1583.7117394342722
893.4757006612342,1089.3528235649817,1583.674853231462
892.1041180072764,1089.4585667735314,1583.651261143769
890.907866132235,1089.5191602268853,1583.7088985824716
889.8856507784567,1089.5507135063372,1583.9104771941222
889.0296563207859,1089.5716686642652,1584.2914242191991
888.3347289347208,1089.5921686791712,1584.8451960051973
887.8002831998355,1089.6105978130495,1585.5268745347066
887.4282274968386,1089.6181968918697,1586.2709674309765
887.2197050200582,1089.6050341485138,1587.012131306487
887.170695740085,1089.5636788070756,1587.7015900474441
887.2707749606311,1089.489179689493,1588.3122684367013
887.505566345906,1089.3778499779557,1588.831578432197
887.8571931378369,1089.2287242270736,1589.2539684754706
888.3039700266397,1089.0442457647086,1589.5796729908602
888.8229691728516,1088.8292915253749,1589.8138116450857
889.3931249296375,1088.591402247621,1589.96411702895
889.997982787809,1088.3396145040365,1590.0397263093328
890.6287598735348,1088.0816444577645,1590.0495971372984
891.2838409501264,1087.8251124821716,1589.999972626422
891.9629481584528,1087.581852224957,1589.893160720187
892.663215160347,1087.3665848053254,1589.7276262253488
893.3817398481035,1087.190202501088,1589.4989930518366
894.119069270441,1087.0575703721302,1589.2047269196519
894.8794631189195,1086.9712003181896,1588.8544481012434
895.6697988037483,1086.934262116229,1588.4806269057638
896.4983387105351,1086.95159308102,1588.1373271526388
897.3732589530421,1087.0286228304362,1587.881009088046
898.302422791892,1087.1655340018287,1587.745463810718
899.2946080537583,1087.3512519561214,1587.7289049721862
900.3588388614919,1087.5665175945342,1587.7980725530479
901.5004909614067,1087.794075986471,1587.9032220708093
902.7189771803776,1088.0246302303506,1587.9988478204125
904.0095524153963,1088.2556874963075,1588.0674584859928
905.3648743825582,1088.491788185199,1588.1375978425558
906.7754053259149,1088.74881534195,1588.2750035421857
908.2312737689911,1089.051169834808,1588.5355221483283
909.7249494196874,1089.4143216566822,1588.9120304254134
911.2524722402361,1089.8276131221137,1589.32762367745
912.807823754202,1090.2609082634754,1589.680046748351
914.3708367386478,1090.6903822016075,1589.8893624749876
915.9035302398897,1091.1116526148012,1589.9136645664769
917.3616968666797,1091.5307261292348,1589.7446383444608
918.7091607995062,1091.9530641742365,1589.403901130871
919.9246872223931,1092.3813023384675,1588.9371420353054
921.0024379239741,1092.816714309741,1588.400364890356
921.9483747126966,1093.2614969179124,1587.845674483119
922.775012292683,1093.720520087138,1587.3113529797079
923.4962462395176,1094.2001360802947,1586.8188104300043
924.122701830311,1094.7062602284539,1586.3796907936005
924.660724652228,1095.2438295052732,1586.0035369922798
925.1153608861475,1095.8141365879121,1585.697339510263
925.491361860601,1096.4123707823412,1585.4655483911076
925.7904570081818,1097.0312580697353,1585.3142341697837
926.0096790601515,1097.6662415026892,1585.2499267195155
926.1434948615741,1098.3148070923312,1585.2715140352045
926.1872244095453,1098.9699350279025,1585.364489800458
926.1380005488079,1099.6151829859155,1585.5044006412522
925.993195282317,1100.2294824150752,1585.6667341640323
925.7493705112792,1100.7959867463692,1585.8332695182762
925.4039425438251,1101.3027994321653,1585.9899991060756
924.957840453512,1101.737991841735,1586.1240754294374
924.415158307859,1102.0905492546792,1586.226767209199
923.7807313625791,1102.357088123084,1586.2964351775793
923.0609978895404,1102.5412589230168,1586.333741780873
922.2652781892875,1102.6459750837257,1586.33444544926
921.4016671134981,1102.6742769810578,1586.2889790961299
920.4748264080628,1102.6349313008575,1586.1868705330785
919.4895633394792,1102.5397772757642,1586.0213620873192
918.451617010171,1102.4005157231165,1585.79410309744
917.3657942597259,1102.2291780615706,1585.5182504902348
916.2367894393152,1102.036236629042,1585.2199980840726
915.0693773193838,1101.82985300441,1584.9372352994
913.8654718825335,1101.6183904009476,1584.7102095641337
912.6214709994572,1101.4106876632752,1584.5677567065056
911.32769935391,1101.2143279979177,1584.5168251836621
909.9705980337221,1101.03482330942,1584.5371425749843
908.5371339719054,1100.8745074717867,1584.5867515032644
907.0169544716322,1100.7341743099635,1584.6261593778336
905.402175963185,1100.6202146313933,1584.6506594370042
903.6880893527581,1100.550589479183,1584.7032549167466
901.8724175243543,1100.5521190160468,1584.8496657179887
899.9522999195333,1100.6498486489497,1585.130380045276
897.9253207195909,1100.8582519006598,1585.5320765085553
895.7965151312688,1101.1805905027381,1585.999053717468
893.5833687608978,1101.6113358764383,1586.4593519183504
891.3152691365506,1102.137017865343,1586.8413008947593
889.031489253521,1102.7377887546081,1587.0881305825856
886.7750658580899,1103.3937709789893,1587.1772310968868
884.5812721910103,1104.0944966895063,1587.1312289146658
882.4718254884251,1104.8407627344297,1587.00977413051
880.459435231817,1105.6362050342666,1586.8849972987682
878.552270418432,1106.4819646551866,1586.8147742273447
876.7529020512223,1107.3791982839734,1586.82967054344
875.0586763568017,1108.3294878312345,1586.9362687664973
873.4672333526282,1109.3298658883707,1587.1246375435742
871.9813691947155,1110.3698438251076,1587.3715599557277
870.6080540735284,1111.4351080153356,1587.6447366331545
869.3542551170186,1112.5112516627612,1587.9113050340118
868.2258954811779,1113.5790326684858,1588.1426998068455
867.2286032423909,1114.6079876971114,1588.3124641735574
866.3634437196044,1115.561939474592,1588.3981584107867
865.6208845545164,1116.4116843302884,1588.3906898730174
864.9822643286716,1117.140153003846,1588.298208629507
864.4268714911349,1117.740304689481,1588.1411709859865
863.9367004027725,1118.2122034008219,1587.9449113016124
863.4988560395085,1118.5581609698575,1587.7317622024307
863.1071246907229,1118.7794323018486,1587.5176743774778
862.7602358105214,1118.8809647189942,1587.3153919121046
862.458260549699,1118.8773163036112,1587.1359797943733
862.2013979368253,1118.7902302675316,1586.9859164378743
861.9914580801221,1118.6410878932488,1586.8652070613048
861.832959738755,1118.4458836421543,1586.768637552442
861.7320325497902,1118.2157624816703,1586.6883381501846
861.6944114295475,1117.9614782857818,1586.6171058495388
861.7242662804176,1117.6974258020714,1586.55282653982
861.8252506519577,1117.4414989484305,1586.5016650360221
862.0024069713565,1117.2127754524602,1586.4788707042335
862.2617119022693,1117.0309780572397,1586.5059444186086
862.6100026307092,1116.9127413608644,1586.5990255889462
863.0580282048528,1116.8619944494217,1586.7536736495413
863.6210280092139,1116.8669370918985,1586.9413402150296
864.3142909295342,1116.9107766627667,1587.1229192787835
865.1484084354992,1116.9847349616402,1587.2734751654789
866.1273405139411,1117.091712018706,1587.4068006534453
867.2491404363375,1117.2436106577563,1587.5843485261084
868.5069474979259,1117.4588217174253,1587.8941917493014
869.8918915049662,1117.7541340388007,1588.3990829924614
871.4012747002032,1118.1286538503086,1589.0866261995236
873.0425851553035,1118.5567264518638,1589.8684623097583
874.8221877341053,1119.0026236961003,1590.6261534776381
876.7277483148854,1119.4430075726084,1591.2562176444458
878.7243669113703,1119.872714698902,1591.6905641176331
880.7679261952661,1120.2938894887286,1591.9017233964182
882.8190585657144,1120.7094906184252,1591.8981319947072
884.8476740297951,1121.1267650100797,1591.7108843629708
886.834571767052,1121.5594695400437,1591.3797139373767
888.7732468416885,1122.022635858356,1590.9425517088268
890.6664819780665,1122.5236608203757,1590.4283390850685
892.51763582856,1123.057154970785,1589.854220895502
894.3231674028867,1123.6071783167301,1589.2281543867803
896.069515845913,1124.1543636930521,1588.5546737270847
897.7329868384434,1124.681756883955,1587.8404679672935
899.2841883624993,1125.1745908535813,1587.0981585892487
900.6967189114936,1125.6163619961299,1586.346317854305
901.953136422842,1125.9874770438146,1585.605473910601
903.0453969141591,1126.2696648084961,1584.896170542271
903.9740187025985,1126.4532543439332,1584.2423137010392
904.7482008774047,1126.53872046702,1583.672467296788
905.3853230000341,1126.5314485459598,1583.2145833227291
905.9083200219122,1126.438949330512,1582.889121227902
906.340792996274,1126.2723590587855,1582.704220669024
906.7028612347965,1126.045978635375,1582.6527490445337
907.0110930599067,1125.7717112702894,1582.7114098785719
907.2792199696637,1125.4525355954847,1582.8438708680733
907.5150415537216,1125.0841577886213,1583.0089130078034
907.7171471757136,1124.6652438677684,1583.1686374608778
907.8771915784034,1124.2032304477875,1583.2921361362646
907.9859942663257,1123.7078576130982,1583.3575981149854
908.0367677787794,1123.1827857384487,1583.356675432445
908.0223809504114,1122.629085126581,1583.2997542040794
907.9313300085732,1122.055609135274,1583.2155510912892
907.7475880701746,1121.4815983772112,1583.1411103589721
907.4527508090337,1120.930437095576,1583.1094281860057
907.0280794371305,1120.4227108153545,1583.1414401256693
906.4575130893927,1119.9727585867288,1583.2398283805164
905.7302568082156,1119.5877257215911,1583.3854692444284
904.841190806225,1119.267848291261,1583.5435114841173
903.7912525421024,1119.0102790186568,1583.6816430553754
902.5876633547521,1118.8156519312606,1583.794708770316
901.2433621904938,1118.691759974923,1583.9203815484834
899.7747198190874,1118.652507721238,1584.1253739236438
898.1938412937113,1118.713481103985,1584.4602771799446
896.5019850362673,1118.8855996074253,1584.9205849821094
894.6949570796592,1119.1713590346062,1585.4504755120477
892.7743643429292,1119.5678298785494,1585.9711216793926
890.7537849372197,1120.0705138646283,1586.3990298962149
888.6623659476872,1120.6686743733605,1586.658265361388
886.5469299244711,1121.3393047618677,1586.7017033842635
884.4631279014363,1122.0538989611368,1586.5326297480908
882.4570577438936,1122.7934531147737,1586.2088552906025
880.5547147569695,1123.5554614124471,1585.8250294401787
878.7657544906451,1124.3481784700755,1585.482182980253
877.0906367349326,1125.181656336235,1585.2581885378625
875.5246876827653,1126.0640086066912,1585.1916373378938
874.0624694499797,1127.0004898714694,1585.2827423058993
872.7037991503761,1127.9892961944681,1585.5026840094374
871.4571457153561,1129.0174956340509,1585.8026961717733
870.337516636823,1130.0642443766728,1586.1241972851062
869.3611650907213,1131.107655435741,1586.412415478425
868.5404541137457,1132.128215900095,1586.628534118652
867.8821827433328,1133.107855924502,1586.753403565056
867.3894868063217,1134.0284785480867,1586.7835751772025
867.0610911243004,1134.8751184289504,1586.7274279443504
866.8882439910725,1135.640186315846,1586.6032127436367
866.8568141362673,1136.3207052050839,1586.433268287718
866.9513846062384,1136.9140432918384,1586.235902957406
867.1551953628502,1137.4200963769576,1586.0228450020556
867.4504761749004,1137.8443107749727,1585.8018125807848
867.8221278738185,1138.1958842428828,1585.5776041784693
868.2600444688152,1138.4837297971912,1585.3509328940002
868.7573682462673,1138.7151716480448,1585.119098040626
869.3079298227847,1138.897631234581,1584.8776982412016
869.9070617252064,1139.0383424170561,1584.6208397180685
870.5529972799701,1139.1435845303397,1584.344422740502
871.2436433500342,1139.2230595738858,1584.0542985054244
871.9736939599583,1139.2933775909057,1583.7688541044351
872.7381641449543,1139.3709446536927,1583.5081557072535
873.5371854699382,1139.4618246106536,1583.2797629274346
874.3753455648936,1139.5643050398012,1583.0805137086784
875.2570125540122,1139.6818283449368,1582.9174472921109
876.1858552798909,1139.8292112807062,1582.825666402274
877.1701591800769,1140.027047550933,1582.8605374737447
878.2244736600765,1140.2929760093516,1583.062284363006
879.3664330156323,1140.6310353885804,1583.4148928199243
880.6167005826678,1141.0204788178482,1583.8414099246188
881.9970768402802,1141.4220815795136,1584.2508955569547
883.515283932125,1141.8063008501026,1584.5881713580507
885.1483496556023,1142.1717687567248,1584.8362745044276
886.8482135407709,1142.531486416486,1584.9869272875214
888.5634079336618,1142.8896956397982,1585.0241799495882
890.2514871038085,1143.2405729055101,1584.9334820578008
891.8787006811085,1143.5821991143407,1584.7141764908715
893.4198478863042,1143.9215495758745,1584.3789746380692
894.8600828818581,1144.268504528231,1583.946914416495
896.1943481559044,1144.6299390182091,1583.4399478305286
897.4256826434512,1145.0065184228197,1582.8830684953991
898.5617557337858,1145.3934712792925,1582.3051625784556
899.6087703506014,1145.7851804642473,1581.7396546919742
900.567452597337,1146.177861600204,1581.2239816645483
901.4338882716397,1146.570321360922,1580.7977997992646
902.2041022617707,1146.964121243302,1580.4983598402948
902.8794563153701,1147.360058271438,1580.3519158142767
903.4685219903836,1147.7546368460185,1580.3671386056137
903.985307643975,1148.1413857527027,1580.5350900321687
904.446539351989,1148.5129514965722,1580.8321354759348
904.8685668515902,1148.8607900082661,1581.2237220335553
905.2638714106237,1149.175281205381,1581.6707066456415
905.6382360996967,1149.4470217115945,1582.1358903537807
905.9905440527075,1149.6675110599178,1582.5864871130086
906.31498917488,1149.8300047574912,1582.9938220097054
906.603208877643,1149.9310149999028,1583.334110757575
906.84597793903,1149.9713102992205,1583.5907049869832
907.0352998793632,1149.9557900777668,1583.7551291756877
907.1663458824919,1149.890867681718,1583.824907593989
907.2376182935757,1149.7807843772089,1583.8001172534375
907.2487436481604,1149.6270647710949,1583.681145376323
907.1983596677165,1149.4306103033225,1583.4675821914755
907.083947264411,1149.194176934844,1583.1607983391527
906.9018278025867,1148.9245778617938,1582.7725392941497
906.6457101559276,1148.632456918818,1582.3328276727314
906.3056583305887,1148.3293293132772,1581.888664235596
905.8702225869183,1148.0247700204586,1581.4947600234336
905.3301631250722,1147.7258605504803,1581.2020102794356
904.6791117762896,1147.4382165275701,1581.0451838303127
903.9106965101396,1147.165922855074,1581.0312477365503
903.0166169520389,1146.9111478443974,1581.135224854136
901.9891074630771,1146.676744795123,1581.3124409852026
900.8261875261028,1146.4702565839561,1581.5272481990262
899.5339497781846,1146.3075806032712,1581.7802069167751
898.1239865514309,1146.2156844380452,1582.1085198817805
896.6098551209177,1146.226757214553,1582.5524040955881
895.0051047861206,1146.361763174591,1583.1116299598436
893.3253381025002,1146.618972135501,1583.7313045083085
891.5928426838573,1146.9813018911855,1584.3262775310372
889.8360619426038,1147.4329818716053,1584.8130322859845
888.0866229104893,1147.9636625881806,1585.1255472017842
886.379484903289,1148.5599809270695,1585.225331196821
884.7483915095872,1149.205516685139,1585.1167578887844
883.2160517602566,1149.8918069989802,1584.8553870376197
881.7899375034389,1150.6236579776726,1584.5340130907405
880.4645608342449,1151.4137220523558,1584.2512962154503
879.2260573793956,1152.275500914036,1584.0824433913358
878.0599223712934,1153.2201040481286,1584.0650101646454
876.9594902857777,1154.253269581689,1584.1972382633103
875.9291982987864,1155.370188918798,1584.4433517030457
874.9814199331151,1156.5520666566986,1584.7466522374727
874.1296213689612,1157.7684423109538,1585.0487367577603
873.3823460073027,1158.9832163975118,1585.3056399897405
872.742207675104,1160.1588840975269,1585.494273124257
872.2071748096474,1161.2582585993696,1585.6111362335496
871.7703898892044,1162.24722093355,1585.6679868994484
871.4220165600418,1163.0982620113296,1585.6862999763825
871.1533328440034,1163.7946851289316,1585.690290239948
870.9582065506626,1164.3346316822688,1585.6997617887291
870.8328002506487,1164.7269402779725,1585.7252018825725
870.775643070219,1164.9816463031157,1585.7669322543488
870.7867215107531,1165.1085364168448,1585.8184721361854
870.8658510318405,1165.1217346317321,1585.8705780171533
871.0122282838022,1165.040259333407,1585.9129458782068
871.224773347753,1164.8852543478429,1585.9358410512361
871.5019175713626,1164.6780059698742,1585.9335599512203
871.8428507820239,1164.4371631910365,1585.9060953773796
872.2503526522495,1164.1765198339147,1585.8581463738878
872.7297430705958,1163.908499231012,1585.7999619666064
873.2852977492213,1163.6478392700976,1585.7461720486165
873.9221232152428,1163.4074395215541,1585.7059884557827
874.6504398272297,1163.1932766606576,1585.6734179286705
875.4837657627365,1163.005659622144,1585.630370027746
876.4332351929766,1162.8420909788501,1585.5624310277974
877.5038931797499,1162.701996908304,1585.4790615127515
878.6939483038818,1162.5958382403792,1585.430284484805
879.9957318750593,1162.549200473748,1585.507798525905
881.3966203480372,1162.5967952922765,1585.8132592001646
882.8798707313085,1162.768191221266,1586.3945536821795
884.4285546463702,1163.0657551194417,1587.1920164123292
886.0324239499113,1163.4524005330989,1588.0489775802598
887.6865529515954,1163.8721801730235,1588.7863544738705
889.3768859921421,1164.2891873299052,1589.2761089801922
891.0715744547251,1164.7053504794985,1589.4626242270833
892.7334142804722,1165.1450947929231,1589.3465453581207
894.3399466070242,1165.629381528049,1588.9650257483388
895.8890531668702,1166.1651819581114,1588.3785061432288
897.388451904566,1166.7537144689643,1587.6621306258949
898.8457077141783,1167.3979856834005,1586.8979394598614
900.2660417130227,1168.0988298109933,1586.1627230115712
901.6516973289589,1168.8502609810719,1585.5146566824274
902.9998632346852,1169.6430976834158,1584.9889801387249
904.3017067723752,1170.47058349218,1584.6025953161404
905.5457291321197,1171.3267786542037,1584.3581446919545
906.7232646430008,1172.2011001523583,1584.2468358396204
907.8302404476764,1173.0774850231337,1584.2519951443528
908.8656330621676,1173.9366362596847,1584.3497535866188
909.829152165324,1174.7581346110487,1584.5096004066147
910.7178888504887,1175.52312318579,1584.7001009678809
911.5239036749756,1176.2158101410455,1584.8955874129808
912.2353239767535,1176.8229800123354,1585.078189148854
912.8400959093009,1177.3340520475415,1585.236442792022
913.3291577478626,1177.7437757974253,1585.3637590284782
913.6966521498038,1178.0549803887384,1585.4564725474827
913.9386056256109,1178.2767731630656,1585.5107645608368
914.0529352734783,1178.4206538170583,1585.5210260053266
914.0406422604515,1178.4998556020478,1585.4800368840156
913.9067901635722,1178.530149923561,1585.3784595090222
913.6609124784487,1178.5277368224047,1585.2052577498412
913.3161908770487,1178.5052144435883,1584.952228456495
912.8862190547292,1178.4699795315028,1584.6219350383485
912.3795851605994,1178.4266482948667,1584.2346571630394
911.7971955177495,1178.380495611193,1583.8269539318885
911.1368682793042,1178.337921840288,1583.440123545037
910.3979946598585,1178.3052253930798,1583.1088319116188
909.577407030182,1178.290676450775,1582.856889217705
908.6635948430478,1178.308348777126,1582.6955589881277
907.6399563218965,1178.377079145144,1582.6234694588616
906.4952578992771,1178.5158011467936,1582.6334018993182
905.2331599213175,1178.7418936727267,1582.7242095326305
903.8733579124607,1179.0710182289904,1582.908487448091
902.4435916153511,1179.5134286343953,1583.2054590962668
900.9706902316743,1180.0691269643726,1583.6137921905654
899.4761737275984,1180.724766849785,1584.079154937542
897.9749222867222,1181.4530782216027,1584.4912757005318
896.4758928099427,1182.2197490010874,1584.7248616805641
894.9858476585385,1182.9962137894827,1584.6938112961218
893.5148183633806,1183.766899853878,1584.3836283783303
892.0785776770967,1184.529260115997,1583.856824508112
890.6950739985805,1185.2935024895205,1583.2360678893276
889.3778909495558,1186.0805240718657,1582.6675597440349
888.1322413836381,1186.9141955974949,1582.2769724697123
886.9552023808768,1187.8112746842771,1582.1355212205585
885.8383502772214,1188.7759957108938,1582.248090086036
884.7720050750846,1189.803832886177,1582.566179201803
883.7506873845211,1190.889172429593,1583.015433222346
882.7774494794722,1192.0263922347597,1583.5195668234458
881.865156869373,1193.2036361227445,1584.0104738599744
881.0345431904886,1194.3981314831235,1584.4308781916134
880.3086628013216,1195.5775056288792,1584.7401560916724
879.7047478575346,1196.7057177431761,1584.9222845312645
879.2285613478966,1197.7516117401544,1584.9865510196275
878.8745178024445,1198.69502021375,1584.9590831194573
878.6296758495281,1199.5257960530907,1584.8722770194618
878.4790747360997,1200.2392911703746,1584.755629609423
878.409025814539,1200.834959590368,1584.6289188729486
878.4075073000726,1201.3181064804216,1584.500589442281
878.4654298293125,1201.6997162389384,1584.370598538159
878.5777902089673,1201.9928984943535,1584.2343995758147
878.7419390263016,1202.2099696783146,1584.0855104188697
878.9554857559664,1202.36363319397,1583.9169664891988
879.2152880318539,1202.4707480188379,1583.7266076994442
879.516897873239,1202.553396473645,1583.5272740008336
879.8554043882187,1202.6353471177738,1583.3523810054235
880.228510405119,1202.738165878988,1583.245804854709
880.6403912570468,1202.8776399333606,1583.2387354287011
881.1029306806444,1203.0582473805466,1583.3325773290994
881.6321813249507,1203.2716816751079,1583.5023250063873
882.2421771208011,1203.5053802701357,1583.7146249151626
882.9416744538277,1203.7546776573183,1583.9508983319417
883.7360137280551,1204.0297685113603,1584.2316926411736
884.6292161366428,1204.3560955226708,1584.626920381545
885.6225591563043,1204.7676332799078,1585.226857606321
886.712821824342,1205.2897037731,1586.076343961057
887.8956489162798,1205.91775415957,1587.122305436679
889.1707687579252,1206.6130921604765,1588.2260291862094
890.5366316757963,1207.3246294286243,1589.2272563517554
891.9755159591404,1208.017453695224,1590.0020616791785
893.448236110999,1208.6848868606305,1590.4857425683108
894.9075544220935,1209.3397600348728,1590.670149251713
896.3164923253411,1209.9985880633255,1590.58855985399
897.6547300672158,1210.6746267106114,1590.2978878243991
898.9147090571439,1211.3795692785673,1589.862410888986
900.0978026605118,1212.121737549384,1589.337187643853
901.2105877885556,1212.9003556490902,1588.7576877950614
902.2584605661654,1213.7056662586244,1588.1442397386772
903.241122600498,1214.5249466806756,1587.513954940746
904.1533556503653,1215.3470283321585,1586.8878510087918
904.9881169114072,1216.1629997862458,1586.292593476287
905.7392140444626,1216.9655228657573,1585.7594924374253
906.4038469578229,1217.7482900704028,1585.3196565800502
906.9837329605327,1218.5055684939177,1584.9977106954
907.4837527744156,1219.231211901071,1584.8073017331185
907.9093877097574,1219.9168566457663,1584.747531262156
908.263796598059,1220.5512061226198,1584.800799704258
908.5466527764935,1221.1218765478495,1584.935383193918
908.7555209869757,1221.618290408042,1585.1136669916484
908.8868534053194,1222.0342285170204,1585.3014397776606
908.9366528319571,1222.369436829849,1585.4721217999065
908.9019444820602,1222.6295226547516,1585.6053908414178
908.7816640257756,1222.8234732846245,1585.6840339150872
908.5781612553835,1222.9595938727184,1585.6917234153277
908.29856031054,1223.0438483536495,1585.613480071951
907.9509291305706,1223.081505778342,1585.439317672641
907.5382436388371,1223.078825071813,1585.1689442510742
907.0589964328465,1223.0449548727952,1584.813855727942
906.5131950372573,1222.9938836920517,1584.3958524027014
905.9047804663658,1222.942173005239,1583.9454383105833
905.2386432353372,1222.9023309950499,1583.5000720123562
904.5178082991469,1222.8795095348767,1583.0975526759134
903.7425489564862,1222.8752044576959,1582.7642315316396
902.9095388105703,1222.8896645724321,1582.5032930213686
902.0125894468042,1222.9186507368365,1582.2898729803624
901.0460815766912,1222.9537182836198,1582.0817749697292
900.0089316069509,1222.991078621175,1581.850027919314
898.9077247492226,1223.0407846838787,1581.6157751771789
897.7575494701117,1223.1286438694128,1581.4662608772367
896.5770025553613,1223.2910922509168,1581.5243015161298
895.3780732609346,1223.561177452152,1581.870258233526
894.1618979139571,1223.9460374629286,1582.4707171807518
892.9279977085472,1224.4153389015678,1583.185162564468
891.6845367902373,1224.9192241409432,1583.8425935231057
890.4461982077453,1225.418631679629,1584.310931697212
889.230336326789,1225.8954045946864,1584.5209907868038
888.0609859983872,1226.3413050073043,1584.466597350358
886.9660913770566,1226.7517739146067,1584.199020579556
885.9621736204183,1227.1330387039638,1583.8125399955127
885.0450953035017,1227.50547886305,1583.4194672451044
884.1958695703852,1227.8945385912048,1583.1204049473577
883.3908166464234,1228.3210902004612,1582.9802704894491
882.607988815433,1228.7998666616725,1583.0214109576268
881.8317677352616,1229.3411247002723,1583.2314435011056
881.0582725730427,1229.9501120517143,1583.573543341873
880.296935784336,1230.62530622041,1583.9970501771497
879.5643205389656,1231.3578643972917,1584.450387611751
878.875798904159,1232.1334119906771,1584.8918365026352
878.2412380035211,1232.9356039599095,1585.293541745466
877.6647047886388,1233.7480796182513,1585.6388188173607
877.1456507083334,1234.553916658624,1585.9184744250456
876.6804425720637,1235.3370644489285,1586.1307399513591
876.2645823570471,1236.086373413369,1586.2808143740456
875.8943078611619,1236.7958743271593,1586.375930180849
875.5656495176306,1237.4616218622787,1586.420574727822
875.2729941275625,1238.0815111954562,1586.4173740149756
875.0104814239818,1238.6567562058526,1586.3715786867585
874.7743803510468,1239.1921765356328,1586.2930804729808
874.5633519959898,1239.6964579108717,1586.193457975276
874.3776136511938,1240.1806239607959,1586.0812929981673
874.2188228094581,1240.6543298200272,1585.9602495076222
874.0909870326944,1241.1246789612064,1585.8308227591226
874.0013077660712,1241.597671790362,1585.6933629830044
873.9595711967611,1242.0777614971785,1585.5514203763057
873.9768365101698,1242.5666618218245,1585.41546205055
874.0641277267725,1243.0646728545948,1585.3028476617803
874.2307450348231,1243.5725364225266,1585.2308666299268
874.4832125077742,1244.0910999273003,1585.2070644613086
874.8253213210686,1244.619009998067,1585.2222260405931
875.2591374939734,1245.1501138359893,1585.2482972118958
875.786215545045,1245.6727117933813,1585.2447709904093
876.407318747175,1246.1725807768362,1585.1771990128725
877.1214537708388,1246.641499277718,1585.0445142456995
877.924420675861,1247.0884586441252,1584.899563672238
878.8078209532339,1247.542468254794,1584.838552333142
879.7615561356564,1248.0384855434145,1584.9510345900676
880.7782026516353,1248.5926258619584,1585.2609121659245
881.855967489408,1249.1858154378388,1585.7056619710263
882.9956706165738,1249.7742367419419,1586.1696008123408
884.1903065084425,1250.3196197056361,1586.5397379530414
885.4187820002418,1250.8093566860287,1586.7428358910736
886.6518075275883,1251.2539054072215,1586.7540261788922
887.8612843568039,1251.675622274291,1586.5893769529655
889.024728419389,1252.098977134718,1586.2903066627405
890.1267193439705,1252.5413563400953,1585.904479066521
891.1602050256854,1253.007508964965,1585.4706381657072
892.1247386820337,1253.4922411800146,1585.0128802219674
893.0207946729561,1253.9871820384433,1584.5430798812815
893.8455609843909,1254.4838289687539,1584.0667328395223
894.5926079488435,1254.9740574874306,1583.5890408336365
895.253335199158,1255.4516214139162,1583.1179518907325
895.8196857629022,1255.910807030584,1582.6635793018797
896.2870740329394,1256.3434844285193,1582.238411502279
896.6559395093192,1256.7407816553184,1581.858887269541
896.9332312777403,1257.0955183614608,1581.5442446985019
897.1331676975005,1257.4008024026393,1581.3125855855485
897.2737674224993,1257.64917191952,1581.1767988818865
897.3719715180173,1257.8343060353086,1581.1406771152924
897.4423914535644,1257.9519717236901,1581.196025319111
897.4967819988714,1257.9998498854136,1581.3227786665288
897.5416880142675,1257.9785070451526,1581.49199998679
897.5772263075972,1257.8922705016305,1581.6706702095141
897.5982862162557,1257.7480179237164,1581.8275066590554
897.5975470271052,1257.5535653125783,1581.937461753225
897.568467146554,1257.317086430495,1581.9834212665526
897.5054329975361,1257.047167670893,1581.9569264459383
897.4022153807084,1256.7531163984197,1581.859299986272
897.2518938690318,1256.4452395177893,1581.703266662662
897.0481261584764,1256.134971364079,1581.5137701620718
896.7851942282707,1255.834010327372,1581.32306568665
896.4563752790812,1255.5521382024654,1581.1587200940046
896.054141993926,1255.2955114076124,1581.0326994408147
895.572754383311,1255.0661764473375,1580.938401516294
895.0079784852077,1254.8623806795447,1580.853066216609
894.3539107362096,1254.6805592899475,1580.7431126494462
893.6037550810756,1254.5180428171318,1580.5751327300288
892.7551454171543,1254.3748409292436,1580.3333117366415
891.8142876332508,1254.256579214887,1580.0389806378837
890.7972790559608,1254.1783280578447,1579.7627119384445
889.7291308443531,1254.1646548243093,1579.6135848403283
888.6371850257393,1254.2420268620876,1579.6924994652074
887.53998260317,1254.4217154775292,1580.0256661261344
886.4430153140456,1254.682953250015,1580.5358138976385
885.3459009805285,1254.9790096839836,1581.087927464851
884.2485640035859,1255.2688659695505,1581.5637117936094
883.1505987629879,1255.5406448125057,1581.896515523939
882.0554730937164,1255.8005835923595,1582.0635204177042
880.9796870133916,1256.0476197458224,1582.0696811865575
879.9495973943046,1256.2687004666261,1581.9370767868045
878.9877309775027,1256.453565242969,1581.6995559297575
878.1076470638245,1256.6018888645224,1581.4022601820584
877.3168937443413,1256.7169010056944,1581.098748004913
876.6173969447404,1256.799659375455,1580.8406456948865
876.0048836037407,1256.85069754005,1580.6673635173256
875.4713435247869,1256.8752097090435,1580.6031641665222
875.0088994767651,1256.8838262217723,1580.6587452657661
874.6099863906854,1256.8875211810655,1580.8332001236618
874.2635443366273,1256.8942542685977,1581.1146413224446
873.9549909065275,1256.909781209918,1581.4795269309086
873.671844177391,1256.9379805512501,1581.8949357809013
873.4083426671463,1256.9800016406148,1582.3261229542634
873.1656832135889,1257.0343817756213,1582.7446192307768
872.9492579716227,1257.0972006608488,1583.1318380989871
872.7645405972605,1257.1621215301525,1583.4785676296042
872.6138430306387,1257.2217746813637,1583.7828032888985
872.4960516736869,1257.2702603437888,1584.0472479736445
872.4084800511181,1257.3060458955629,1584.2774810245787
872.3493947110094,1257.332766518352,1584.4798988581103
872.3201051167721,1257.3564196705966,1584.6579589929627
872.3245649246858,1257.3824360025635,1584.8087858072392
872.3675829460022,1257.4149709038297,1584.9231520453816
872.4548476454424,1257.4571878392046,1584.9893559957413
872.593556136085,1257.5118190020314,1584.9999407530986
872.7907474252436,1257.5822236066706,1584.9602138082348
873.0512107169759,1257.673849848074,1584.8944592650537
873.3777500243684,1257.7945308756748,1584.8415651493447
873.7728090616961,1257.950382573187,1584.8392191209148
874.2398787382069,1258.1384336217716,1584.9069004591643
874.7836485926592,1258.344308674897,1585.035803521687
875.4082375586416,1258.5479217854393,1585.189915854346
876.1153485577364,1258.730288245608,1585.3222477923907
876.9034798352699,1258.8802240647751,1585.4031131651993
877.7666695465496,1259.0034224534859,1585.4476785389354
878.6946370983686,1259.1261082384497,1585.5216508359986
879.6767698839308,1259.284673567372,1585.7083138675616
880.7063707483339,1259.5047803881816,1586.0526722509271
881.7814755722795,1259.7843849831986,1586.5263353648343
882.9013892973468,1260.09391538807,1587.0385796401051
884.0590742226802,1260.3925532830556,1587.4774837783812
885.2352812273666,1260.6493633483226,1587.7496507318206
886.4023407179853,1260.85549349877,1587.8030060767717
887.5347153238554,1261.0202010921053,1587.631626518872
888.616127812334,1261.1597123835109,1587.2652005898742
889.6402180277195,1261.2907013270749,1586.7511839416882
890.6087423429622,1261.4285278839004,1586.1399314069708
891.5292192177142,1261.5847640212428,1585.4765274298172
892.4112026266749,1261.762671593063,1584.7968175042688
893.2615186450566,1261.9561642050646,1584.1263784131038
894.0805272705618,1262.155177143025,1583.4836148528723
894.8618616001477,1262.3514764045624,1582.8843958894445
895.5958834679153,1262.5386792378279,1582.344453058225
896.2742826504442,1262.7083741592942,1581.88040648446
896.8926466713758,1262.848307760538,1581.5101024818875
897.4508176172192,1262.942993984426,1581.2508958206138
897.9534863134563,1262.9748695969624,1581.116289867153
898.4094848357747,1262.9282499082633,1581.1125690497456
898.8271700929635,1262.7952392151763,1581.2370998332617
899.2103311424108,1262.5774709284656,1581.478840146648
899.5594976907096,1262.2817994870484,1581.8188252349012
899.8752669988733,1261.916375582385,1582.22928608252
900.1586285284687,1261.491525288953,1582.6745243290563
900.4095297945377,1261.0200873329438,1583.1155600283078
900.6266234800204,1260.5150314763282,1583.5165693448932
900.8083125039278,1259.9899396625406,1583.8502495930436
900.9534960944657,1259.460566911617,1584.0988303490435
901.060361904296,1258.9420702111922,1584.251251858282
901.1246216864389,1258.4459766847615,1584.3013097921803
901.139964423885,1257.980850900843,1584.24863896914
901.1000843131044,1257.5538221518304,1584.1015646393455
901.0002740602148,1257.1716156828948,1583.880412081892
900.8373972837728,1256.8403916045395,1583.6183127362603
900.6080163840396,1256.5632336374592,1583.3568143882137
900.3071194720164,1256.3389686785586,1583.136917810163
899.9290553514877,1256.1652964623665,1582.989354992258
899.468283894651,1256.041120887086,1582.9267510469858
898.918050633272,1255.9641844880027,1582.9389739271412
898.2698983479555,1255.930035084145,1582.9967667951328
897.5179600725637,1255.936356208054,1583.0680790047033
896.6656979953726,1255.98666910852,1583.1418037141116
895.7291679204124,1256.0891956867956,1583.2445799480245
894.7349165552873,1256.2549617271875,1583.4362164047138
893.7131896556305,1256.4964792038813,1583.7787861630402
892.6883685522425,1256.820510099364,1584.290861373162
891.6738747165379,1257.217486425057,1584.919701862787
890.6762336059055,1257.6637106807984,1585.5611655468176
889.7009889410743,1258.138469978018,1586.1094817701817
888.7546483113606,1258.6348362659464,1586.4913639645756
887.8463622450569,1259.1525366002431,1586.671983382505
886.9890571599873,1259.6877468631806,1586.649642819218
886.1957166334623,1260.2335687426416,1586.4483142110169
885.473763151804,1260.7859578428197,1586.109144201746
884.8243494210253,1261.3445857247814,1585.683224968022
884.2457893579578,1261.9075610222328,1585.225428317103
883.7342967057175,1262.4685052276475,1584.7900466887284
883.2828505467211,1263.020470826895,1584.4286776139575
882.8834688936068,1263.5601647360788,1584.1838212064367
882.5299562440231,1264.0864567602684,1584.0783652942293
882.2170208210416,1264.5963589420037,1584.1120413752792
881.9389817639706,1265.0848867486613,1584.26691286278
881.6916055880531,1265.5490002796573,1584.5140705501349
881.4742690488325,1265.988870363113,1584.8189688849484
881.2887748706205,1266.4027579174835,1585.1464840791514
881.1368760610727,1266.7819720782488,1585.4655312550956
881.0199062363062,1267.1129384302092,1585.7538063661127
880.9398909525846,1267.3833225114824,1586.0003740420793
880.8999825946586,1267.5852359296207,1586.2027512847349
880.9031890005058,1267.7150035261266,1586.361770234589
880.9499614218155,1267.7733383065165,1586.4786539345303
881.0376961828762,1267.7655090354253,1586.5525453419955
881.1630002376082,1267.6999118522335,1586.5783790845442
881.3234901062655,1267.587088624935,1586.5502584005192
881.5185612723292,1267.4391910972865,1586.4710140415204
881.7499780763881,1267.2687860864971,1586.3600911544133
882.0201991624444,1267.0877522917078,1586.248867077796
882.3273315313886,1266.9047746636802,1586.1614096076178
882.6597938080058,1266.7220025778224,1586.0966931197731
831.2629277094833,710.3016970876336,1601.0490951420798
831.54366696571,709.8496816416341,1601.2401852415346
831.8176362966911,709.4103993428943,1601.4275791563832
832.0802638231514,708.9877015728608,1601.610301238962
832.329043483813,708.5814501296996,1601.7893643277139
832.5644058279538,708.1902467583091,1601.9670786559623
832.7864044378697,707.8140909381794,1602.14512017819
832.9902831478139,707.4586638504599,1602.3266689648472
833.1661103085821,707.1389980364842,1602.5225331519923
833.3047958025865,706.874347349464,1602.7500062081535
833.4092722757653,706.667769179229,1603.0098413099745
833.502060813731,706.4877493126571,1603.25770244479
833.6113101392266,706.2879940753623,1603.4251180252697
833.7411121661581,706.0575761963632,1603.4911237344327
833.8645543813649,705.8418054049177,1603.5171600652163
833.9516731889231,705.6982067865874,1603.585452039027
833.996528879713,705.6316461123758,1603.7067143686754
834.0161839300724,705.5911054907808,1603.815904448408
834.0356515872998,705.5259814275887,1603.847281891076
834.0727990196945,705.4286886684554,1603.790554538817
834.1216351543409,705.3385973030994,1603.7017235832252
834.154930337597,705.3137144115227,1603.6683953961892
834.156309884612,705.3816414790261,1603.7357684812207
834.1410654354211,705.5136401688047,1603.8641857001655
834.1369901752538,705.6521448092071,1603.9705237142618
834.1550161825852,705.7605535182371,1604.0042631635968
834.1876694113911,705.8482736215328,1603.9825087508525
834.2277816862274,705.9576481614974,1603.9656193020378
834.2791363955272,706.1201250649851,1603.9942454422444
834.3502178118775,706.3269739280147,1604.0542042733991
834.4431669221083,706.5544017395017,1604.115028364119
834.5543314699378,706.7957590118341,1604.1714324693353
834.6828946181137,707.0564525019216,1604.2325473822834
834.8332967972103,707.3388368207146,1604.300989734951
835.0121887320346,707.6425001161554,1604.3733416208731
835.2271312824458,707.9700684049017,1604.4478024183366
835.4882430218137,708.3228644831405,1604.5206838676777
835.802337325934,708.691004684935,1604.5759346182895
836.1587100862716,709.0549025699504,1604.5872982035585
836.5375213637464,709.3988438156813,1604.5332839264622
836.9345502750541,709.7295693584897,1604.4172958400773
837.3549734812952,710.088443381161,1604.2846505205782
837.7953719955925,710.5197179080858,1604.186454808122
838.2533213882917,711.0125990371985,1604.1038803500057
838.7348573439289,711.5135359726572,1603.963372555562
839.239704583853,711.999252544886,1603.7381104829353
839.7561513439689,712.4921015296962,1603.471635650432
840.2773199117705,713.0119426105199,1603.2082558440177
840.8129630058272,713.5537011683882,1602.9540741402786
841.3821506292414,714.1035261648841,1602.6965746063324
841.9998615573295,714.6516011729958,1602.4280512662206
842.6730139357178,715.1913864945133,1602.1490884721086
843.4055717776027,715.7166910627409,1601.8625392416097
844.2020640649885,716.2219519919909,1601.5708335857723
845.0644659091543,716.7024476735637,1601.277286948244
845.9874328323821,717.1517010374387,1600.9862665950543
846.9579585559077,717.5605892089122,1600.702452927229
847.9592876300774,717.9207944508838,1600.431985639549
848.9741524055217,718.2288226997217,1600.186472746554
849.9866869491559,718.4882011452211,1599.9869841548243
850.985598951737,718.7088532646522,1599.861781017734
851.9665639186908,718.9030872715832,1599.8341300879804
852.9300485954275,719.0821160417765,1599.9063784826842
853.8747602640018,719.2549217846373,1600.0542392465666
854.7932041528164,719.4268078780062,1600.237323383725
855.6750806881146,719.5991731766759,1600.4168642962845
856.5139593612362,719.7718733709112,1600.568842847312
857.3092021176606,719.9455528041174,1600.6878290866678
858.0630866775374,720.1233368092915,1600.7817886312557
858.7786308321723,720.3114174833698,1600.8625041972828
859.460274650625,720.5172033188667,1600.939198752132
860.1132027302544,720.7459322021107,1601.017634111673
860.7395089485005,720.999028037827,1601.100834888335
861.3363688983754,721.2760276882533,1601.189882130227
861.8981160898572,721.5768122691119,1601.2863316758558
862.4187679768903,721.9017434723677,1601.3943391081673
862.8917820124568,722.2507242024416,1601.5200824950382
863.3084061075889,722.6222912833616,1601.6703323735178
863.6591773716357,723.0150720191473,1601.8508248065505
863.9369398140531,723.4307705947867,1602.0631777017288
864.1370051488443,723.8731824881501,1602.3027196486141
864.2550923653359,724.3443678497065,1602.559303683172
864.2860160042719,724.845037621415,1602.8179677013236
864.2244644322593,725.3778524843143,1603.0588863832909
864.0661545305038,725.9475360639465,1603.2605301382998
863.8075457676841,726.5581010230267,1603.4040998542694
863.4442741852101,727.2105723196686,1603.4748173121056
862.9718020545494,727.9023388177097,1603.4614946197214
862.390273968235,728.627035784532,1603.3558617052058
861.706051010791,729.3757909865616,1603.1526588572056
860.9269504452055,730.1412754560977,1602.8533693957834
860.0600357223191,730.920216610349,1602.471862418046
859.1135184765591,731.7115090966798,1602.03644418863
858.0967105359191,732.5145890848124,1601.5863709274395
857.0179992997156,733.3297889374298,1601.1652157827546
855.8827188492721,734.1570701111879,1600.8124325666388
854.6911488115421,734.9938530568018,1600.552338354556
853.4388661264767,735.8353490270772,1600.3825789098987
852.1183530851343,736.6766883664737,1600.268413755458
850.7191107369677,737.5147353198602,1600.1509861469176
849.2294438394426,738.3495085709626,1599.9744306469292
847.6424571173644,739.1851214325542,1599.725889946097
845.9645166375415,740.0290602679415,1599.4664623185145
844.2221239499527,740.8894054596715,1599.3212145756731
842.4586337375375,741.7693665962358,1599.4148709569265
840.7148869160804,742.6614085620041,1599.789407817016
839.0039073230652,743.5484443118744,1600.3728003961753
837.3047246246839,744.4119772128461,1601.0271315369262
835.5899339877644,745.238181135297,1601.6240196316344
833.8636509671044,746.0194616324923,1602.08372516303
832.167826527402,746.7549495225843,1602.372380618952
830.5522419660755,747.4498987557804,1602.4845487353814
829.0471087847925,748.1128211362204,1602.4305315820422
827.6637844997581,748.7510147959738,1602.2346745553075
826.4103658470365,749.3668621354842,1601.9378690391907
825.3005321130767,749.9584719694446,1601.5932134189559
824.348045579854,750.5237338788312,1601.2551784564403
823.5560233967154,751.063204215303,1600.9710027857668
822.9163500766253,751.5796897671138,1600.776625357059
822.4179179508836,752.076351225875,1600.6941874248826
822.0471818258683,752.5571714218323,1600.7308537197953
821.7794106292678,753.0286188933022,1600.8785200781986
821.5782047260798,753.4977651309953,1601.1135292482074
821.4078073078388,753.9684989460901,1601.4002053436034
821.2435958581291,754.4408458395102,1601.7006841197172
821.0732574476816,754.9118826363414,1601.9834271450377
820.8929886301257,755.3748252896016,1602.2237555466531
820.7034893419503,755.817946904556,1602.4022391105195
820.5085212442407,756.2253377993859,1602.507241265205
820.3160375721727,756.5804847126667,1602.5386072429037
820.1382552262187,756.8716835064773,1602.5075060383
819.9888109736244,757.0947848251744,1602.4314713025913
819.8802030150999,757.2507402755724,1602.327100591721
819.8230628142805,757.34078580056,1602.2048478415284
819.82549164946,757.3654466798301,1602.068680856172
819.8925559865935,757.3277162514324,1601.9183286004193
820.0268444080792,757.2333182404678,1601.7505161178865
820.2292812116733,757.0874277390409,1601.559658316537
820.4990977300778,756.8932863629265,1601.3406245478332
820.8348997171304,756.653110673286,1601.093236608941
821.238404382274,756.3692973817191,1600.8263988336066
821.7154914831614,756.0446101333503,1600.5596390322355
822.2724547850858,755.68116025358,1600.3180373230853
822.9137299482503,755.2808919432662,1600.1226013873397
823.6414039115166,754.8471552268331,1599.9877187129164
824.4545302962385,754.3837155877109,1599.9292144283863
825.3516018491437,753.8936697098933,1599.9742859523105
826.3342343880303,753.3829316593406,1600.1644690995029
827.407669706886,752.8626189957223,1600.540326069124
828.5793027552681,752.3421625099612,1601.104679068753
829.8554097947492,751.8203734200251,1601.7927629922922
831.2355249656172,751.2881916220499,1602.4882726697422
832.7098934942101,750.7412076702008,1603.0823847004433
834.2644402729924,750.1883615119228,1603.5264767464723
835.8867635067058,749.6508549657354,1603.8392541121575
837.5632460430794,749.154182037117,1604.0743770178906
839.2717081269959,748.7180145966526,1604.2784847093787
840.9831912594723,748.3504979643886,1604.4661790330017
842.6721784418905,748.0500454589462,1604.622952808424
844.3230201338484,747.8107279991043,1604.7252463812442
845.9272279995835,747.6267414280695,1604.758319413272
847.4770599858261,747.4954201797968,1604.7225566515656
848.9638351873301,747.4186846530241,1604.6283434153638
850.3807599968885,747.4007914191664,1604.4871471657996
851.7239757958074,747.4447696531349,1604.3100294178632
852.9904633621794,747.5513158657399,1604.1124209834675
854.1756202185395,747.7174533190181,1603.914652038316
855.2738943451137,747.9350335116393,1603.7356279464527
856.2822701420968,748.193729034762,1603.586906840506
857.2013618637832,748.4849113249471,1603.4743631995366
858.033219332119,748.8006878069447,1603.4038659126327
858.7811509091032,749.132740259457,1603.3832791950053
859.4519256161923,749.4756151353974,1603.4201965224017
860.05528244438,749.8301190736368,1603.517950720162
860.6002415070407,750.2020085650927,1603.6718240647865
861.0926259589593,750.5977775607622,1603.8676923178712
861.5354613816196,751.022498566714,1604.0845132523782
861.9292547879608,751.480594801184,1604.2991602768382
862.2702883662887,751.9763599030751,1604.491771219425
862.5494433452695,752.51317354718,1604.6505436837951
862.7546000588694,753.0931168115247,1604.7721149266135
862.875338593104,753.7173223639686,1604.856157313553
862.9053355651433,754.3862166395053,1604.899478132136
862.8414453479082,755.0996207313821,1604.8941689053183
862.6820562373268,755.8570037992853,1604.8293920472963
862.4265304139956,756.6583017470646,1604.6943200363999
862.0760897273535,757.5051923391786,1604.482249256354
861.633754107667,758.4014450729571,1604.1981112743815
861.102467564838,759.3514937563427,1603.8650875454778
860.4836882090162,760.3581245495033,1603.521227812755
859.7764082145993,761.4212671029601,1603.2053543138668
858.9764560122804,762.5387248625543,1602.9404251387334
858.0772179917153,763.7067555096734,1602.7237982253541
857.0718309416447,764.9189203413147,1602.528429222507
855.9565210118973,766.1651962236358,1602.31194959442
854.733253452246,767.4341437416027,1602.0318380728525
853.410677499598,768.716486409113,1601.6664061839372
852.0065956772962,770.0064055699361,1601.2345859610973
850.5525594373552,771.3017321802153,1600.8028516802915
849.0933217511345,772.6036265344648,1600.4698210555575
847.6760793411179,773.9130317512701,1600.3268998847227
846.3363321522692,775.2265075538169,1600.4085617379924
845.0883224106315,776.5363421066344,1600.6646001902009
843.9214741620154,777.8339468304206,1600.9841762537164
842.8096233564686,779.1126049162208,1601.2563284027221
841.7349972423674,780.3678424509594,1601.4161618378482
840.7052954283736,781.5957448800675,1601.4526674775125
839.7462315487201,782.7907093075617,1601.3908909987138
838.8820796706334,783.9451938182649,1601.266975284609
838.1238443867056,785.0522529633075,1601.1120736710334
837.4690977388454,786.1068191299726,1600.9499491403026
836.9075109394685,787.1033869726496,1600.7983718008659
836.4261197934161,788.0354753895856,1600.6676605759621
836.011623614048,788.8986206828581,1600.5580203337477
835.6505254319102,789.6920102844217,1600.4607067058173
835.3296761933552,790.4182349788957,1600.3673651371669
835.0379242189889,791.0828441474766,1600.2797737702563
834.765888053593,791.6941323382368,1600.2088503016944
834.502763287014,792.2628411829492,1600.1668997034458
834.2364389592833,792.7998045503252,1600.1621692032847
833.9585012874762,793.3123265838937,1600.1973651761698
833.665417954592,793.8026209674988,1600.270609799839
833.3557101003936,794.2691867383994,1600.3771005612546
833.0312727973159,794.7086683051675,1600.5109726510616
832.6998474490761,795.1164214569283,1600.6679200868061
832.3721821713453,795.4874441383439,1600.8461959770746
832.0588406489617,795.8188086879728,1601.0449012564866
831.7711660404532,796.1118366921378,1601.2626549716597
831.5233487528296,796.3715642283131,1601.4958358530039
831.333864831648,796.6038873172873,1601.7347761928309
831.2246318903042,796.8128009559774,1601.9625185974776
831.2159548153802,796.9982888177576,1602.1578965923259
831.3216485450037,797.1565619813068,1602.299240452649
831.549568375412,797.2844068187578,1602.36825448
831.9058788903046,797.3835664467002,1602.355761372792
832.3978530444588,797.4599327326481,1602.2675540472355
833.0330107848212,797.5178311611113,1602.1242008042498
833.8176135643221,797.5555450780996,1601.9514859492936
834.7575415930692,797.5679724212652,1601.769094527739
835.8586200760548,797.5522892188962,1601.5882673581482
837.1217437815781,797.5087009824988,1601.4216757952966
838.5371446864106,797.4392739841376,1601.3012855078484
840.0871078554618,797.3493604001746,1601.2928576253819
841.756176033763,797.2468147986574,1601.488686000653
843.5388277967694,797.1374176985385,1601.9671225656887
845.4361954216438,797.021674900086,1602.7382634343953
847.4423262893313,796.8961796762645,1603.7210109103792
849.5325711910219,796.7580825177631,1604.7748867226105
851.6663391117725,796.6088462700426,1605.7568119619018
853.8001891400128,796.4559623718508,1606.5567736507985
855.8962759027618,796.3128323768533,1607.104054662494
857.9215093864474,796.1963260596267,1607.366828279686
859.8503010338508,796.1222384142486,1607.3539872731956
861.6773873531561,796.1008340511625,1607.1086335288317
863.4246358909998,796.1357552372191,1606.6928349422808
865.1293690029413,796.2260320347019,1606.173163706739
866.8245894626119,796.3687289687036,1605.6089638647015
868.5279080009848,796.5603949145047,1605.0438054076872
870.2444612777048,796.7962192492352,1604.5041628641825
871.9738726286452,797.068843558238,1604.003160504244
873.7108232709477,797.3684858668705,1603.5426144422647
875.4412476565536,797.684031301911,1603.1147235356118
877.1413190553429,798.0041458581151,1602.7092352620662
878.7825378966179,798.3167293166881,1602.323535559692
880.3403955830736,798.6085383643594,1601.9671760313593
881.8006440857671,798.8666813024736,1601.6579054941783
883.1598478767978,799.080468783221,1601.4147695169381
884.4216551201126,799.2437971647062,1601.2535490485202
885.59108844175,799.3566488166238,1601.1844274111852
886.670626577635,799.4232713533776,1601.2094805159486
887.6603218464033,799.4486483913068,1601.319167176839
888.5587093209839,799.4373929268254,1601.4913393730792
889.3638347810843,799.3963830914377,1601.6958902316057
890.0749100563623,799.3366450452771,1601.902565662993
890.6904687037559,799.2706093545196,1602.0877644719628
891.2048117156953,799.2069779133659,1602.237952361866
891.6110770312565,799.1486450862542,1602.348535690266
891.908481272531,799.0956081943228,1602.4195288007581
892.1030120101992,799.049123869176,1602.4520090633293
892.2015922998245,799.0124314985729,1602.446023991088
892.2087444073212,798.9885622787586,1602.3984666838044
892.1282530505797,798.9808794723207,1602.3042117408243
891.9638473475907,798.9950592122805,1602.161423301065
891.7159330875127,799.0370622355736,1601.9755917115176
891.3794239978623,799.11149234149,1601.7602966499144
890.9464059605073,799.2230904756896,1601.5363932873936
890.4100600266092,799.3756084239755,1601.3276098299111
889.7653552231395,799.5691855859261,1601.1513582194
889.0070581389267,799.8015159407599,1601.0107894800824
888.1272694109158,800.0698882462005,1600.8949371877122
887.1140356105418,800.3725792173979,1600.7907922418658
885.9564531301902,800.7121846673814,1600.7046447865182
884.657423844875,801.0958966244815,1600.6762240144833
883.2424015659352,801.5291553269362,1600.7662020305443
881.752897561762,802.0085120102677,1601.0170022191446
880.2262961429415,802.5193634259399,1601.4127984637776
878.6773872349228,803.0415934827881,1601.8721509856257
877.1004142622937,803.5611698374597,1602.2843474406095
875.4928254949771,804.076958518509,1602.5608977138145
873.8781660267513,804.5956454412931,1602.6615276777086
872.3041055023592,805.1227951179992,1602.5884873824662
870.8183068919577,805.6611902964393,1602.368611502633
869.4471626036692,806.2139846597138,1602.0362820035234
868.1949839683521,806.7842080833243,1601.622811913555
867.0579688580823,807.371546260356,1601.152365637945
866.033577237861,807.9707275939161,1600.642390943814
865.1171352708725,808.5709520138203,1600.108262576237
864.2973499765253,809.1559103620307,1599.5702076736472
863.5617550516386,809.7057426610492,1599.0586385585748
862.9047750328638,810.2009286290572,1598.6127824375587
862.3247401060489,810.6262767824887,1598.2716586073957
861.814167378996,810.9731414627178,1598.0627648384877
861.3583329925883,811.2386803658337,1597.9947896149565
860.942819027201,811.4229448609416,1598.058620393808
860.5596812993267,811.5272848238465,1598.2336930127913
860.2076911426071,811.5549341325643,1598.4929969681043
859.8898115597028,811.5113359802566,1598.806767143654
859.6116131938578,811.4028946423547,1599.1466899328323
859.379776822442,811.2360927508959,1599.4898176781833
859.1984285969261,811.0195383152932,1599.8216242081116
859.0667114503806,810.7656074807767,1600.1345245174084
858.9815913331208,810.4879890885421,1600.4204264339985
858.941612999577,810.1988981459158,1600.6640029753007
858.9464648746136,809.909837375382,1600.8433412579486
858.9951587529085,809.6335250370088,1600.9394822777442
859.0874836755106,809.3840876014996,1600.9499731251403
859.2276998233735,809.1752626078719,1600.8953562361685
859.4266529506381,809.0163303809059,1600.8106548586736
859.7000615890896,808.9087444157716,1600.7271065209864
860.0633003861665,808.846880565455,1600.6581547504022
860.5280320634414,808.820684938144,1600.5980045010692
861.1033070825697,808.8187235719827,1600.530667903681
861.7945113057723,808.8322810116657,1600.4445750002021
862.59857096709,808.8586424604171,1600.3482879131182
863.5021207487632,808.9020803615214,1600.2814397596337
864.4844689630675,808.9722611432585,1600.3130523430677
865.5233457400769,809.0789334019496,1600.5180550190473
866.6005351622343,809.2246383835168,1600.9350516916315
867.7025807065639,809.4015018146589,1601.5318361631703
868.8171965394032,809.5952803058889,1602.207275407181
869.9303539831526,809.7927849029535,1602.8304674246338
871.0270429613843,809.9866903893183,1603.2882891139047
872.095727620129,810.1753883274906,1603.5118677947323
873.1306416466724,810.3608179847153,1603.4801644947345
874.1287287579914,810.5470307717321,1603.213931233885
875.0881566639438,810.7386831264621,1602.7636575449587
876.0116793870253,810.9395134367101,1602.1923217128729
876.9081428302381,811.1512337009074,1601.5611322009522
877.7879021071968,811.3734357976396,1600.923387182772
878.6564005807786,811.6052155593534,1600.3226334909214
879.5134706814808,811.8453968993999,1599.789811731041
880.3589319048752,812.0904107124638,1599.339777406169
881.1945702788684,812.3344110183062,1598.973243333116
882.0185706473466,812.5720688066835,1598.6866569943609
882.8212669793122,812.7985214515514,1598.4818895380922
883.5884635493513,813.0054381393461,1598.3662062065018
884.3065774471423,813.1797810070643,1598.3453463345547
884.9630361444754,813.308999845265,1598.4187404612544
885.5464533881409,813.3863497948811,1598.5786058025515
886.0486509898844,813.4096535830104,1598.811407656379
886.4639673185128,813.3775716761636,1599.1018597915277
886.7878936546632,813.2897837939813,1599.435891297368
887.0176740812378,813.1497049186897,1599.7983758269322
887.1530753845778,812.965379519969,1600.1702910486451
887.1960304795264,812.7476085148461,1600.5314805607616
887.1483818931044,812.5085431341457,1600.8644611918692
887.0098365422009,812.261912220779,1601.1535611516258
886.7802371292555,812.021690236174,1601.3823104797407
886.462593071116,811.7991536357627,1601.5333238847945
886.0600242033031,811.6010543074389,1601.5920135181943
885.572390401508,811.430648427641,1601.553232515001
884.9997587848139,811.291384403961,1601.4279546913458
884.3463961095734,811.1887853899634,1601.2461382936135
883.6200461339596,811.1286215057185,1601.0504788304765
882.8278761552533,811.1148142322538,1600.8808383256483
881.9699979498364,811.1479718115029,1600.759354292712
881.0360842583756,811.2262786567519,1600.684348014179
880.0112975310292,811.3495717156925,1600.6322882288916
878.8855547612344,811.5194965227139,1600.567275849838
877.6574052374015,811.735752323488,1600.458281922441
876.3349316209376,811.9965304089657,1600.2971646945948
874.9377686208377,812.3013609282145,1600.1074198151073
873.4970201580825,812.651415778429,1599.9426235547817
872.0509518037984,813.047445779764,1599.8734074199524
870.6381070934104,813.4860515575363,1599.9540137676543
869.2860395391716,813.9582048758817,1600.1830043818043
867.9990921169651,814.4540882997902,1600.4964995118728
866.7598297992208,814.9695956148996,1600.802857135545
865.5487345031153,815.5063613407299,1601.0263227818534
864.3657505366825,816.0657402672625,1601.1280758044793
863.2343174651478,816.6444241980801,1601.1021331448378
862.1858421157742,817.2344812690169,1600.9617024242582
861.2414203867932,817.824762722059,1600.7282716910233
860.4069602606363,818.4022190873197,1600.4274232297444
859.6802484630717,818.9531658985475,1600.089094147766
859.0580305159488,819.4644074832934,1599.7456527569368
858.5362951827677,819.9243044203573,1599.426855895122
858.1072547001418,820.3252631218733,1599.1574606173835
857.7591409325726,820.6665774358545,1598.9578510297524
857.4783359988819,820.9527102462487,1598.8428474562734
857.2502761975684,821.1892469312936,1598.8176039398475
857.0598976728919,821.3826811597322,1598.8752688138386
856.8939613064174,821.5429372822564,1599.000971447782
856.7423931375772,821.6841308043323,1599.1790244244014
856.5965459889171,821.8210728011378,1599.3959702731524
856.4491654864098,821.9633750830462,1599.6387225402818
856.2967601446296,822.1138430512267,1599.893761920229
856.1403446581787,822.2732101640637,1600.1490417718746
855.985420354095,822.4439195429638,1600.3949293459711
855.8413399114895,822.6293327349034,1600.62412163482
855.7180398013411,822.8315358035604,1600.8312610112166
855.6230575130173,823.0494354442174,1601.0101305283124
855.5616440399109,823.280028412197,1601.1502320829968
855.5379614133492,823.5233640879914,1601.2370786445754
855.5567990674479,823.7838281244816,1601.2572324305281
855.6259230918976,824.0661947109969,1601.2074081418593
855.7563669441504,824.3739781067553,1601.1027101096
855.9620274236202,824.709662781429,1600.9734411348463
856.2602907000579,825.0711368348368,1600.849258503324
856.6693207498705,825.4491047810923,1600.745252011041
857.203213300646,825.8308963544039,1600.6608995124996
857.8720319798352,826.2045650542914,1600.5877497730335
858.6847415692541,826.5594572212268,1600.5192081150758
859.6476793869914,826.8871460028149,1600.4617311100862
860.7592788324953,827.1836784043595,1600.4446843630287
862.0079981763118,827.4519330463729,1600.5190879863353
863.375483351985,827.7007914440098,1600.737571283344
864.8398469928179,827.9380076050358,1601.1226593423162
866.3768317560376,828.1635808392166,1601.642717039266
867.9613888086566,828.3704983272166,1602.2117206872244
869.5690696012824,828.5500969498723,1602.716488594399
871.1776102880189,828.6975643329014,1603.0586626497952
872.770903623739,828.8156647582709,1603.1873957363216
874.3411582829042,828.9148275727338,1603.1053818034882
875.8854582330102,829.0078686627121,1602.852247852645
877.4008712911796,829.1039233441887,1602.4838241709622
878.8845927925689,829.2075804099933,1602.0579938859805
880.3383136785898,829.3204636486062,1601.6256873302457
881.7675634336899,829.4415430502212,1601.2262471787658
883.175154500978,829.5680058776625,1600.8872853728435
884.5582185916152,829.6980022683879,1600.6259032134794
885.9107097074232,829.8317692095192,1600.4504637952173
887.2269059438008,829.9687611146268,1600.3637802582975
888.5028089190946,830.1062014992609,1600.3642730646768
889.7340159753362,830.242193398425,1600.4441744688081
890.9135827535471,830.3783680723391,1600.5902272980413
892.0333773155008,830.5186775044538,1600.7871024913122
893.0864094788751,830.6657617703391,1601.018347183777
894.0673351634889,830.8186630651002,1601.2654856815038
894.9708428505899,830.9745324711657,1601.5086192214815
895.7892641244061,831.1320682818898,1601.728418053046
896.5125308676013,831.2927295364573,1601.909064331857
897.1305185920552,831.4595826241866,1602.0412199505865
897.6349549438928,831.6362819836133,1602.1212923099495
898.020947363639,831.826846073031,1602.1464222423826
898.2887156172139,832.0352654443241,1602.110901693397
898.443171291256,832.2645120252057,1602.0071165778909
898.4902730535388,832.5159274155455,1601.8288602545208
898.4332306303099,832.7902970654555,1601.574939894519
898.2718083026839,833.0900440965497,1601.2513707556539
898.0056233554089,833.4205559532888,1600.8706780143045
897.6387277967557,833.7878250767906,1600.4493749374574
897.1792308851687,834.1935360249516,1600.0055148920148
896.6335438652857,834.6340265051193,1599.5557352517371
896.0014960869308,835.1039598445735,1599.1129710528155
895.2751851820899,835.600015201568,1598.6853641301425
894.441699501133,836.1226764371592,1598.2730475037386
893.4886393756972,836.6748218289699,1597.8682342538855
892.4093192078211,837.2574227486086,1597.467241896587
891.207050305613,837.868009094144,1597.0896688290952
889.9000313542949,838.5031809455228,1596.7892318445947
888.5233888370632,839.1579583813578,1596.637105210674
887.1201054357485,839.8212120155683,1596.674778009923
885.7200057858433,840.4757793185255,1596.8715792689454
884.3219584468828,841.107053081939,1597.1308525234365
882.8998553813047,841.7121493920487,1597.340075307396
881.4329362388936,842.2991669665581,1597.4183396263106
879.9330092008348,842.8775622318253,1597.333526440343
878.4428315448922,843.450627677349,1597.0964557241139
877.0115346868447,844.0165405308413,1596.745644302096
875.672285188806,844.5719151641053,1596.3320554580591
874.4369577060647,845.1103342054995,1595.911879277488
873.3052518404456,845.6201433739718,1595.5446523474295
872.273521650397,846.0875302745104,1595.286300084131
871.331397348602,846.5011116685947,1595.1771439008378
870.4555550371814,846.8531925521364,1595.2321004676155
869.6157855357799,847.1400962744815,1595.4370686183952
868.7891537949441,847.3637535756837,1595.7537668958914
867.966973012215,847.5308605750585,1596.133131478865
867.1500665960634,847.6488903272224,1596.5318803564192
866.3421150219094,847.7229273687319,1596.9216676237247
865.5487620817215,847.7546257945891,1597.2875878545424
864.778299305396,847.743250030709,1597.62570357545
864.0392294801171,847.6876485568943,1597.942635320905
863.3378951871973,847.587380810396,1598.2497397660156
862.6790561620118,847.4444897232179,1598.553015763913
862.0671151561337,847.2652841835429,1598.8480781311018
861.5064991248652,847.0592981229539,1599.1231153792905
861.0003452771736,846.8371224811397,1599.3645762241404
860.5482614447196,846.6091238375343,1599.5604298194469
860.1494401598409,846.3847005310066,1599.7001868544337
859.8085949941585,846.1714713805129,1599.7742805305234
859.5346476825383,845.9747353966386,1599.775890828135
859.3361383680431,845.7991183755573,1599.7055451777633
859.2210922930283,845.6499560532776,1599.5762783825285
859.1991426655709,845.5300264894408,1599.414540349275
859.2828600361885,845.4354873807666,1599.2527094761115
859.4858104602076,845.3558944156798,1599.1162516146737
859.8191175162178,845.2767768067232,1599.0139040529878
860.29339869575,845.1842317777132,1598.9380817385113
860.921001690532,845.0699639063567,1598.876670608482
861.7095217431332,844.9321735398431,1598.8276343030138
862.6540966384755,844.7749991373696,1598.8041476431763
863.7362784306197,844.6102103392193,1598.828838943609
864.9263052999621,844.4557520715509,1598.9251545193647
866.188802757448,844.3289815250635,1599.108875016897
867.4920557338903,844.2405839485557,1599.3764334446878
868.8150544292744,844.1931394188243,1599.6928431092847
870.1492911273363,844.1843000275161,1599.9930125711041
871.4955535448441,844.2119449684334,1600.2032121111547
872.8570171463052,844.2761865273383,1600.2698133681238
874.2315887850788,844.3766266466846,1600.17718372807
875.6064403283018,844.5094802883298,1599.946967077585
876.957711116451,844.6679187302652,1599.6232647761444
878.2567594787997,844.843622243565,1599.2559453896579
879.4802118903131,845.0266796650125,1598.8914765700067
880.6175481570089,845.2053757347811,1598.5703403426758
881.6715527073727,845.3692810436904,1598.3264832466275
882.6521872938368,845.5130887315358,1598.1862336907418
883.5692745532818,845.6361317620548,1598.164218942387
884.4304584287024,845.7396046272354,1598.2584365453183
885.2424655817991,845.8261766348701,1598.4514909975057
886.0093399172918,845.9008800846387,1598.71717077527
886.7307456223571,845.9703117026883,1599.0247261546288
887.404596025783,846.040208619137,1599.3420759234707
888.0284752122276,846.1119649624007,1599.6427543172458
888.5974208997824,846.1808894178723,1599.911706665364
889.1043929531877,846.2400775977154,1600.1447194324548
889.5443131006186,846.2859887556451,1600.3445177155897
889.9154340861651,846.3192709987588,1600.517005052399
890.2158096167404,846.3421844246832,1600.6672475439805
890.4404186659548,846.3572717978727,1600.79622013967
890.5838256083102,846.3683658573334,1600.9004045206837
890.6435480433404,846.3820829458896,1600.972621428122
890.6186563795064,846.407576363899,1601.00216671017
890.5070379254745,846.4538017178586,1600.9756665426066
890.3056882011168,846.5271554632327,1600.881424529629
890.0129016145448,846.6333374935804,1600.717032704369
889.6293217891763,846.780468250428,1600.495843318042
889.1576188749162,846.9767284960715,1600.247083590971
888.601579992167,847.2255731750665,1600.0079552416382
887.9632727283009,847.5258675134285,1599.812659199107
887.2394342508488,847.8737544374042,1599.6837724604723
886.42079829639,848.2621758647238,1599.6268348773265
885.494866530484,848.6823494348498,1599.6285255651492
884.4501126385651,849.1290939955163,1599.6609359041918
883.2796516604158,849.6056825236001,1599.695601862828
881.9849554134962,850.1240035871624,1599.7266818192563
880.5814565062893,850.699608697666,1599.7928721402236
879.1025367160078,851.3435530215116,1599.9762505687404
877.5950949227501,852.0536417895836,1600.3578200539994
876.1042471687583,852.8123435843671,1600.9473397213226
874.6523912116161,853.5955950494861,1601.6485116201
873.2295529509892,854.3829051547089,1602.2985855577235
871.8127757429872,855.1595550503804,1602.7475691793657
870.4030480910783,855.9139495774574,1602.91395067229
869.0415333023246,856.6362213780104,1602.7962512267798
867.7870533672287,857.3204341934962,1602.458721001503
866.6810027430413,857.9683994721133,1602.0072126640466
865.7350007894386,858.5898198221258,1601.561261871683
864.9434370184302,859.196272653831,1601.22948615969
864.297355869592,859.793501726464,1601.0925042633762
863.7845865580682,860.3792067702183,1601.1909149668968
863.384544024992,860.948137065187,1601.5196646391619
863.0734823866921,861.4982139485454,1602.0362535630366
862.8375069216124,862.032136330671,1602.6814663829632
862.6772216697252,862.5549213014878,1603.397940205355
862.5986815169822,863.0695304033355,1604.1350941908986
862.5996965734357,863.5741990961793,1604.845005636332
862.6634986247723,864.0638762484222,1605.482201237489
862.7642662488602,864.533265741785,1606.011711185653
862.8776548045824,864.9780139253211,1606.4166705518912
862.9863772354519,865.3929836940924,1606.6985551090722
863.0787084159944,865.7708259991961,1606.8732984197466
863.1457918558046,866.10453427696,1606.9650248933167
863.1821696676573,866.3912308530946,1606.9972291663412
863.1865039054745,866.6334979321394,1606.9873414723697
863.1595771754503,866.8387664135946,1606.9465086273115
863.1034830981647,867.0168914791573,1606.8790262253049
863.0236725053079,867.1767616740394,1606.7814744000866
862.9292081193039,867.3248113092938,1606.6461193455082
862.8305080061116,867.4645486975131,1606.4671560720956
862.7384148727938,867.594949570107,1606.245738951272
862.6654469151708,867.7111329993576,1605.9933161588094
862.6277230903102,867.8084293015311,1605.7331890991886
862.6457172996027,867.8837130693393,1605.4972116288545
862.7416353178751,867.9328927639531,1605.315250766602
862.9350625180684,867.9502491514822,1605.203157539577
863.2425689703671,867.9308329724992,1605.1577812545645
863.6797473148548,867.8721561704043,1605.1601404546593
864.257687503504,867.7744599077483,1605.185113958341
864.9780863981391,867.642375342581,1605.214410234794
865.8353475149631,867.4872984882523,1605.2455446647205
866.8187670893863,867.3263417562571,1605.2946975088123
867.9115615814859,867.1774600176217,1605.3936771781919
869.0934075325331,867.054439593635,1605.5762545487337
870.3442223947133,866.9639184018025,1605.8534484041663
871.6463509959889,866.9040680339883,1606.1881933291031
872.9863014172231,866.8655700909213,1606.4899466317459
874.3536016368848,866.8367734153685,1606.642994244583
875.7383564885611,866.8106238940682,1606.5534874196578
877.1309265255512,866.7870678410465,1606.1844531941788
878.5209132484957,866.7695629892106,1605.5616020596594
879.8956730165798,866.7602512148261,1604.7566682835509
881.242595123731,866.7582156407201,1603.8655700257198
882.5531210311524,866.760562415828,1602.9905006937329
883.8255978141892,866.7624062127903,1602.2232555281676
885.064796467668,866.757078870167,1601.6290118411623
886.2757884336871,866.7400253369995,1601.2390595669253
887.4592407618059,866.7116038715234,1601.0549554219342
888.612426819807,866.675201851911,1601.0582668591355
889.7282719211522,866.6351290776154,1601.2215546416242
890.7920768781358,866.596548381341,1601.5137259079422
891.7827063353127,866.5640410676336,1601.8966864166123
892.6772307078999,866.537545182908,1602.323469537282
893.4545259775232,866.5108598564336,1602.7460106600427
894.0971381801724,866.4749759072602,1603.1265962043904
894.593275882718,866.4206183776779,1603.4449059033795
894.9390940949776,866.337899776365,1603.6986096070123
895.1390007964277,866.2174083359798,1603.8978912109085
895.202604661902,866.0531572226537,1604.057016635097
895.1399915227123,865.8428493145839,1604.1877429482272
894.9602256853564,865.586691966389,1604.295738713588
894.6742899487663,865.2896358028363,1604.3786552043437
894.2959300203443,864.9630927265264,1604.4266781596782
893.8375626694788,864.6217884812236,1604.4262030538841
893.3069759077887,864.2808732927032,1604.3640008387113
892.7085398790999,863.9558536580406,1604.232502718052
892.0469050029983,863.6617690453526,1604.0384040986567
891.3286448145299,863.4102754858839,1603.8073712760101
890.5593975036287,863.2064097793459,1603.577576067021
889.7400677036184,863.0490240975755,1603.3874306282971
888.8647895963825,862.9352466384125,1603.2655248017822
887.9211044564693,862.8623762241295,1603.223043893141
886.8931868364318,862.8263164909904,1603.2482936300335
885.7642057231461,862.823822335832,1603.3087453355477
884.51781514389,862.858237371463,1603.3653241361553
883.1441139653666,862.9407365201569,1603.398559112087
881.6475839460098,863.0865021142733,1603.4354458690677
880.0524646148345,863.3087997249434,1603.5503003234026
878.4010537081973,863.6114658934071,1603.8202486476423
876.7359512577348,863.9867604260212,1604.2600314398585
875.072213064578,864.4232697261488,1604.7961706783408
873.3892523102065,864.9149922880748,1605.3061225896304
871.6606862467941,865.4612455122484,1605.6808229248352
869.8964748140518,866.0578316645338,1605.862293465715
868.1520858964964,866.6908450754854,1605.8500775295852
866.4938916204125,867.342478001712,1605.6893052328533
864.9586348917826,868.0024443557709,1605.447178190114
863.5454921641232,868.6718667708875,1605.1869500574967
862.2361121310162,869.3577212071417,1604.953164478951
861.0134931853192,870.0657437501832,1604.7708187074547
859.8653113339753,870.7975964787411,1604.6499253236852
858.7799735318864,871.5522661410791,1604.59148161081
857.7473551434654,872.3269685049854,1604.593257145815
856.7637661910965,873.1155103262209,1604.651074736791
855.8336070124963,873.9085380659616,1604.7571445943238
854.9647472842928,874.6957187788848,1604.900060020122
854.1626611569172,875.4660079772242,1605.0663707745925
853.428461284793,876.2077235812042,1605.2421479043453
852.7597353392991,876.909785454814,1605.414827573642
852.1521928580621,877.562679644195,1605.574716892981
851.6005491875808,878.1597013459094,1605.7141766769612
851.0979785674238,878.6976324909671,1605.8269803049964
850.6372773328374,879.1755810703173,1605.9099386327418
850.2147610074113,879.5934249334006,1605.9619734489954
849.8312228240341,879.9512573747656,1605.980774867622
849.48752090889,880.2504184404704,1605.9631897227855
849.1825720889174,880.4943442843454,1605.907066208615
848.9174010290607,880.6874669616574,1605.8094962330933
848.6974401344414,880.8344795124619,1605.6637561375005
848.5295226301134,880.9415510228089,1605.4585269393688
848.4186383418869,881.0168656490314,1605.1806629302907
848.3672334539222,881.067336599636,1604.8209846245072
848.376129172073,881.0943372290908,1604.3816661773776
848.4469090558068,881.0945464139967,1603.883094990911
848.5856489644513,881.0640487115571,1603.3639529534855
848.8046832183562,880.9997104473615,1602.8690388974946
849.1199871257486,880.898616368677,1602.4303492823392
849.5462433071601,880.7578300055612,1602.0549108585458
850.0937050480089,880.5734297047677,1601.726403440261
850.7687998911969,880.3413511089227,1601.417946178747
851.5726824777566,880.0619292171363,1601.1108733077394
852.4966689571875,879.7423520626515,1600.811687549506
853.5228281189311,879.3930851103951,1600.5587555346422
854.6288475625042,879.0213284321939,1600.4116297568394
855.7911662247192,878.6252584060542,1600.418780693593
856.9855615793992,878.1914197344261,1600.5805079441013
858.1867931306997,877.6975439667071,1600.8398175030866
859.3710208418519,877.1216583348731,1601.1100551252277
860.5225865136867,876.4528309652846,1601.315174654084
861.6398224952575,875.6954581001954,1601.4141929991322
862.7317354794316,874.866216929428,1601.401101362775
863.8064521003821,873.9894892839893,1601.2927652576154
864.8640253463624,873.0935526756087,1601.118903560726
865.9008807241557,872.2064138259607,1600.9156935855851
866.9171679569032,871.3512485341445,1600.718105587172
867.9163529214366,870.5437041744233,1600.5506502308524
868.8997777517243,869.7928967909222,1600.4231902820666
869.8650653979576,869.1023612153605,1600.33617454627
870.8084664493821,868.4682091259535,1600.2898695446988
871.7255183476492,867.8792243529738,1600.2884952363584
872.6098557551109,867.3204410875835,1600.3369599039345
873.4532210094285,866.7764685695123,1600.4366977521804
874.2467068003223,866.2335136410579,1600.585644071947
874.9816044639516,865.6798772111524,1600.7789568409428
875.6494123210558,865.1053859829079,1601.0068693538906
876.2420419866147,864.5022080692034,1601.2529225271514
876.7532057818828,863.8668298783214,1601.4969472660794
877.1798198072158,863.2004555151254,1601.720183027341
877.5202913961446,862.5078193311984,1601.907307170282
877.7710713868411,861.7957067620222,1602.0461680906546
877.9273177101959,861.0707492446712,1602.1282338585058
877.9871979141412,860.3376636045509,1602.148702734668
877.955076131231,859.6003161961853,1602.1056197377798
877.8410587693808,858.864296764797,1602.000619649912
877.6565837400766,858.1360898294428,1601.8406605758228
877.4104202344217,857.4185306107436,1601.6370115800578
877.1078859980813,856.7105438903245,1601.4019242208146
876.7514500609525,856.0134023541881,1601.1475357329075
876.3416767604174,855.3347679956255,1600.8906956045205
875.877969098516,854.6867870273637,1600.66114139767
875.3600632011893,854.0818674822367,1600.502649377102
874.7894369261762,853.5284598959023,1600.4601354523718
874.1675874089245,853.0298545792075,1600.5604175381914
873.4918232831662,852.5878223585815,1600.8010660374534
872.7520692393952,852.2064609320655,1601.1511458620912
871.9336648867878,851.8922718969602,1601.558320306715
871.0239251367034,851.6528867935741,1601.965256070019
870.0142097489872,851.4978758356875,1602.3407597197368
868.9015873851679,851.440062986437,1602.7059171362303
867.6961502544962,851.4911792726236,1603.1202067880836
866.4222735305256,851.6536715651695,1603.628524328834
865.1032851394262,851.9197424952426,1604.2190125822758
863.7449011346956,852.2773744774707,1604.8310371858943
862.3418432144019,852.7131433181536,1605.3932839995673
860.9035908645255,853.2120455013993,1605.847707312117
859.4658401532383,853.7594676125244,1606.1518763582387
858.0715997368826,854.3435604037429,1606.2798115818182
856.7480106233724,854.9571093086012,1606.224851964431
855.5046326065957,855.597520768614,1605.9992773801616
854.3445698652637,856.2623798334025,1605.6329900044325
853.2706792146246,856.9457401586375,1605.1683498973516
852.2850139261948,857.6377804880403,1604.6491627834848
851.3877792254808,858.3251141297134,1604.111445372936
850.5788880294892,858.9928298315575,1603.5820817178796
849.8602177975362,859.6270166500244,1603.0849727840473
849.2342351842858,860.2149142064213,1602.6475714668343
848.6999330620607,860.7445283013635,1602.298919365002
848.250895177447,861.2062406970136,1602.0598377761091
847.8763348082746,861.5960285418035,1601.9351224146433
847.5641855285477,861.9162521609346,1601.913558303924
847.3031932159377,862.1716899366609,1601.9721000971213
847.0810023001766,862.3656499418728,1602.080823071689
846.8832458369195,862.4996102737612,1602.2093416233176
846.6984240919624,862.5742540722079,1602.3332611746685
846.5232163017993,862.5907149331173,1602.4373021875865
846.3615483033484,862.5507366449696,1602.5146438903528
846.2192781120809,862.4555187347005,1602.564175016515
846.1010706341193,862.3069798013788,1602.5865483975988
846.011050490552,862.1112103117655,1602.5810205020675
845.9536543086118,861.8789812512402,1602.5449505126505
845.9334245314908,861.6229028252728,1602.4736669359104
845.9546547546695,861.3547075061749,1602.3592119062052
846.0216674278876,861.0833889527672,1602.1923598520812
846.1401263371769,860.8148681698924,1601.9703054745885
846.3174664209579,860.5541600557879,1601.7033876238866
846.5617446597369,860.3073811824593,1601.4143449790836
846.8805740416955,860.0806582004443,1601.1298561729955
847.279911350035,859.8770513180764,1600.8670803293269
847.7629874384453,859.6956270409454,1600.6252298346121
848.3308938931575,859.5347550585154,1600.3944491539617
848.9842730888479,859.3960164693683,1600.1780021101406
849.7257502724348,859.2842105913701,1600.008321517462
850.5629588377041,859.204032714103,1599.939401575883
851.5100142993064,859.1566730764102,1600.014081181528
852.5837191026734,859.139104079392,1600.2321098895995
853.7930865624298,859.1476202315052,1600.5536511655405
855.1313340816433,859.1817815187679,1600.933140635098
856.5801953623804,859.2434726037077,1601.3420971414075
858.1178329803852,859.333644378661,1601.76269314828
859.7168670707387,859.4513366535996,1602.170533105261
861.3376007259158,859.5951555056971,1602.5263942509225
862.9300082663739,859.7653511842117,1602.7828285250653
864.4467249539014,859.9635098687494,1602.9000532261098
865.8575450980196,860.1907801577672,1602.8605392172792
867.1543286583668,860.4482848399476,1602.6748415026375
868.3440744118708,860.7375353771179,1602.3749491114
869.4384606190296,861.0594664750222,1601.9991730299703
870.4477446417108,861.4145364822238,1601.5807621893312
871.3791761424394,861.8020416335196,1601.1445698311616
872.236346713002,862.2183609434749,1600.7066550532636
873.0178435465275,862.6572969971289,1600.2773418716176
873.7176632533572,863.1112704017698,1599.8672543834618
874.3298966015974,863.5716592479365,1599.4899737067599
874.8527937129571,864.0288609767553,1599.1625853424791
875.287406317035,864.4724905133728,1598.906365081057
875.6371621384047,864.8927510319809,1598.7424206343555
875.9114840247139,865.2823204047,1598.6836695621887
876.1254890888142,865.6363425079096,1598.7315298340332
876.2956745537393,865.9511954749576,1598.878103299195
876.4374202418561,866.2254301305937,1599.1075020648814
876.5620560301273,866.4620154950951,1599.3942312685365
876.6730339660166,866.6677906951236,1599.7043933836908
876.7644648206533,866.8519077720175,1600.0028506112735
876.8218618439894,867.025488463441,1600.2607517637243
876.8254977872989,867.198917105341,1600.4582104815072
876.7561629550723,867.378816028601,1600.5822264317162
876.5999142531533,867.5700103212409,1600.6240018792828
876.3491770997033,867.7780814681109,1600.5808961208065
876.0015286467392,868.0092189694772,1600.4619454288015
875.5592464938145,868.2707655833902,1600.2906060325965
875.0287079695312,868.5702880656033,1600.102117457328
874.4169232225505,868.9124543369112,1599.938283886777
873.7276944087376,869.2999553419015,1599.840877954439
872.9610717942617,869.7360310588542,1599.8412588290462
872.1144509600085,870.2221177205363,1599.9478487423876
871.1833313115421,870.7558626184338,1600.1376324002374
870.162099091017,871.3342184276515,1600.3562104844204
869.044769770463,871.9565624196518,1600.532159318517
867.8276990520319,872.62549271998,1600.6099824328408
866.5158043192021,873.3472497058857,1600.5900553942279
865.1298370849626,874.1293567527731,1600.5456623177993
863.7111767658679,874.9727027394918,1600.5870630646284
862.3144799733993,875.8655906577775,1600.7821159469943
860.9802948536291,876.7890838812715,1601.0990189010845
859.7097254816291,877.7270275348644,1601.4240435193228
858.4761935930476,878.6690132233338,1601.6312066380333
857.2667433357512,879.6080652836088,1601.6485049313937
856.1070119777329,880.5389987789372,1601.4882029571143
855.0449228823563,881.4588808972203,1601.2319069193195
854.1122535277332,882.370370919642,1600.9859013921973
853.3001077748422,883.2839649676018,1600.83840774186
852.566246668936,884.2139981595936,1600.8365152339268
851.8611926904674,885.1728502546273,1600.9825365900567
851.1492130564627,886.1695356378212,1601.2435789770805
850.4148931887387,887.209444125688,1601.5668711248036
849.6614895473352,888.2908533157571,1601.8962413479655
848.9084469090603,889.4017163293295,1602.1869218399306
848.1874660424506,890.5219528106657,1602.4141052200953
847.53460873117,891.6295621318084,1602.5714765139155
846.9811235906913,892.7043359756765,1602.6625434488121
846.5470866891756,893.729143814917,1602.6939960375325
846.2396767554795,894.6915270931129,1602.6749262762476
846.055640657978,895.5830566138022,1602.616124041356
845.9865255746206,896.3982594113072,1602.527591675436
846.0242472850917,897.136519376707,1602.417898193482
846.1630549312773,897.801521630161,1602.29410816496
846.3974920154762,898.3976624864287,1602.1606677652258
846.720968879432,898.9301847205721,1602.0184349583612
847.1267025354979,899.4068751690817,1601.8637613178971
847.6080719531718,899.8354140900087,1601.6893412504294
848.1583361713102,900.2201195555098,1601.4869344705137
848.7711176910384,900.5641643844557,1601.2486989445515
849.4396078308572,900.8723801415891,1600.9689128077623
850.1549846604463,901.1486651914427,1600.6509408091706
850.9070823436623,901.3943161740746,1600.318072662924
851.6885468107912,901.6109451907323,1600.0165293645964
852.5010291805138,901.8002395075116,1599.7997418658235
853.357451898705,901.9594223635416,1599.7028543079332
854.2775579858301,902.0812603488945,1599.728634540776
855.2827109032858,902.1594302334603,1599.8520206007404
856.3939077627324,902.1920469968035,1600.0341814288931
857.6291492403673,902.1832822272089,1600.2373020821678
858.9986954878599,902.1452667300043,1600.4386425223086
860.5023076127529,902.0972678527721,1600.6429520936194
862.1295243422028,902.0623977401938,1600.8843275505128
863.8613145865803,902.0621595798477,1601.2069349877795
865.6733419844882,902.1077795203605,1601.6295610848688
867.5397145707591,902.1962755450089,1602.1178784058498
869.4345355484518,902.3169015031681,1602.5869742980335
871.3327904150966,902.4606720015354,1602.9337361944965
873.2135385047649,902.6244058181265,1603.076905975268
875.0628759108789,902.8085018672936,1602.9811491441292
876.8723481618714,903.0141545384322,1602.657928530747
878.6344212702384,903.2427824972978,1602.1510111235996
880.3406993224644,903.4952026334607,1601.5188371228394
881.9846562274618,903.7706557838609,1600.8209278507272
883.5643025867479,904.0670893880484,1600.108354755681
885.0809770185094,904.3811108240649,1599.420261000501
886.5366409561774,904.7062140871996,1598.7882096281992
887.9325116242147,905.0320007537448,1598.2417368233187
889.269161567625,905.347284005358,1597.808800105974
890.5475936769022,905.6439748450757,1597.5114938047861
891.7701220856956,905.9178427275349,1597.3600634096977
892.9401878103611,906.167331037532,1597.3506352380618
894.0604259726441,906.3915179458338,1597.4685036882167
895.1296529852763,906.5876144194929,1597.6903707560414
896.1397610861588,906.7513673508383,1597.9837104626295
897.0717080647249,906.8798693951236,1598.3094907555894
897.8963363578392,906.9719846701472,1598.6280181724846
898.5847583769528,907.0262971624636,1598.903517548043
899.1173484360479,907.0391797791187,1599.108391408784
899.4850227231643,907.0052214545045,1599.227706666529
899.6883445134957,906.9202001358375,1599.2605549817897
899.7336830865689,906.7831634935129,1599.2162907509248
899.6282429915562,906.5967331760089,1599.1080978496589
899.3804476039409,906.366698885442,1598.9478077565834
899.0015350230719,906.1001718379073,1598.743952091011
898.5041033684504,905.8042982416691,1598.504212659975
897.9009708081313,905.4875253539977,1598.2420246875072
897.2039591951661,905.1595966003802,1597.9820862959778
896.4217974727729,904.8298114441335,1597.7574423196018
895.5597744695834,904.5081940421089,1597.600686456216
894.6199379810566,904.2073484425998,1597.5397703981866
893.6003266587165,903.9395545598202,1597.596933827797
892.4953339508152,903.7117938376821,1597.7797917228568
891.2971540376686,903.5252114671085,1598.0668560719955
889.9951979624852,903.3795210809606,1598.4041507064899
888.5748515076905,903.277811631261,1598.7240925765195
887.0225801996584,903.2280136734585,1598.9805822404169
885.3382626815621,903.2414617059972,1599.1804799568588
883.5442611539852,903.3289790249197,1599.3817273778773
881.680736187825,903.4939884118295,1599.6427321666877
879.785069125252,903.7300166104532,1599.9608752801435
877.8671121031741,904.0266715778691,1600.2602681299118
875.9091720981368,904.3740321323952,1600.4346684580714
873.9021926150212,904.7608965483182,1600.4025141832592
871.881220162657,905.1741570777884,1600.1442847682051
869.9200952806582,905.6030388111509,1599.713894188555
868.0927871143552,906.0435315201283,1599.218118665858
866.4370571708455,906.4979755934825,1598.7736765011582
864.9449378889202,906.9728018410088,1598.4684533947502
863.5794612888154,907.4776822619592,1598.3429037655803
862.3000645890012,908.0224188666755,1598.3907866653417
861.0804090384818,908.6116028784934,1598.5718780110722
859.9152848881247,909.2430422468015,1598.8282600265125
858.8203182307079,909.9093827724395,1599.0996617165592
857.8267309177422,910.5963704484603,1599.3351975544351
856.972564368712,911.2803585079766,1599.499926987487
856.2905061795198,911.932001000771,1599.578652681342
855.795866272258,912.5221154331646,1599.5763059653434
855.4839516582051,913.0239930531451,1599.5122417771197
855.337594917156,913.4151727387066,1599.412708158928
855.3359513321274,913.6815912627036,1599.3049628657845
855.4596444381981,913.8200106833052,1599.2108187147146
855.6927702899775,913.8356059984244,1599.1413138404175
856.0229977546683,913.7391919132006,1599.0969756736838
856.4400757210155,913.5464476748406,1599.0726796554989
856.9341342301573,913.2755015254075,1599.0622555269365
857.4967975961105,912.9427303937459,1599.0582129025051
858.1237129449612,912.5601905464284,1599.0479082906086
858.8135423712101,912.1358335899906,1599.0149456841452
859.5643834619208,911.6765940073508,1598.9479583956052
860.3717658163832,911.1925419789549,1598.8482853121009
861.2289975368245,910.6966665219322,1598.731485219453
862.130108379481,910.2001108970953,1598.6230501661855
863.0726351449143,909.7093346876244,1598.5482756908966
864.0567774159836,909.2273730340416,1598.5198799602554
865.0840256699961,908.7563933377646,1598.5305314544414
866.157465523184,908.2990853324103,1598.5554927107153
867.2806554375426,907.8586638017358,1598.5693893939206
868.4557517877403,907.4393940081325,1598.5718465235425
869.6862243102154,907.0479947017908,1598.5987062001934
870.9827549463591,906.6930402385099,1598.7006945130665
872.3620422668372,906.3821024478306,1598.9065469482211
873.835003990688,906.1205773670016,1599.2072723688182
875.3974914844965,905.9121251581121,1599.5685782870926
877.0328421149679,905.7586429668686,1599.9432160155284
878.7141423061404,905.6619162026723,1600.2713081690815
880.3978808610225,905.6261444369034,1600.4846655279102
882.0232966528939,905.6571423257326,1600.522061666635
883.5287396328961,905.7586430290802,1600.3467966796145
884.8758697628089,905.9297899854188,1599.957044638318
886.0617854713552,906.1668613303783,1599.386521120026
887.1065063503219,906.466872049938,1598.698971623119
888.0296069533647,906.8272014683766,1597.976532441797
888.8406771604411,907.2418945903776,1597.3034105376944
889.5454806054098,907.7007130918216,1596.7530686571727
890.1535669052452,908.1920013414098,1596.3819776407395
890.6797731271586,908.706672323757,1596.225534320349
891.1397766022385,909.2413365228233,1596.2945518940412
891.544455953132,909.7975811989998,1596.5745734638049
891.8983276775916,910.377177565993,1597.029718577951
892.2001730450744,910.9786735493221,1597.61187757318
892.4433644315623,911.5985965621805,1598.270925272077
892.6184919936826,912.2339200017921,1598.9589902150142
892.7179144253444,912.8831889670572,1599.631701915604
892.7383804332646,913.5463276080111,1600.2536500198707
892.6801847711964,914.2216179761296,1600.8035762685984
892.5449782364043,914.9032391048573,1601.2709066618324
892.3358682879608,915.585228506698,1601.647906584238
892.0577479173058,916.2670868067348,1601.9266395568175
891.7127414349677,916.9535695595047,1602.1002851685216
891.2962851839227,917.6500019039772,1602.1632754061804
890.802178509541,918.3587202664179,1602.1109741607381
890.2298647220246,919.0807418019704,1601.9426987461006
889.5841773892329,919.8204669441515,1601.6671685222313
888.8714893206088,920.5861946527742,1601.3082205025821
888.0983625298936,921.3853090173742,1600.907377506574
887.2709343318922,922.2200036002199,1600.517707822709
886.3922417809994,923.0867891885208,1600.189215639494
885.4587420424373,923.9790531928717,1599.9533887697703
884.4602877057824,924.8901152077742,1599.8136392461804
883.3837794675136,925.8146561342041,1599.7440463234093
882.2157415168738,926.7486917746583,1599.6981087397692
880.9446336436359,927.6903212872182,1599.625343240598
879.5669696931972,928.6433567930846,1599.490076378505
878.0938482492293,929.6181501409706,1599.2881356052594
876.5524293008914,930.6252872010796,1599.0537766639031
874.9828162572497,931.6700171437167,1598.849121460013
873.431535347295,932.750888936845,1598.7351035532547
871.9404250811536,933.8591080558344,1598.732352207707
870.5326494587135,934.9806636844571,1598.7972895459295
869.2035932217526,936.1016560787205,1598.8380692479243
867.9287436796202,937.2118819002494,1598.759917246071
866.6905468516234,938.3045544783266,1598.5041635825269
865.5012267866224,939.3734981204152,1598.061550790309
864.3976638035166,940.4118954593763,1597.4668241301247
863.4170493247717,941.4154723010561,1596.7875263428193
862.5787327083798,942.3842223974831,1596.1114770063384
861.8838077179453,943.3183398802745,1595.5300357439596
861.3261593451446,944.2150912783493,1595.1164484979986
860.8989850311083,945.0705100316425,1594.906000343664
860.5916588975822,945.8814616324864,1594.8888280100327
860.3894006497037,946.6454580598817,1595.0214922128591
860.280127895136,947.358327101649,1595.248371455553
860.2597664382856,948.011236285852,1595.5169908271769
860.3312780833481,948.5912958079075,1595.783684642378
860.4995867597404,949.0864774750827,1596.0163476340456
860.7669121317343,949.4888053511877,1596.1966313554208
861.1312061486249,949.7922804177047,1596.3186825703478
861.587287592252,949.9908706936741,1596.3842675762155
862.1283044712119,950.0803525755675,1596.3976300626196
862.7465758466112,950.0596098388656,1596.3621335544917
863.4349966157713,949.9298011054773,1596.2780483455208
864.1879165904338,949.694966688857,1596.1414610787003
865.0014691573102,949.3638258661359,1595.944814960551
865.8746078360002,948.9500352829947,1595.6780338010853
866.8071642252478,948.4703477049079,1595.3322942547525
867.796324847013,947.9414194784356,1594.907567338508
868.8385644886395,947.377006368174,1594.4165248676059
869.9328542457956,946.7873940444692,1593.8810553417638
871.0797200841163,946.1802720220869,1593.324951909555
872.2805284091726,945.5602128946476,1592.7654211095346
873.5383416252198,944.9273031642352,1592.2099159567447
874.858337227595,944.280333903132,1591.6654210380007
876.2476485826334,943.6246086385945,1591.157614191171
877.7138303870415,942.9757574145715,1590.7492966516834
879.2638691973985,942.3558392826005,1590.5425983451514
880.9067009890998,941.785574573275,1590.6483551280076
882.6545216348529,941.2754983409508,1591.1256905862074
884.5138433600754,940.8202451775637,1591.934081012183
886.4699806008863,940.4013297502202,1592.9441985042795
888.4846446362345,939.9974390236584,1593.997963472098
890.5129145633699,939.5961335051318,1594.9657700468035
892.5190039614326,939.1994386804984,1595.770105726396
894.4767453094892,938.819803630435,1596.382233690926
896.3646248197418,938.4710190602303,1596.8071210853157
898.1657844551511,938.1620823391327,1597.0665599364029
899.8717400359305,937.8972787450355,1597.1867119264716
901.4851907851007,937.6775172126727,1597.189814232484
903.0167448795736,937.5009480660572,1597.08991806817
904.4749722041007,937.3650929218397,1596.895476230886
905.859937145985,937.2675190537445,1596.6152176904127
907.1673437235032,937.2037667760309,1596.2605999401778
908.3953675032453,937.165563447371,1595.8449427189933
909.5455238197885,937.1419548487901,1595.3839559759297
910.6201782066596,937.1231066895273,1594.8987264738375
911.6216573788691,937.102694811037,1594.418105631162
912.5534868609419,937.0774369097949,1593.9766737525556
913.4217407663615,937.0472867243603,1593.6082167636368
914.2334480842258,937.0153264026268,1593.3406206860316
914.9931298242691,936.9836690825846,1593.1943987852928
915.703929340259,936.9516651633294,1593.1801696944142
916.371529143534,936.9207888811675,1593.294804424707
917.0005203305888,936.8969473570037,1593.52117016847
917.5868882427687,936.8866258541216,1593.8322007068937
918.1195984475952,936.8948533969644,1594.196063359352
918.5885116887706,936.9268760820279,1594.5793586078346
918.9878191640373,936.9889917499709,1594.9480025467685
919.3132199298476,937.0880649418289,1595.2703903126057
919.556262922309,937.2300206379375,1595.5234859455086
919.7012055953621,937.4168686955492,1595.694052935717
919.7283834596466,937.6460269711686,1595.7739112994686
919.619894553385,937.9129953666234,1595.7573844998014
919.3617388283865,938.213388059135,1595.6439515109992
918.9438373496689,938.544475983279,1595.4430471617902
918.3614587980021,938.9058759529469,1595.1764046493042
917.6159169979471,939.2969760677629,1594.8746015606307
916.7119943993717,939.715498968791,1594.5716477880924
915.6551590949658,940.1594815194519,1594.3006097287794
914.4498821739187,940.6270895032328,1594.0866707267487
913.0983625304301,941.1139019332925,1593.9400452672037
911.6023894389432,941.6137008151734,1593.8560702445545
909.9670233216755,942.122927314397,1593.823341606835
908.2024617206598,942.6432212542079,1593.8382415363076
906.3273650705928,943.1805150565777,1593.92127289186
904.3729629124937,943.7408529766365,1594.1173465465658
902.3770231808078,944.3239564456484,1594.465990642397
900.3643120741262,944.9221066077001,1594.9617695956294
898.3291934754675,945.5264736265415,1595.5426262224428
896.241616574909,946.1302001580943,1596.1150959265904
894.076890126012,946.7229714322308,1596.5905897369212
891.8427127343639,947.287220178322,1596.907440644448
889.579751909573,947.8054130214423,1597.034848899443
887.3381766527162,948.272798704585,1596.966584286501
885.1509893023751,948.7020741199545,1596.7146966061823
883.0262283949863,949.1155689652312,1596.3099372215102
880.9622093626342,949.5344115574089,1595.803174608359
878.9653775422476,949.9745705421742,1595.2572805284008
877.050183800411,950.4484720891098,1594.7309549470153
875.225580577031,950.9647495328334,1594.2670038027695
873.487023090085,951.5240639579769,1593.8913931224195
871.82276677971,952.1156133058605,1593.6170791256022
870.2275315149587,952.7185956385358,1593.4468835029213
868.7090740523882,953.3080471673364,1593.3754787289774
867.2831176861014,953.8606358173308,1593.390477966649
865.9663048394483,954.3566952554844,1593.4728455828827
864.7720991980433,954.7789636980257,1593.5994277825102
863.708691416277,955.1118807906222,1593.7482605871273
862.7789856471123,955.3432889688917,1593.9029006265152
861.9804521004831,955.4656809705481,1594.0521787693544
861.3068369211435,955.4751920257327,1594.1865999281172
860.7522630035156,955.370704754259,1594.2969057478676
860.3114710555114,955.1548738568675,1594.3763791078911
859.9773393142622,954.8357800232566,1594.4216383842188
859.7406907788318,954.4268717999864,1594.4295786249236
859.592014799413,953.9436986111272,1594.3944746283084
859.5237281104102,953.3993655569444,1594.3084685594777
859.5312516662073,952.8026740921078,1594.1647258148555
859.6122093839343,952.1591633448619,1593.9609148358386
859.7654701333145,951.4739174254116,1593.702490366413
859.9897204356067,950.7551773137748,1593.4067981983187
860.2823112994126,950.014377787727,1593.1053541849792
860.6421747178831,949.2615362809426,1592.837896441444
861.0739660285959,948.5019954315258,1592.6387410557727
861.5877038353697,947.7373377203477,1592.5258290478969
862.1960351687337,946.967090452684,1592.4979872048625
862.9116994978275,946.1893858560686,1592.5380746354272
863.7448779422676,945.4026142980942,1592.6221380713973
864.703097505683,944.6094140945607,1592.733695487349
865.7942626911436,943.8195032696257,1592.8760304335676
867.0273442513029,943.0481416633794,1593.0739536559513
868.4099337311768,942.3126541010505,1593.359196191815
869.9478955110616,941.6287246895458,1593.7441255219944
871.6429813380191,941.0056666454481,1594.2021993640194
873.48254305868,940.4438527723601,1594.6697230826578
875.429748289086,939.9372489060247,1595.0649840252897
877.423935945985,939.478041244411,1595.3114437257805
879.3928483747734,939.0605826883822,1595.3560377787119
881.2721831945561,938.6831093837064,1595.180875994728
883.0204467268109,938.3471600321454,1594.808328438282
884.6222926320168,938.056935960844,1594.295124526725
886.0833546234884,937.8176791220653,1593.715736959397
887.4194666481633,937.6335708135678,1593.1455048235937
888.6456397065602,937.5079247933754,1592.6493598022978
889.7717077427311,937.4439077407528,1592.2756191302553
890.803631747189,937.4428854671066,1592.0544234260922
891.7455529032699,937.5012839137397,1591.9970157495013
892.5996913724105,937.6099200107213,1592.0946959921898
893.3642552664832,937.7574673432933,1592.3220314424575
894.0334765685143,937.9333952928871,1592.6443801968094
894.6002790127006,938.1275571573171,1593.025519360939
895.0576022031019,938.3303256350864,1593.4321752982614
895.3986285811445,938.532699809745,1593.8337266477554
895.618452471199,938.7231820138433,1594.2008840288713
895.7163850586644,938.8864365877138,1594.5091325998353
895.6968694755645,939.0079693090474,1594.7446404511948
895.5695412496568,939.0794608808271,1594.9059858537905
895.3484379295395,939.0993926963786,1595.0003841193807
895.0484428193728,939.0707502429957,1595.0375043430965
894.681864857731,938.9987627932263,1595.0242679793132
894.2599407769117,938.8900476756895,1594.9633652486746
893.7962937836197,938.7524811343872,1594.8544282578603
893.3054479635927,938.5937880905595,1594.6949938276655
892.7971928450708,938.4213473624993,1594.4828656819634
892.2745498092761,938.2452762922742,1594.2226320361096
891.7373095621676,938.0794469093316,1593.9341290180982
891.1862176344541,937.9363501959398,1593.656196995364
890.6237349000945,937.8221407042588,1593.4414327562374
890.0496725203953,937.7392875117113,1593.345503720932
889.4551960564824,937.6918538667397,1593.4159899348053
888.8225200970862,937.6858106778565,1593.6803704940144
888.1311661247405,937.726576927707,1594.134004016098
887.3635464408734,937.8178183951726,1594.7359481224257
886.5050969640071,937.9622775022438,1595.4192211320517
885.5424852248036,938.1650401451446,1596.112247466473
884.4652931975909,938.436446360155,1596.7606346816801
883.2712675544252,938.7899013917254,1597.3368689935965
881.9687296170097,939.2359517279143,1597.8333472884344
880.5719651770515,939.7771630446842,1598.24701261905
879.0958756531858,940.4066946531344,1598.5677944062825
877.5561442895954,941.1120860527606,1598.7798011452244
875.9737389112817,941.8801759372114,1598.8735984882546
874.3787975269598,942.6988080265827,1598.8556356204808
872.807173124808,943.5567289188597,1598.7496096892849
871.2904489396544,944.4441287346896,1598.5950703001574
869.8492208254962,945.3548063330895,1598.439649176593
868.492499898984,946.2876249638882,1598.3224866523237
867.2169114739147,947.2459312369091,1598.262958973355
866.0057039432315,948.2367350807508,1598.265573000057
864.8357994628917,949.2678482823198,1598.3295974586497
863.6925104022039,950.3433451835041,1598.450759195078
862.578515816837,951.4614596983525,1598.6193730767422
861.5096998747471,952.6136451094533,1598.8210940620222
860.5057520433745,953.7837274330393,1599.0400470237525
859.5846439725331,954.9496554929834,1599.2635761574236
858.7618516006904,956.0872643887581,1599.4854846379017
858.0507302716585,957.1742730773402,1599.7040188752806
857.4608474934325,958.1932229427307,1599.9178000881238
856.9949309189001,959.1325262760629,1600.1240250034593
856.6479574896794,959.988058781405,1600.3185969940423
856.4108495378212,960.7636127294702,1600.496885854515
856.2761256477629,961.4659394826883,1600.653171540125
856.2386795520995,962.1012442100767,1600.779954887129
856.2912423615944,962.6774593530736,1600.869793588453
856.4223029420227,963.2046809760582,1600.9163862031014
856.6197388169569,963.6934552369487,1600.913428952576
856.8743227186615,964.1539930438377,1600.8542057044838
857.1793340586694,964.5934467857503,1600.7311073440198
857.5291389272338,965.0143706883998,1600.535798264821
857.9189463383664,965.4178333353248,1600.2637923927105
858.3450413489563,965.8056350236322,1599.9213029864504
858.8054476184459,966.1791030928091,1599.5294941923694
859.3030277818483,966.5381651645829,1599.1237892921558
859.8483991203292,966.8816774208403,1598.7464344463017
860.4567462066077,967.2077183103376,1598.4321487188188
861.1426228759179,967.5129329375242,1598.1922929273733
861.9202513710709,967.7911268445729,1598.0076265438017
862.8041682349458,968.0351480910742,1597.8376951772964
863.8020924388484,968.244437278362,1597.6475771040823
864.9076672317282,968.4318702579499,1597.4402044763797
866.1066659203868,968.622989114089,1597.2711920095094
867.3906393185209,968.8477796621994,1597.2297175726194
868.7603737065289,969.1280680020725,1597.3894170582307
870.2170729596008,969.4681740207859,1597.7535160457555
871.7500275878402,969.8579007492872,1598.233841816121
873.3292367365552,970.283947696829,1598.6870781401792
874.9110664176054,970.7378238703417,1598.9806022368894
876.4531181407153,971.2165075651712,1599.0383572337266
877.9251239275837,971.7199962467471,1598.8468068914492
879.3092791665371,972.2498353001538,1598.4360562212428
880.5937074813969,972.8086670246921,1597.8597504095994
881.7696983033848,973.3994419552682,1597.1828490902628
882.8363441561785,974.0239664693077,1596.4742226019757
883.8023550391441,974.6809404523834,1595.7992023874413
884.6778126345706,975.3653184320509,1595.210905877386
885.4644469615369,976.0703137437016,1594.7455473613009
886.1573374479573,976.7912553683224,1594.422340197151
886.7541515820355,977.5274249728249,1594.2427568292019
887.2576086912677,978.2785925931678,1594.1913727030458
887.671581136229,979.0413784835197,1594.2419096660312
887.9991891754996,979.8096408235598,1594.364271964053
888.2421123883928,980.5750584723587,1594.5294950881807
888.4000287407025,981.326646868975,1594.7125297790813
888.4724499080065,982.051263327858,1594.8927013403386
888.4620367162913,982.7349571124366,1595.0547492685182
888.3757586967419,983.3641410520412,1595.1916895294014
888.2220306007575,983.925912975821,1595.3060056459512
888.0076608644667,984.4096256474282,1595.4069169161698
887.7372796351535,984.810936035987,1595.5045197403786
887.4134096840401,985.1331343525272,1595.6035724558483
887.0377990861421,985.3838052632873,1595.7011797987109
886.6132710751139,985.5736169076,1595.7899007527512
886.1412792665941,985.7191446601388,1595.8623932348148
885.6186610379324,985.8415087853856,1595.9142802074389
885.0423541672235,985.9594635861049,1595.948749028682
884.4152581551116,986.0864898984665,1595.9849168348246
883.7424067864863,986.2333508822693,1596.0604393564554
883.0249592439056,986.4094273059013,1596.2203372160773
882.2601174136736,986.6216013078457,1596.4986048973267
881.4408130020572,986.8733850635664,1596.9031424238926
880.5509324259988,987.1658636574016,1597.4100507392784
879.5634961022455,987.4994043931982,1597.969483920513
878.4477336734152,987.875423654755,1598.5205704156815
877.1805111925884,988.2991987397278,1599.0107905217933
875.7563547400522,988.7813886754438,1599.4142108706808
874.1918871929313,989.3358569936335,1599.7425671097726
872.5210506145952,989.976030680082,1600.0445608681791
870.7862396241859,990.7109763420956,1600.386027165322
869.0315546906676,991.5405645594909,1600.8085606913442
867.2920299323675,992.454575162705,1601.2900469965293
865.5767736097768,993.4406907174966,1601.7444113231363
863.8643584434218,994.4933460436657,1602.0655206390893
862.1269979296928,995.6128528793714,1602.1777581443291
860.3667320474018,996.7988152856548,1602.0574600534055
858.6262799236066,998.045641938222,1601.7225522417523
856.9650960982378,999.3408628112609,1601.2094879728425
855.4289492750341,1000.665204334372,1600.55644526381
854.0396191786531,1001.9933563461874,1599.8004132067958
852.8042421296144,1003.2952737272853,1598.982495257239
851.7262947282518,1004.5388237540267,1598.149682961502
850.8053256830914,1005.6945156277716,1597.3489193546125
850.0316114109233,1006.7410212760992,1596.619453038606
849.38897172131,1007.6650207968187,1595.9880026801832
848.8624361442772,1008.4551166058341,1595.4675849453522
848.4370524643077,1009.1009461497077,1595.0615677270134
848.090669085988,1009.5996045402653,1594.7688477873646
847.7945461931955,1009.9574429704423,1594.5837810967878
847.5220319171177,1010.1833396807933,1594.4935541457594
847.2548502871606,1010.2831830196835,1594.4792554890607
846.9825975748951,1010.261328455176,1594.5214307091007
846.6996062361194,1010.1241268510123,1594.6048985726961
846.403610586851,1009.8802999559608,1594.7187905525832
846.0951689718372,1009.5403481687421,1594.8543084330308
845.7753139351315,1009.1176786654673,1595.0020629587682
845.4439854228485,1008.6276098270091,1595.1483408926679
845.1019191771261,1008.0837809189237,1595.273748404911
844.7526988684767,1007.497002080639,1595.3571596124632
844.402630274363,1006.8769277017519,1595.382375480421
844.0607797851594,1006.2344017775868,1595.3454996466887
843.7403695007256,1005.5818556823527,1595.2595043305864
843.4599098031906,1004.9298218250698,1595.1492792978117
843.243192056123,1004.2837201130836,1595.039652506398
843.1179890101548,1003.6438589944348,1594.94605178246
843.1121779607689,1003.0059382828742,1594.8709726571485
843.2484297233988,1002.3628560679733,1594.806345523926
843.5419344666702,1001.7107450378566,1594.744265610258
844.0018549500408,1001.054683847694,1594.6929391544872
844.6316018489125,1000.4075512300482,1594.6868058140838
845.4283018856592,999.7844159108183,1594.7805502588221
846.3871147472939,999.197475346027,1595.0237073187475
847.5047941889203,998.6511416482942,1595.4263740026593
848.7741692088003,998.1391935001393,1595.9421168202762
850.1780675203664,997.6485462125889,1596.4848301782968
851.6915086526861,997.1671458400634,1596.9651581630412
853.2847071261835,996.6898150196589,1597.3200863851225
854.9220412610371,996.2191026029672,1597.5239260794192
856.5641658963148,995.7624631971114,1597.5852467284553
858.1762504289427,995.329790501048,1597.538025126242
859.737424908027,994.9323232482758,1597.429965419019
861.2445347943207,994.5806752751354,1597.3079105388656
862.7056393436342,994.2820440210533,1597.2034282991358
864.1279867180014,994.039283444076,1597.1266388423244
865.5104546427522,993.8531158262525,1597.0726645474426
866.845028909814,993.7244498170464,1597.0324854473324
868.1226993953233,993.6531384083895,1596.9974731497207
869.3357831825493,993.634202692234,1596.9573130212934
870.4738290157513,993.6558076844622,1596.8990120596227
871.5174873473811,993.7016076455968,1596.812241441016
872.4391958510571,993.7541975082552,1596.696226159981
873.2122081069867,993.7962286882064,1596.5607662610846
873.8183883862479,993.8126165512413,1596.4219582442438
874.2498051002276,993.794380108431,1596.2970092905462
874.5077981890944,993.7392016624857,1596.200843343318
874.6019294958696,993.649579235297,1596.1455662342041
874.5479868798043,993.5313667402877,1596.1405814786965
874.3648709741626,993.3929686369911,1596.191141138111
874.0719603339538,993.2455342248352,1596.297034472419
873.6878326801032,993.1011514705173,1596.4521078491125
873.2301415107943,992.968877808532,1596.6434524634865
872.7148198363269,992.8542719915622,1596.8512286864823
872.1518541438286,992.7628691969055,1597.051588951861
871.5414774738864,992.7032326971432,1597.2241476245376
870.8777083817018,992.6872171396045,1597.3615228001524
870.1558097472094,992.7266694226316,1597.4741869912375
869.3738121240483,992.8278931324134,1597.5861972916937
868.5270265287929,992.9892225357999,1597.7260509441721
867.6050250063063,993.2059696974122,1597.918982797254
866.595644714605,993.4765263400874,1598.1798066178299
865.4880129352448,993.8002095218937,1598.5028459471837
864.269303743795,994.1722285273644,1598.8541877508862
862.9211638971876,994.5861591485085,1599.1804296716302
861.4231130506763,995.0408031326411,1599.4390832033191
859.7635331322537,995.5436446847622,1599.6338930028949
857.9521459331133,996.1073182706257,1599.8272484786607
856.0249816796756,996.7398609154249,1600.1103331510103
854.0324194416189,997.4368697076925,1600.5418568160262
852.0117812776815,998.183506840925,1601.1021881957633
849.968904339607,998.9634919791355,1601.701342052183
847.8930867927479,999.7655051693738,1602.2259730321073
845.7927521752353,1000.5828938755589,1602.5840210451338
843.7119014157374,1001.4105549408599,1602.7268021070126
841.7103312100949,1002.2432324402175,1602.6512362671272
839.8329977099073,1003.0763207998006,1602.3917984975735
838.0991849036005,1003.9078025475386,1602.011933065031
836.5112201887738,1004.7381351126755,1601.5964659733581
835.0641440418914,1005.5679688707827,1601.237544012399
833.7482817278687,1006.3973057295944,1601.0121558740645
832.5485255887613,1007.225897973211,1600.9609422527872
831.4455691576667,1008.0517556540607,1601.0796012683727
830.4225210595848,1008.8702689122204,1601.3270907599713
829.4728824993987,1009.6781379214054,1601.6462873010619
828.6011598399764,1010.4771904003354,1601.9845700933427
827.8165896202142,1011.2705658101569,1602.3015567056132
827.1273337686174,1012.0549834574481,1602.566336458675
826.5372775798177,1012.8184214877857,1602.756772597088
826.0438702578873,1013.5441431445167,1602.8619245372304
825.6385472052541,1014.2147449150721,1602.88019445757
825.3110986119366,1014.8131280009063,1602.816116443195
825.0535299046899,1015.3246605579371,1602.681624139813
824.8597808878642,1015.7420168265138,1602.4959409225044
824.7236187222227,1016.0663410954668,1602.2792202189937
824.6383842933008,1016.302921682071,1602.0459732644206
824.6001214708906,1016.4562846989398,1601.802969504021
824.6105646251312,1016.5286038382491,1601.5499583589688
824.6756096594497,1016.5216428114975,1601.2809382018718
824.800834020093,1016.4390569626909,1600.985982128894
824.9879272698817,1016.2861755393619,1600.6562050930756
825.2341226183333,1016.0679501762677,1600.2929599509064
825.5356381538943,1015.7880303889056,1599.9155107096672
825.8935280806252,1015.4486754806799,1599.558189916903
826.3159231007603,1015.0504782840615,1599.2577266912708
826.8140610528407,1014.5931500993665,1599.041177614763
827.3990367861074,1014.0764616717909,1598.920689814588
828.0827689672775,1013.5021114402506,1598.8982790535927
828.8778572076261,1012.8762991768717,1598.9810662347666
829.7960879365552,1012.2090066616921,1599.1935029505428
830.8495883983617,1011.5125901186516,1599.569563207186
832.0531367760443,1010.8016979818634,1600.1243410624745
833.4226877892008,1010.0909185517072,1600.8287284121081
834.9668737020287,1009.3935760974749,1601.6164601181076
836.6773789820654,1008.723890761763,1602.4155988942325
838.5295190182677,1008.0971476666036,1603.1674486930524
840.4909147362757,1007.5279211791194,1603.8215622748053
842.5247578615587,1007.0290126826034,1604.3268556927192
844.5872217848857,1006.6107585090732,1604.6348197297718
846.630142225673,1006.2804966565759,1604.7123418683177
848.6102729020924,1006.0420219549997,1604.5532634454753
850.4999093765216,1005.8966523391088,1604.1811390407156
852.2929423562559,1005.8458076642531,1603.6432231375056
853.998986380563,1005.8912541015233,1602.9996080168357
855.6301713801348,1006.0326796533726,1602.3086489675677
857.192378673652,1006.2661176631583,1601.6121215833666
858.682350432606,1006.5842807544367,1600.929684980665
860.0873323466964,1006.9759383482158,1600.2641928501043
861.3862962547223,1007.4234075601192,1599.609597413877
862.5516136508842,1007.9028528636106,1598.959289405484
863.5536678463359,1008.3897828175087,1598.3154795755395
864.371206557267,1008.8633076384087,1597.6938161202302
864.9992642982725,1009.304434097382,1597.1209308499476
865.4479498629617,1009.6939367512298,1596.6273890158338
865.7384736988091,1010.0153227242374,1596.239296984768
865.8988678209239,1010.2593333010886,1595.973980905688
865.9564650653285,1010.4247288784868,1595.8388998723826
865.9306218734883,1010.5174033746667,1595.829224888188
865.8300370856764,1010.5501617532867,1595.925897920427
865.6550098066956,1010.5394723249857,1596.0971273629823
865.4021707150821,1010.4983634923854,1596.301950392009
865.067260592662,1010.4328421231427,1596.4953916603217
864.6448721915343,1010.3471914408642,1596.6369984558864
864.1296952356948,1010.2504885380844,1596.69976631788
863.5208772096141,1010.1548415326153,1596.6744243504315
862.8241580569842,1010.0698952693878,1596.5704648926624
862.0484886359852,1010.0028801584757,1596.417396071353
861.2013337375528,1009.9623249144483,1596.262860849953
860.2878780432416,1009.9567920174884,1596.1604597200312
859.3110917593166,1009.9890038878004,1596.149995121443
858.266817052407,1010.0555136261048,1596.2436036993354
857.1405462384794,1010.15250083281,1596.422402746979
855.9125279624295,1010.2777988420585,1596.6392005322637
854.5631988390315,1010.4314806098936,1596.8332976781587
853.0761669835645,1010.6200303714876,1596.963550097995
851.4443227982828,1010.8568410079295,1597.0448429506923
849.678535219427,1011.1564696427031,1597.1573566842274
847.811473147193,1011.5280576654164,1597.406845454948
845.8838255241769,1011.9741068089679,1597.8562783661391
843.9152798930436,1012.4957126264933,1598.485411468192
841.8918696969268,1013.0948218826215,1599.2068353924797
839.7927077665179,1013.7696253187886,1599.9096440515448
837.6319237079217,1014.5120250927574,1600.494534396
835.4704963791569,1015.3111429155759,1600.8947936326974
833.3871868507954,1016.1584327720448,1601.0877008622451
831.440327882164,1017.0499580069162,1601.0921036944092
829.6530959106253,1017.9828225994409,1600.9542574593638
828.0254003157379,1018.9496413354327,1600.7360519396052
826.5539327583258,1019.9378241577311,1600.5067598526398
825.2408403677866,1020.9337625353983,1600.327208390111
824.0866364931942,1021.9283139201692,1600.2322597725283
823.0825781086866,1022.9175949944668,1600.2280066235364
822.2153146547859,1023.8984323986733,1600.304893696726
821.4747153811946,1024.8666791400126,1600.4522309706952
820.8525849383545,1025.8196962608267,1600.6607202868051
820.3379529824557,1026.7568972040033,1600.9155035556967
819.9194724102439,1027.6779167917755,1601.1935931390112
819.5919749389303,1028.5822154334048,1601.470544859539
819.3586922424332,1029.4688365436157,1601.7270034951512
819.2267854128215,1030.3338987217512,1601.9491012994563
819.1993430454824,1031.1701745072933,1602.1269419826992
819.2724478903607,1031.970024338109,1602.2541828365413
819.4411000483143,1032.7267905673814,1602.3276681052714
819.704720971135,1033.4350850147462,1602.3466650267474
820.0653039517533,1034.0924279224014,1602.311444070539
820.5229612065832,1034.6990593502576,1602.2203366441884
821.0735578611136,1035.2553033147594,1602.0669897779828
821.7085917421849,1035.761929353693,1601.841193319859
822.4199084066513,1036.222900082005,1601.5311998850605
823.2071568583924,1036.6445884927593,1601.125656012632
824.0772349978279,1037.0333872427038,1600.6222033919285
825.036471367896,1037.3952608094244,1600.041913901909
826.0892864655251,1037.733306268454,1599.4313982402546
827.2436402205244,1038.0437624791111,1598.8444570270526
828.5102660689773,1038.3172264827617,1598.3195360831148
829.8950861019097,1038.543127313119,1597.8704775855192
831.3974520828266,1038.7110913620747,1597.4892831333339
833.0153908512549,1038.812674419304,1597.1541139443143
834.7459078532748,1038.8472099494809,1596.8457065463717
836.5808008718989,1038.8255119217968,1596.5677857823976
838.5085612068298,1038.7678131371852,1596.3554660188547
840.5204194806015,1038.6993835220858,1596.2634542144528
842.6108295106717,1038.6440863126795,1596.3360153517856
844.7706141607291,1038.6154905546232,1596.5743379680607
846.9797062258402,1038.613040711395,1596.926266306971
849.2068678946134,1038.628312859053,1597.3053548944624
851.4155422791832,1038.6524557251844,1597.6224335640363
853.568188250352,1038.6781666686602,1597.8109170186456
855.6293267806814,1038.7022770466106,1597.837095348572
857.5743790705078,1038.7302121005755,1597.6976367662098
859.3983403881824,1038.7755416783639,1597.4142991681053
861.1123687024215,1038.8541102700706,1597.027797754233
862.731352257261,1038.9785663982873,1596.5856939438481
864.2648073113924,1039.156930091877,1596.12945250143
865.7164013253833,1039.3930247146266,1595.6889128373
867.0871259789967,1039.6854610695918,1595.2834810262843
868.3771924324099,1040.0276924463237,1594.9252086258027
869.5856321638719,1040.4118078246383,1594.6215937999891
870.707686013344,1040.829989674014,1594.378833940479
871.7344121191229,1041.2703520922105,1594.2033675917273
872.6572969798622,1041.7161706883026,1594.098907930611
873.4725283202428,1042.151284976279,1594.0626222091307
874.1792176805875,1042.5618086619015,1594.0842039392346
874.7740898292485,1042.9332754552354,1594.147918263647
875.2511886858033,1043.251408761882,1594.2374484709323
875.6067085243637,1043.5047789581972,1594.3395256826848
875.8408260860925,1043.6848700494681,1594.4444462661634
875.9564066797564,1043.7870745226103,1594.5476549695577
875.9595003479742,1043.8121942387368,1594.650922445817
875.8608745189854,1043.7638632631492,1594.759265325711
875.6747550920852,1043.6457370071578,1594.8771392222425
875.4145117663136,1043.4632168815795,1595.0068028303037
875.0903293150917,1043.2254190402346,1595.1458360523136
874.7108458993132,1042.9432164736195,1595.2832963709698
874.2834676240759,1042.6270998071655,1595.4006418147897
873.8119567111216,1042.2891476617835,1595.4813845606186
873.2962418711273,1041.9447067048677,1595.522963287851
872.734523938315,1041.6082397484656,1595.5410665315703
872.1235821764025,1041.2888111221107,1595.5653993330225
871.4570430275463,1040.9933693996045,1595.6330900346948
870.7245474225026,1040.7317669525123,1595.7809444745578
869.9137791671495,1040.5120326325907,1596.0319040797606
869.0122754156703,1040.3328893861492,1596.3808158515221
868.0060190082938,1040.1881743974989,1596.793005576313
866.8787967586422,1040.0789037539068,1597.2170402543031
865.6151097805694,1040.0179880389926,1597.604270635149
864.2059789382006,1040.0246021770631,1597.9324533485938
862.6582017330627,1040.1173826901866,1598.2240695978242
861.0014906099857,1040.310677490758,1598.5406544571201
859.2828730708445,1040.6106362565738,1598.945822141347
857.5480228146091,1041.0115100330042,1599.45500337345
855.8213951121218,1041.4968868728038,1600.0114398261712
854.0991695695571,1042.048719414497,1600.5136466985043
852.3642381428624,1042.6552695078142,1600.8704008956486
850.6148397923463,1043.3070371714866,1601.0388491661033
848.8786465864503,1043.9915506120933,1601.0303502660709
847.1968487838594,1044.699812695405,1600.8956961126637
845.5966847392534,1045.4330397144176,1600.7026277542948
844.0806203823838,1046.1985759961417,1600.5147699861066
842.638097479581,1047.001159566104,1600.3767349714408
841.2597121008037,1047.8378734076784,1600.3063010239196
839.9383537771432,1048.6988069399888,1600.2953563385659
838.6674637115918,1049.5700956094927,1600.318517413223
837.4460722955336,1050.436889757016,1600.3461609470817
836.2815471682823,1051.2867872963964,1600.356911140522
835.1852705235117,1052.1111079949826,1600.341471490271
834.1689144937691,1052.9016646896928,1600.2977363121033
833.2436721995936,1053.6467191453467,1600.2275026563675
832.4195888606899,1054.3314010124052,1600.1381174184435
831.7050114072227,1054.941774545094,1600.0419135141856
831.1060363367562,1055.4678948998037,1599.952356649397
830.626007945103,1055.9050340609574,1599.8826768422125
830.265619249848,1056.2536135617434,1599.8458248036914
830.022708666031,1056.517958793457,1599.851153214145
829.8926481471099,1056.705280672691,1599.9002649852341
829.8701779732355,1056.825294323382,1599.9858923832774
829.9505535282914,1056.8900117160026,1600.0932214017187
830.1299512712374,1056.912825095765,1600.2023822121985
830.4060797707742,1056.907090225165,1600.2918916635379
830.7775957441386,1056.8849483107192,1600.3414660827088
831.2431159628887,1056.8546386606745,1600.3313943948533
831.8019150961368,1056.817561547315,1600.2405352862768
832.4538793197278,1056.7700068635293,1600.0496927969816
833.1967992597853,1056.70726734894,1599.7497758899294
834.0261305811558,1056.6240983573578,1599.3438917990989
834.9391380131316,1056.5152833152795,1598.8399292350425
835.9372183274606,1056.379325207885,1598.2449557940354
837.0247834833615,1056.2180569674972,1597.570085926728
838.2072293092724,1056.0340008206472,1596.8442025644943
839.4896719458588,1055.8341251296367,1596.1285842688667
840.8811937394165,1055.6339862131967,1595.5159411779814
842.4028279165699,1055.4530532645624,1595.1001737195556
844.0863405750173,1055.304539211456,1594.930959286669
845.9565123460796,1055.189480189265,1594.9931427425977
848.0091555211743,1055.1003935376111,1595.228722641018
850.2057325296744,1055.0280867995987,1595.569199814127
852.4854234685959,1054.964705639363,1595.9467444587062
854.7786063231291,1054.9056687673826,1596.2936214160309
857.0177893527261,1054.851184103159,1596.5473226525683
859.1505802320476,1054.8040376169142,1596.6611891063421
861.1504146791759,1054.765872357268,1596.614137046893
863.0184064830952,1054.7371650893647,1596.4131516251043
864.7748331497002,1054.720188339201,1596.0854955411305
866.441897569192,1054.7193172765155,1595.666618263862
868.0293332353335,1054.7374206448492,1595.191542490407
869.5353607129515,1054.7724326743055,1594.6913086485938
870.9562401476987,1054.816443261252,1594.1919585466717
872.2909558717698,1054.8574626931932,1593.7136793937957
873.5389573125076,1054.8835935573927,1593.2714874822123
874.6984115140931,1054.8856336679155,1592.877458470949
875.7690050164297,1054.8546286700018,1592.5414781665254
876.7540552604052,1054.7791244265284,1592.2728588723307
877.6603152108623,1054.6478346206234,1592.083467850735
878.4966007851043,1054.4552045332864,1591.9861111424254
879.2702644583026,1054.202691662119,1591.987256729872
879.985158527938,1053.893915391092,1592.0814993161766
880.6431578722904,1053.530972160227,1592.2537004023632
881.2453440368847,1053.1157393606727,1592.4851020805415
881.7904580598434,1052.6517505111215,1592.7566566629941
882.2734698763542,1052.1446792070453,1593.050310592987
882.6870330342343,1051.6009020172773,1593.3502251789798
883.0236335872986,1051.025746625031,1593.6429032382507
883.2760087898212,1050.4257558392135,1593.9172355785754
883.4377864808075,1049.810136678258,1594.1647529177617
883.5062082471229,1049.187597220937,1594.3784548449257
883.4828411896963,1048.5652610803756,1594.551076396667
883.3687089274429,1047.9510844944623,1594.6763077755854
883.1588552549038,1047.355496229218,1594.7545892858182
882.8428995987482,1046.7897252477671,1594.7983365700952
882.411291677624,1046.2626343811983,1594.8318368505295
881.8609761238421,1045.7817866930218,1594.8886373201517
881.1948701405792,1045.3558771900045,1595.008039097629
880.4167614782231,1044.991656574763,1595.2284126689756
879.5267902650536,1044.6897285185046,1595.577248108969
878.5193127084253,1044.4459849616078,1596.0595762755354
877.3824057302693,1044.256903942673,1596.6489924937378
876.1008936981518,1044.1232454853587,1597.288927405608
874.66417484861,1044.0498143526027,1597.9096972395864
873.0722614208277,1044.0437540672085,1598.458459343841
871.3364147464983,1044.1142023396906,1598.926442210709
869.4793549525037,1044.2720998453117,1599.352434436134
867.5351577422088,1044.5262431030867,1599.793540937053
865.5422300449413,1044.8764410678618,1600.280530875112
863.5273332288903,1045.3130213451388,1600.795299608008
861.4961557456195,1045.8252272873788,1601.28700261253
859.4491646081625,1046.4058651485138,1601.7023883396064
857.4074822682334,1047.0469198960172,1602.004982532095
855.4150144509703,1047.7372325249223,1602.183760308452
853.5159188452282,1048.4672013644547,1602.2556902700362
851.7355932117667,1049.2345880329635,1602.2594594545355
850.0799838228841,1050.045351696495,1602.2442425496838
848.5442045280324,1050.907113676031,1602.2584862309034
847.118286534107,1051.8231900963235,1602.3368862993837
845.7890268805282,1052.7948901276168,1602.4903015759282
844.5435298299616,1053.8239592931534,1602.7064003540088
843.3758758338513,1054.907917688132,1602.9566766462085
842.2917728827696,1056.0359027430252,1603.2044303587286
841.3050884789527,1057.1928131320203,1603.414671911858
840.4291927309538,1058.3657242240602,1603.5619017682764
839.6730299400391,1059.5436511321059,1603.631293517286
839.0416648136753,1060.7150274482212,1603.6163657370328
838.5354143588344,1061.8673103079618,1603.5162116723704
838.1495484233282,1062.9848771695436,1603.333656566191
837.8757489173875,1064.048636809076,1603.0761890241374
837.7041915068244,1065.0417887214644,1602.7579527620223
837.6272730267614,1065.9548778614333,1602.3989983980791
837.6414409878842,1066.785037165826,1602.0211630550336
837.7441877511102,1067.5327381078887,1601.6431165111069
837.9314163768934,1068.1992885931963,1601.2769954489972
838.1987344909626,1068.7862716890895,1600.927187757565
838.5442210652405,1069.2968016832178,1600.5905530807333
838.9692336195927,1069.7363619643095,1600.2572546869364
839.4751127963422,1070.1113184602727,1599.9143199613122
840.0592648978815,1070.4280966550973,1599.5543314401345
840.7165419736814,1070.6959636232168,1599.1839694490905
841.4442364100308,1070.9270561091205,1598.8239699599594
842.2444591465711,1071.1303254982724,1598.499203409332
843.1234252978002,1071.3075930453992,1598.2237486672827
844.0913023383359,1071.4554025620675,1597.9885526711214
845.1615842785757,1071.5698797906248,1597.7615713836067
846.3469983740878,1071.6515319928608,1597.502927422379
847.6554365687263,1071.7072562844344,1597.186455893252
849.0904644137305,1071.7514959963232,1596.8214010116774
850.6535845553595,1071.8064434928663,1596.4667240604842
852.3455578708306,1071.8979893111255,1596.2185990365606
854.1695463803038,1072.0474557324787,1596.1626877897047
856.1320629206759,1072.2620430114048,1596.3181703591715
858.2312311416532,1072.5327654583702,1596.618508240199
860.4392751832058,1072.844028214685,1596.9450686370078
862.7013223190731,1073.1841990164555,1597.180961052008
864.9525703239058,1073.548161427409,1597.2457476195425
867.1351064943307,1073.9339682125303,1597.1051920913937
869.2068470349119,1074.3399105857939,1596.7680305070369
871.1468039785526,1074.7658106311483,1596.2748588929173
872.9546903128319,1075.2150295477554,1595.6813357994768
874.6409083023815,1075.693641199754,1595.0431844195064
876.21179494048,1076.2076930049855,1594.4076706895373
877.6609594129276,1076.7583510273664,1593.8089598713718
878.9727239709741,1077.3378706200347,1593.2675345920347
880.1331617193707,1077.931563155366,1592.796464526862
881.1386527060174,1078.5230328153023,1592.409047040407
881.9956633490493,1079.0978569453462,1592.1198036004082
882.7149324965316,1079.6464792910458,1591.9399262137986
883.307181538499,1080.1641011950223,1591.8720125573834
883.7822660906477,1080.645497860039,1591.9073253036374
884.149286316466,1081.0831108367565,1592.029279284451
884.4148828471581,1081.471764953147,1592.2211691606356
884.5800201340269,1081.8101138263228,1592.4692506968145
884.6401891394695,1082.0961927545366,1592.7594392597814
884.5909281949615,1082.3257794859162,1593.075378532937
884.43226435919,1082.4965351463854,1593.400365181427
884.1677089974874,1082.6126650352621,1593.7187688336533
883.8012924116013,1082.6855868337407,1594.0162871309024
883.336349530937,1082.7298873917211,1594.2800513705574
882.7768487163949,1082.7573663086584,1594.497462831359
882.1290487812093,1082.7759469654204,1594.6556368441147
881.400256397886,1082.7957815555233,1594.7452931460662
880.5966869915128,1082.833366279794,1594.7697079255256
879.7238951729347,1082.907405655051,1594.7530031889216
878.7874732247565,1083.032723986258,1594.7380644996101
877.7905068459851,1083.2182169913976,1594.772773348714
876.7282888094255,1083.4668477272462,1594.8926627611413
875.5861900509452,1083.7758170365655,1595.1060825832733
874.3449787964763,1084.1388909422835,1595.387790095642
872.9857047504591,1084.5498942946836,1595.6871999148343
871.4898586692563,1085.0058480902078,1595.9486112814661
869.843550474013,1085.511072904526,1596.1367070716701
868.0476099969708,1086.0783247008292,1596.2615830779105
866.1272808430328,1086.7222060539982,1596.3885688010107
864.1353792394473,1087.448754543071,1596.611923837156
862.1398132566122,1088.2501565870857,1596.9941726757938
860.1930815423706,1089.1102356528322,1597.5130077543613
858.3050394489964,1090.0147723155883,1598.0619446185626
856.4502571291789,1090.9548054941506,1598.5037761350013
854.6098042490344,1091.9226719105138,1598.7347413812354
852.8079945507623,1092.9105123307722,1598.7244549806462
851.1100689124955,1093.9129011140758,1598.5228122943688
849.5873012154901,1094.9280749321638,1598.2366669498576
848.2830874460097,1095.9586714031389,1597.9882998797252
847.2049534112333,1097.0135507494244,1597.8771912367297
846.3397639939691,1098.104874533561,1597.9571550543185
845.6713733053888,1099.2413036993075,1598.2271217950881
845.1855642301382,1100.4259525928408,1598.636981263424
844.8684082936895,1101.657204026449,1599.1105071597478
844.7105578523051,1102.9270243404208,1599.5739217134615
844.7122548225459,1104.219719057451,1599.974388011272
844.8778700090161,1105.514327301669,1600.28478010634
845.2046211238719,1106.7895833999153,1600.4993856424483
845.6785522374809,1108.026448863223,1600.6245353610411
846.2798553065637,1109.2056666416847,1600.668785746394
846.9867558860221,1110.3066348494544,1600.6377647385355
847.7734335376591,1111.3129282087405,1600.535633385062
848.6106853596114,1112.2173265889433,1600.3678147310889
849.4717766158384,1113.018610173719,1600.1372746927473
850.3352639372198,1113.717380931297,1599.8390901039434
851.1834768442877,1114.3161465281714,1599.4619549154072
852.001548045796,1114.8175822871256,1598.9933699816886
852.7782257982553,1115.2227069281591,1598.4253714732922
853.5074781104214,1115.5332506524023,1597.7643060884034
854.1891266650467,1115.7534986763615,1597.0402153280147
854.8278319568128,1115.8895642140865,1596.3046123996055
855.4331219939085,1115.948047761403,1595.615442705173
856.0215672097005,1115.9336638605346,1595.0165977142096
856.6162582016533,1115.846807525722,1594.52099447114
857.2403444456504,1115.684903257191,1594.1071709765981
857.9092949389682,1115.4473416034016,1593.729985469087
858.6268158331887,1115.140169448079,1593.3396506083975
859.3859112928457,1114.7813128257394,1592.9099492453176
860.1764181298562,1114.4050207909347,1592.4690394600163
860.997283540548,1114.0571270132868,1592.104808928132
861.866610774253,1113.7790319902422,1591.9207945487724
862.8194060944013,1113.592360317447,1591.9631173738935
863.8872577311118,1113.4980151731656,1592.1788808562603
865.0727324963784,1113.4857592951594,1592.443051343109
866.3447476246504,1113.5404107258992,1592.623847384408
867.6589224135806,1113.6435109275917,1592.6307865771357
868.9748572854907,1113.7768418323412,1592.4267217375996
870.2548563654118,1113.9279053910425,1592.0210738022945
871.4626250262813,1114.0930794475237,1591.457820373114
872.5753432000215,1114.274708929787,1590.7997767629802
873.5943626063328,1114.475021618791,1590.1132257591953
874.5382871629101,1114.694407701335,1589.4566958573182
875.4239955470283,1114.934620832971,1588.8742109689783
876.2542530797468,1115.199706429557,1588.3951166093664
877.022051950753,1115.4911272127829,1588.0379212803755
877.72211502024,1115.8040251622333,1587.813102930875
878.3537994234913,1116.129990248319,1587.725303443266
878.9168229111441,1116.4613681187993,1587.7746761714222
879.4108094559086,1116.7921372688934,1587.9559616661768
879.8374603774555,1117.1152289464535,1588.256709262057
880.1995398841835,1117.4208307996716,1588.6569833239953
880.4972084330288,1117.7001114010554,1589.1309317759126
880.7259259361037,1117.9487972282304,1589.648985702342
880.8794245059725,1118.164731845399,1590.180389513173
880.953293317986,1118.3451918736205,1590.6967853632386
880.9445490011182,1118.4886813696628,1591.176961876402
880.8513354421516,1118.597195680677,1591.6091767135676
880.6753131396885,1118.6761003593776,1591.9877780327008
880.4225028558794,1118.7317985956365,1592.307454072737
880.0992433418703,1118.7691703756116,1592.560825865941
879.7084224420742,1118.7921870034763,1592.7409919698025
879.251476964184,1118.8069883466478,1592.8449366488146
878.7313482346802,1118.8235590241102,1592.8740029081682
878.1519058094609,1118.853084491949,1592.833143628335
877.5172155526113,1118.9038373327958,1592.7337608468229
876.8318546801352,1118.9820267314358,1592.5993785764153
876.0990183678208,1119.0941080719622,1592.4642941862435
875.3171033905269,1119.2438017839804,1592.3632858254177
874.4775080065033,1119.4293857890461,1592.3235707984006
873.5652104066351,1119.6467034876569,1592.3630063468556
872.5635066893298,1119.892219309296,1592.4877517206944
871.4577330336817,1120.1624563836892,1592.6862970440668
870.2337726592424,1120.453309652196,1592.9257985599088
868.8785443459374,1120.7616463612421,1593.1589636045521
867.3861428872069,1121.0891834869935,1593.3444675064222
865.7637785028207,1121.446031833914,1593.4742651575525
864.0338252162419,1121.8478856655972,1593.5868899418597
862.23238442933,1122.3079244457601,1593.746872903194
860.4022299882799,1122.831498036471,1593.9985160439862
858.5763917259443,1123.4132749995547,1594.3258241889635
856.7629265553041,1124.0348380703144,1594.6487444020179
854.9509221596893,1124.6699408140323,1594.8615438728705
853.135633675098,1125.29741112993,1594.8848588163105
851.3378254938666,1125.9069843061511,1594.6937037627922
849.5993590337172,1126.4952287961426,1594.313046971716
847.9601673390547,1127.0653916809392,1593.8008863813584
846.4391427739085,1127.6292975752694,1593.2330072045331
845.0365761653901,1128.2001007130862,1592.6884513435484
843.748581410186,1128.783633344752,1592.235481568353
842.5709289759292,1129.3791330161143,1591.9199556470232
841.4921606471612,1129.9838764949777,1591.7576370916304
840.4941696966255,1130.5938081619704,1591.7357044811604
839.5648185032439,1131.2013995847003,1591.8244802548813
838.7080580311136,1131.7945393316784,1591.989553287768
837.9395316436937,1132.3581562680056,1592.1975936951721
837.274457120634,1132.8765171165062,1592.4195927551305
836.7217583779807,1133.3323574855724,1592.6343538095466
836.2852625498205,1133.7067155298241,1592.8308388611827
835.9651093414742,1133.9832383527432,1593.0072512657473
835.7575982660887,1134.1504975794744,1593.16612357605
835.6546588071259,1134.2007259804461,1593.3095893543255
835.6449590122154,1134.130622134962,1593.438723972719
835.7177688996808,1133.9422851421577,1593.5546639157465
835.86609606543,1133.641417856632,1593.658570188613
836.084905076414,1133.2372981555477,1593.7504554400691
836.3668038705332,1132.7436418564328,1593.827477821422
836.7020535216487,1132.1731076908738,1593.88221596967
837.0831624122123,1131.5318594373048,1593.9023032184418
837.5062933831999,1130.8259053820912,1593.874494645126
837.9670260387902,1130.0674253840089,1593.7932604435478
838.4576384662103,1129.269388207613,1593.6680110111809
838.9707354655601,1128.4424737760332,1593.5239402830573
839.5047235917373,1127.5987498791274,1593.395416333453
840.0653075947225,1126.749689231536,1593.3141668549642
840.6646673477344,1125.9005249903869,1593.2980425678945
841.320935295467,1125.0501144897921,1593.3446536338558
842.055676830413,1124.1947650453726,1593.4313928374265
842.8891081196612,1123.3317828556071,1593.5229222963017
843.8360370117894,1122.4627645513674,1593.5865146663255
844.9038378350185,1121.5974322640188,1593.6142070409194
846.0922166269205,1120.7560631478314,1593.6417529424573
847.3949996844744,1119.9660372383419,1593.744549486943
848.8027576297703,1119.2527687970965,1594.0002619291977
850.303536192466,1118.6301821949455,1594.435079579657
851.8803987486069,1118.0944584810761,1594.9932305851555
853.5063107884017,1117.6270989760774,1595.5580904299472
855.1423866281307,1117.2087595592093,1596.006921733111
856.7465068939587,1116.830282238129,1596.2557792324312
858.2850582726853,1116.4912902276046,1596.2745394526773
859.7342921772736,1116.1955976791728,1596.0793061763177
861.0747297790035,1115.950327583906,1595.7153034028306
862.2919869051362,1115.7623184263455,1595.2407561268415
863.3829864890657,1115.6329770674279,1594.7162194709142
864.3557151294423,1115.5592118084032,1594.1988635529303
865.2206652983355,1115.5375726109569,1593.7394402328305
865.9838396381333,1115.5664343919782,1593.379685953005
866.6484418706914,1115.6458532114368,1593.1506345732118
867.220204374157,1115.7759250983952,1593.0720917637352
867.7075170087553,1115.954812634106,1593.1499091118262
868.1177733255861,1116.1781666075146,1593.3719575655982
868.455022246508,1116.4413961545854,1593.7097889698996
868.7178857326803,1116.7405383685505,1594.1255000874444
868.8983487554054,1117.0684166969054,1594.5773798855137
868.9841997303365,1117.410864749151,1595.0240317178514
868.9623491439528,1117.746593587547,1595.4296748151442
868.8205621878376,1118.0517666674778,1595.7711300406636
868.5509067378237,1118.3070091110876,1596.0421938534978
868.1547778851253,1118.5000271587578,1596.2497832751071
867.6436587736528,1118.6240707879847,1596.4053137229337
867.0335796099201,1118.6772211357384,1596.5176282310495
866.3375540957292,1118.6628076198467,1596.5882833901765
865.5630286500893,1118.5900428574212,1596.6108116207447
864.7154766056682,1118.4732606905773,1596.575405120926
863.8003974262746,1118.328179282506,1596.476760674246
862.8206974537561,1118.1686761515955,1596.322143598578
861.7762208445623,1118.007516389144,1596.1356862203418
860.6682338343593,1117.8574242830146,1595.9553378781864
859.5015195532083,1117.7287419517904,1595.8230131176244
858.2797970767418,1117.625578621949,1595.7715300166437
857.0010220000975,1117.5444204612236,1595.8112210083773
855.6576094709238,1117.4780280751177,1595.9192112824203
854.2372625648779,1117.4214045290587,1596.0398110178685
852.7226137390745,1117.374891531883,1596.1039267225167
851.0956004676337,1117.345506629036,1596.063259500902
849.3493487367012,1117.346484760157,1595.9232805104966
847.5015889485242,1117.3927433357208,1595.7498481205243
845.597549930567,1117.4945671486248,1595.6303658686588
843.6911303690578,1117.6524264349748,1595.6092986589947
841.8110186847952,1117.8546315049261,1595.6535099959174
839.9463812400395,1118.0796672424026,1595.6792603766094
838.0768848839356,1118.300846502438,1595.6113400635763
836.2175101062544,1118.4907152762999,1595.4250493137788
834.4283666617827,1118.626283639882,1595.1538448030187
832.7815250426463,1118.6939849456885,1594.8718457578457
831.3206748210496,1118.6916150657548,1594.665425121367
830.0510462839022,1118.6262595900441,1594.608616598662
828.9594185794746,1118.5096681318034,1594.7503233484372
828.0342728146176,1118.3537027284701,1595.1083390785655
827.270078225592,1118.1673908415087,1595.6647897954406
826.6637899408016,1117.9571768206094,1596.3696972166351
826.2136625799461,1117.7286617233888,1597.15801136149
825.9207354269228,1117.4855883055254,1597.970238901401
825.7881647833822,1117.22878347234,1598.763614868365
825.8172255005472,1116.9581091593227,1599.511425730741
826.0020062505905,1116.6740368994617,1600.1962901026384
826.3254433635152,1116.378759955248,1600.8047672362673
826.7612647198039,1116.0772784088053,1601.3259095809692
827.2819131604816,1115.775030528068,1601.7507615156105
827.8638070542281,1115.4753902390353,1602.0728599885956
828.48641892775,1115.1822923657953,1602.2905473743826
829.1333697444368,1114.902854782268,1602.4064896006023
829.7971413047024,1114.6454581956568,1602.4235485537565
830.4782636349903,1114.4164837424287,1602.3413796554116
831.177834434319,1114.2183177083537,1602.1566237465222
831.8922699426901,1114.0502630006235,1601.8662059648022
832.6152945881103,1113.911932254632,1601.4708038085487
833.3428836164812,1113.8050545126032,1600.9810276080357
834.0753312382521,1113.7312327895079,1600.4280373674528
834.8178906168218,1113.6880849788447,1599.8666171656569
835.5827785355141,1113.668445501736,1599.3607641264803
836.387960789316,1113.662625121504,1598.9616727257783
837.2507488738426,1113.6595245487842,1598.6932489104304
838.1833960183956,1113.6460997855354,1598.5475685277693
839.1927127036589,1113.6100166294643,1598.4902129459501
840.2787215321156,1113.54640572768,1598.4797322661007
841.4337806400027,1113.461306498514,1598.4963794377418
842.6465431648579,1113.3694808158964,1598.5633455443847
843.9096410238973,1113.2912960230508,1598.7400795833798
845.2263870211326,1113.2478351736304,1599.0795970998377
846.608527600479,1113.2550781615016,1599.5784921115733
848.0617658957647,1113.321974627156,1600.166724033655
849.5725380368058,1113.4503134344923,1600.7424215915516
851.110652375706,1113.6356841210195,1601.212029914304
852.6390243706528,1113.8711707829732,1601.5087359255006
854.1152179390441,1114.1490371177542,1601.5958184108497
855.4905572006563,1114.4610704602976,1601.4675763746718
856.7202131958802,1114.8031446748355,1601.1488642941415
857.7824683418482,1115.1782245602233,1600.6892729009548
858.6893904444462,1115.591181489849,1600.1502760183362
859.4746098052183,1116.0429753446017,1599.5894422531705
860.1692897984462,1116.5326343525167,1599.0493581499845
860.7887154398475,1117.0624537664344,1598.5547791342462
861.3345766619111,1117.6377904233468,1598.1176077852456
861.8042420590715,1118.2616221859112,1597.746070714763
862.1976616285881,1118.931103597517,1597.4503772368635
862.5165839354316,1119.6389614766877,1597.2400379276914
862.7603574924352,1120.3755225981593,1597.116195516091
862.9252883798853,1121.1296927451724,1597.067646428422
863.0062845675475,1121.890500238534,1597.0748147593526
862.996960839765,1122.6470985067288,1597.1161958465557
862.8897964350817,1123.3849449731147,1597.1710821649704
862.6781659944971,1124.083308953161,1597.2198496682693
862.3586443309734,1124.7207238420324,1597.246964737791
861.9330792444016,1125.2826318170003,1597.2459934081921
861.4089666389175,1125.7612173333373,1597.2189830570328
860.7963405170973,1126.1518400013995,1597.169844752274
860.1043205476101,1126.4527832674023,1597.0998001397227
859.3396740643045,1126.6656697871006,1597.0076016435146
858.5072407726175,1126.7959887431684,1596.891709980288
857.6114764934408,1126.853191692775,1596.7512100123613
856.6566595882927,1126.8486865914288,1596.585058337468
855.6474514089767,1126.7954193664746,1596.3943825799597
854.5912399941096,1126.7090154165744,1596.190371777063
853.4978448183351,1126.6065861000643,1596.001333959462
852.3772300857659,1126.5045819002505,1595.8699398518118
851.2383806138652,1126.41653026994,1595.8393703522277
850.0855269589069,1126.3507212293089,1595.9357559132036
848.9118152492854,1126.3112846219262,1596.1560483739213
847.6987480965824,1126.301231566119,1596.4663225101394
846.4219670884365,1126.3237079543705,1596.8133534465146
845.0564761645702,1126.3830357438273,1597.1487448115954
843.5822323807531,1126.4871419850856,1597.455474743312
841.9913700492768,1126.6489183445865,1597.7603746503742
840.2904491066362,1126.882425309339,1598.1162986411966
838.492644763869,1127.1960066233203,1598.556612154151
836.6014162847678,1127.5908911973088,1599.0596047075505
834.6010420787198,1128.0657845462554,1599.556609152626
832.4734478102935,1128.6183552241537,1599.9678549367543
830.2303404287096,1129.2412784410976,1600.232955561713
827.923628262574,1129.9195915051162,1600.3282744568417
825.622072244641,1130.6340076218257,1600.272018761709
823.3819740066799,1131.3688929883924,1600.114900135989
821.2360715524852,1132.1189686874768,1599.9222028347838
819.1981187496117,1132.888883138377,1599.7556308447395
817.2707667046882,1133.6863850622567,1599.658566964006
815.448811970752,1134.5167260712612,1599.648386224768
813.721349822796,1135.3831551008843,1599.7181371290662
812.0802150616354,1136.2876294411892,1599.844323919956
810.5297187199676,1137.227449269755,1599.9968823171932
809.0858708959084,1138.1936011876087,1600.1480900854774
807.7659505482134,1139.1739683745016,1600.2767130856694
806.5817052147696,1140.1554452003704,1600.3668498782347
805.5397059727976,1141.120703336107,1600.4040818642882
804.6401850033049,1142.0464658188932,1600.3748829190163
803.8745263393605,1142.9079412021795,1600.2714883761084
803.2268272948655,1143.6825503742637,1600.094867785358
802.6757391360258,1144.3512755963666,1599.854163424666
802.1967254499222,1144.9014948653257,1599.5664270788614
801.7702139199889,1145.327900753734,1599.2528834548866
801.387952153111,1145.630397844579,1598.9320389981888
801.0490511567486,1145.8138139201005,1598.6162696984031
800.7529137424929,1145.888320504988,1598.3118590413512
800.4974975790012,1145.8668521736568,1598.020228804825
800.2818950659497,1145.7623883853778,1597.7401843970188
800.1082497582852,1145.5875670776745,1597.4688325774855
799.9797592680956,1145.3530188620118,1597.200489369834
799.8970606807568,1145.0649392601895,1596.9276336342691
799.8578440240713,1144.7267928030947,1596.6459176014716
799.8601178702393,1144.3437526203818,1596.3600474799534
799.9069975217357,1143.924723092455,1596.0856871563324
800.0090117526194,1143.481388652127,1595.8454986599718
800.1803820873563,1143.0249746727814,1595.660730916851
800.4345625968589,1142.5605422956219,1595.5405869880153
800.7846873360503,1142.086243320254,1595.4766311827173
801.2460511092987,1141.6005845318075,1595.449580636812
801.8351314818567,1141.107786206454,1595.4462367368092
802.5623584463711,1140.618242484623,1595.4803078208781
803.4259639419431,1140.1493593545488,1595.6065070277969
804.4200453843765,1139.7250283489593,1595.9083855283288
805.5519181319444,1139.367408811464,1596.452073132464
806.8443682515648,1139.086182517993,1597.2370239972715
808.3165838231389,1138.877500450697,1598.1882830465233
809.967705662871,1138.7324164072725,1599.1902238783214
811.7764140594578,1138.6454605803046,1600.1247717445976
813.7055323911221,1138.6165961323843,1600.895251359098
815.7055695867114,1138.6487423513197,1601.441116644969
817.723352897998,1138.746593615896,1601.7426900116745
819.7174406030009,1138.9151980297715,1601.8118391241137
821.6699183996765,1139.1587056615895,1601.679746584392
823.5835065108894,1139.4827289492084,1601.3905248793455
825.4681519768961,1139.8949198212874,1600.992091369545
827.330406579573,1140.3986944099945,1600.521308505505
829.1685621322519,1140.9860123289727,1599.9960511734862
830.9685140287099,1141.6361796030708,1599.420410172047
832.7027749529638,1142.3191023485822,1598.7935896394572
834.3363636534622,1143.0001051527352,1598.1155131817259
835.8344987794804,1143.6459529239849,1597.3915060012882
837.1684110793428,1144.2280956107459,1596.6359113298054
838.321036706394,1144.7221061884525,1595.8728439662466
839.2907357713218,1145.1083438909102,1595.1357333613223
840.0900115927745,1145.3743575170847,1594.46508095499
840.7408246550965,1145.5169853794193,1593.902750400163
841.2698747893457,1145.543925849062,1593.4851618477621
841.7056732584042,1145.4721110487365,1593.2371411352042
842.0765048876087,1145.3221849962429,1593.1664663136924
842.4076457473516,1145.1138078427166,1593.2625429825239
842.7180417492858,1144.864335950615,1593.4991018996488
843.0178699011127,1144.5891524942365,1593.8357943663655
843.3073904351833,1144.3016938657395,1594.2220893555557
843.5777961927733,1144.0127723045375,1594.6091105053736
843.8159005901632,1143.7303202113558,1594.9639952960572
844.0101944709817,1143.4600843368162,1595.2791782151403
844.1523663179593,1143.2064071088716,1595.5725582388973
844.2333352772755,1142.972556249074,1595.8764889348936
844.2385034269905,1142.7611402974555,1596.222440638555
844.1469309030786,1142.5748694279885,1596.6322809838318
843.9352494212799,1142.4170466828164,1597.1152755027745
843.5829031519278,1142.2909599162626,1597.662822434159
843.0741380277746,1142.1981967756635,1598.2432188389148
842.3960743459385,1142.1386583753408,1598.808099951994
841.537864894739,1142.1144112882705,1599.314382237199
840.4953281194641,1142.134191404231,1599.7510990043704
839.278674983154,1142.2132247694701,1600.153876988642
837.9151374811831,1142.3677418537711,1600.5884235040492
836.4377628536068,1142.609592989484,1601.1013896375207
834.8612380591869,1142.9441231312019,1601.6756204611358
833.1650579687903,1143.3694575268862,1602.23091825358
831.3095384524651,1143.8780155651789,1602.663098430137
829.279728874931,1144.460871942109,1602.8836479405152
827.1167381698522,1145.1092926488475,1602.8421370656968
824.9049577560027,1145.812676643878,1602.5367638212292
822.7300934788317,1146.5608434979013,1602.0154038249739
820.6473866469083,1147.350196740946,1601.363470634403
818.679183560741,1148.1840888597417,1600.6822805072304
816.8314734002646,1149.065838752513,1600.0663918201576
815.1068529862945,1149.9931036906598,1599.5838865514197
813.5029599282171,1150.9593388612475,1599.2629619100435
812.0087798140602,1151.957411551176,1599.0900589065088
810.6124189430462,1152.979749909099,1599.0213124540323
809.3134719072555,1154.016767331281,1599.0031682780036
808.1266039959587,1155.0551412942405,1598.9909229099876
807.0743763638756,1156.0767187873203,1598.955033338368
806.1772703550115,1157.061813683467,1598.8793948212544
805.4485799811018,1157.9951630162248,1598.760573822947
804.8941565552288,1158.8661318975662,1598.6058573551793
804.5130387727547,1159.6640692265885,1598.427379368597
804.2971696439116,1160.3783384842566,1598.2374581009726
804.2313673548052,1161.002721465132,1598.0463148773415
804.2960203045509,1161.5375396922193,1597.8595322636452
804.4724851438689,1161.9880272096295,1597.676899637994
804.7462140947343,1162.3607719585325,1597.493638594274
805.1041207205277,1162.6612678279798,1597.3022753952084
805.5320348619185,1162.8938151088423,1597.0937489347411
806.0170568502356,1163.0639258473223,1596.857708487027
806.5495306589531,1163.1818859628925,1596.5846551433258
807.122339355871,1163.2615008680737,1596.269204324241
807.7308766222334,1163.3142129360238,1595.9114182057165
808.372503003683,1163.3457913003454,1595.5180078493618
809.0450070253999,1163.3566903796564,1595.1023384857522
809.7461212369698,1163.3440307287542,1594.679706339356
810.4727899195952,1163.3049204843173,1594.2611547361944
811.2209084432643,1163.2399348755016,1593.8527866154745
811.9878684171688,1163.1546884431477,1593.465785944501
812.776931290686,1163.05859031279,1593.1334697394082
813.6013693254272,1162.9630628310222,1592.9163003200958
814.4855590069749,1162.8785187620363,1592.8753082479823
815.4624091012967,1162.809594685912,1593.028645330187
816.5668978736055,1162.7559754348229,1593.3383438468422
817.8245077657086,1162.7194442746645,1593.7435345596807
819.241930661519,1162.7079630240785,1594.1967358341476
820.8052278303818,1162.7321256371565,1594.6628642933965
822.478415150132,1162.7976986855517,1595.0973952758798
824.2031108974408,1162.9030198566613,1595.44139660584
825.9097790784251,1163.0438314123512,1595.6386984923497
827.5393836357136,1163.2177041483617,1595.654665928167
829.0598065908345,1163.4249317280648,1595.4835992811163
830.4663350429636,1163.6697454347504,1595.1453545978507
831.77021576688,1163.9597947687685,1594.6755572300838
832.9844765512214,1164.300701275196,1594.1154155155516
834.1156243791493,1164.6904627716563,1593.5059618890923
835.1635197284404,1165.1188252668867,1592.8869105929834
836.1227963149877,1165.571129565065,1592.297916281626
836.9849518654462,1166.0331403048053,1591.7789989938499
837.7441329960659,1166.492475196958,1591.3675196941479
838.4022767956783,1166.9371775766126,1591.0932451941208
838.9706722160777,1167.356644404748,1590.9746145391769
839.4678743700397,1167.7439589839719,1591.0162644326058
839.9139975436008,1168.0966037901383,1591.2078041758825
840.3256059319956,1168.4164655613213,1591.5259086346066
840.714873168547,1168.707019557029,1591.9389177016392
841.0902404828712,1168.968504509685,1592.4100729924298
841.4544583307107,1169.1976365547862,1592.8997434253909
841.8022847846578,1169.3916878736982,1593.3695560171561
842.1220418546368,1169.5504777865835,1593.786816134878
842.4010672514903,1169.674553518941,1594.1272313213844
842.6315519444009,1169.7650203221674,1594.3772785971728
842.8121939471012,1169.8257821097145,1594.534879670081
842.9453126647478,1169.8617127623131,1594.6053500331618
843.0324892102053,1169.874812964336,1594.5955311286348
843.0714069207253,1169.8659354509857,1594.5113880146052
843.0561076548162,1169.8398346773006,1594.3602919116238
842.9795504485141,1169.8058800427764,1594.1569524084455
842.834494403199,1169.774319029542,1593.9295991991644
842.612985446922,1169.7541999429648,1593.7205015968757
842.3075263369878,1169.7533763356514,1593.5788735605781
841.9121576399244,1169.7770655493096,1593.5498023934197
841.4208584316359,1169.8265822438084,1593.661848468085
840.826167569767,1169.9005756442448,1593.9151302373193
840.1189614241363,1169.9974673628187,1594.2764981051312
839.2866038351062,1170.1185665036558,1594.6909817171493
838.3131289608529,1170.2723055481288,1595.1102796308815
837.1873181150785,1170.475858803676,1595.5222529305092
835.9147100960781,1170.7500392510908,1595.956461432877
834.5212030332588,1171.1110932150175,1596.4528779080322
833.0403625018944,1171.564874436549,1597.0144964758745
831.4936261497974,1172.1062524311305,1597.5878280613044
829.8844029768935,1172.724779347761,1598.0870291041
828.2157771639024,1173.409849004163,1598.4327228234242
826.5149790223503,1174.149113749931,1598.5771022442382
824.8358187350477,1174.9288368731727,1598.5134431180168
823.2336305002702,1175.7432516406448,1598.276415336704
821.73990575378,1176.6000389624394,1597.9337174757277
820.3597239240986,1177.5117727876545,1597.568880339329
819.0836148623742,1178.4849775820944,1597.2592082823878
817.8961218905185,1179.519264717593,1597.055026507512
816.778778019037,1180.6125391853711,1596.9682598332597
815.7138906160575,1181.7626611374787,1596.977162642636
814.6922296340708,1182.9638317991753,1597.0426127988515
813.7201185904044,1184.2022072949778,1597.122660787766
812.8180380214819,1185.4551822102064,1597.1813591696107
812.0096926625262,1186.694767933965,1597.1968804401051
811.3098528732215,1187.8893746928666,1597.1662513398642
810.7203947172438,1189.0018847157553,1597.100916514794
810.2344561749713,1189.9920317502774,1597.0182519768844
809.8418783458307,1190.8263057530617,1596.9363377492532
809.5328011432571,1191.4865087125695,1596.8702613212897
809.2997210110029,1191.9706998460301,1596.828522514322
809.1381220717103,1192.2883519822767,1596.8121304376482
809.045598794181,1192.454647659919,1596.8157084015984
809.0208075708474,1192.4881894702646,1596.8297356785679
809.0630317593346,1192.4095346074903,1596.8427154942049
809.1708945172037,1192.2381844594631,1596.8407007215724
809.3419755255904,1191.9907839781126,1596.806716185988
809.5737029409801,1191.6809811120418,1596.724036874825
809.862153053012,1191.3208351863218,1596.5826723577918
810.2028842557647,1190.9222042710473,1596.385184594068
810.596718775799,1190.4953981945241,1596.1474925823668
811.0516585628102,1190.0476933117513,1595.8925725729864
811.5780749767948,1189.5844363159765,1595.640051125195
812.1861608889939,1189.109935294062,1595.3986602581967
812.8876140910157,1188.6268531478695,1595.1667921992098
813.6946150709359,1188.1383373725103,1594.9431741817646
814.6148880941311,1187.6538070153767,1594.7451423003963
815.647810305712,1187.193987553808,1594.6250045788272
816.7857941488782,1186.790135500263,1594.670693548314
818.0220844407311,1186.4729469871188,1594.9762853699972
819.3584317025708,1186.2569587689966,1595.583735240165
820.8002266783415,1186.1361883402528,1596.4338375984717
822.3389615036765,1186.0933317182096,1597.3746556535095
823.9417863876599,1186.1093924415668,1598.2254789349565
825.562714126458,1186.1694969797245,1598.8424150515877
827.1634559311373,1186.2679363860818,1599.1450290218283
828.722019993043,1186.4086747735773,1599.1120146817766
830.227050584136,1186.6005141941894,1598.7706457122915
831.6738090708337,1186.8522123265495,1598.1870753387832
833.0667510040334,1187.1701904447127,1597.453615788886
834.4194546437095,1187.5585824731943,1596.6721919868355
835.7483730995439,1188.0193665067964,1595.9357144143553
837.0635066595354,1188.5512296555303,1595.3120510821734
838.3607609010216,1189.1493064835213,1594.8373565492022
839.6234965804708,1189.8072700612365,1594.5210949445627
840.8341276510431,1190.5187612944717,1594.3563893781854
841.9849973381902,1191.2759462626118,1594.327859793627
843.0786888563283,1192.0687449706613,1594.4155782554787
844.119455190435,1192.8861370889547,1594.5958131061448
845.1063378731163,1193.7163360640077,1594.840474635841
846.0336547471624,1194.5447991595488,1595.118724873593
846.8923361983419,1195.3527966917961,1595.400918530154
847.6690300059017,1196.1198891140293,1595.6631903638774
848.3482720522007,1196.828592292133,1595.890378392471
848.9165751786626,1197.4669535721382,1596.0759107056685
849.3647244187675,1198.029094869444,1596.219692743346
849.6891650702186,1198.514345063054,1596.3241197210593
849.8912075913465,1198.925191695244,1596.3893366203765
849.9738583562142,1199.2673908778247,1596.4116009572704
849.9404552125139,1199.552507845136,1596.385537374917
849.7967103515085,1199.7976392624394,1596.3067795873353
849.5536649982095,1200.0209554919109,1596.1747510052899
849.2269039212229,1200.2381764015224,1595.9984771378408
848.8313467080194,1200.4624759563226,1595.80165071812
848.3769683634775,1200.7056407410641,1595.6195440971758
847.8673230173056,1200.9784759848553,1595.4887154302055
847.2986302087348,1201.288727451477,1595.4360152489717
846.6587877759564,1201.6389094090332,1595.4710625481694
845.9281468468168,1202.029351076792,1595.583866300796
845.084265334949,1202.4635277447346,1595.7484773072497
844.1088962794952,1202.9498938126212,1595.9350280034635
842.9936567079993,1203.5011783159707,1596.1287462371906
841.7458213878524,1204.1318106781596,1596.344210777807
840.3948181469295,1204.8516582494174,1596.6184734466865
838.9891964531495,1205.6583014995601,1596.9761834075148
837.5766606160755,1206.5337060033062,1597.3868436908351
836.1794406327189,1207.4495032669518,1597.75305713506
834.7858823938791,1208.3789617573111,1597.9471443381328
833.3687692321242,1209.3060273350902,1597.8720062666512
831.9190938394709,1210.2254267582225,1597.5072655004053
830.465358190761,1211.14041540431,1596.9214415965334
829.0601167110057,1212.0627380985288,1596.2502403628503
827.7481868594568,1213.0095874823267,1595.6486700208611
826.5436851806012,1213.9961501883708,1595.2373124597277
825.4292891640222,1215.0295206554122,1595.0688178257153
824.3717089326188,1216.107088237631,1595.1252284963875
823.33877136408,1217.2192140046598,1595.33966472244
822.3113569740967,1218.3546039912337,1595.6284592519294
821.2912319643356,1219.502566384675,1595.9173436939648
820.3021836785041,1220.650637231541,1596.153620600917
819.3813761153817,1221.7840162207015,1596.3080058943763
818.565311184251,1222.8868447896098,1596.371478687504
817.8781431717152,1223.940928400518,1596.3504806581698
817.327560975712,1224.9244040157892,1596.2628955336352
816.908659810919,1225.8136056349958,1596.133925267697
816.6104646443096,1226.5887005723398,1595.98901700003
816.4193647820844,1227.2402184303448,1595.8457822147234
816.3200297658544,1227.7704512888222,1595.7108371805657
816.2976975143822,1228.1894086860225,1595.582418750548
816.3415833140975,1228.5104776007367,1595.4536311899692
816.4450619393397,1228.7491334948854,1595.3136955734133
816.6019704076051,1228.9225503697992,1595.1491242762563
816.8043756661112,1229.0463678848128,1594.9461148290115
817.0435450700317,1229.1306058580358,1594.6953439905533
817.3106004697123,1229.180698863978,1594.400645099735
817.5980982268771,1229.2040667426859,1594.0872800560903
817.9043474065584,1229.2119971045827,1593.7986255901258
818.235531733493,1229.2119107793046,1593.5767780850467
818.6040838016868,1229.201914273652,1593.4420403622253
819.0262329751026,1229.1746076928139,1593.3889302540542
819.5174069201321,1229.124520332596,1593.3993297351942
820.0869881845471,1229.0565814561774,1593.4657043958516
820.7377119999271,1228.990981456505,1593.6151220527681
821.4698261300541,1228.9567969727893,1593.9169679278002
822.2891932655085,1228.979751101847,1594.4582185105837
823.2143722897014,1229.074281772826,1595.2889841966514
824.2691904309795,1229.2408952419285,1596.372586708958
825.4616121607462,1229.4693069842876,1597.585425745311
826.7718569170327,1229.7459938191764,1598.7672295667433
828.1615464548516,1230.0589116634117,1599.7754307515484
829.5875394067001,1230.3993522546784,1600.5140414469686
831.0056879609077,1230.765582931424,1600.9414341055617
832.3733084938236,1231.1659066465563,1601.0651033468132
833.660200389507,1231.615553986892,1600.9281758864
834.8592210956979,1232.128601939843,1600.5930930853626
835.983824749194,1232.7125494830577,1600.1251230533578
837.053083559812,1233.3673951440812,1599.5784480250286
838.076203145928,1234.085921844764,1598.989956045895
839.0477858446269,1234.8559793938805,1598.3827572691512
839.9537554141704,1235.6640592592726,1597.7752573378377
840.7805869730048,1236.4960894195813,1597.1890796850835
841.5211730056842,1237.3366103683543,1596.652506650736
842.1750392154463,1238.1700377348507,1596.1990928386163
842.7461934816438,1238.9824171708178,1595.8611817102137
843.241726789719,1239.760565781895,1595.6604411886672
843.6702981412999,1240.4916200013877,1595.6010492860223
844.0381462732591,1241.166170970981,1595.6691900263359
844.3447758868804,1241.78010674954,1595.8361062517497
844.5844859902854,1242.332071835256,1596.0627798031821
844.7514168174835,1242.8211224354982,1596.3072006764905
844.8401132109717,1243.2471525837989,1596.531690731208
844.8446091770102,1243.6124751718683,1596.7079276642787
844.7628803447622,1243.9216724570047,1596.81815897942
844.6007372830742,1244.1792176185668,1596.8516685432548
844.3678690459186,1244.3896957860939,1596.801519023349
844.0713727022674,1244.5607911760753,1596.6647657290976
843.7132479849028,1244.703301999486,1596.4429597332764
843.2915173708077,1244.828872583597,1596.1437047829145
842.8037305534469,1244.9490673543125,1595.7854513075752
842.2512616234977,1245.0747736147316,1595.4002395182624
841.6408218452542,1245.2152847818552,1595.029238880234
840.9807218278626,1245.3778346750196,1594.7128569619038
840.2749315854934,1245.5667179756065,1594.4786302387176
839.5213685913945,1245.7813149902343,1594.328809850621
838.7140106512499,1246.0147126213453,1594.2335721964646
837.8433761921182,1246.2571870155236,1594.1412477109238
836.8969744546408,1246.506424299694,1594.010809430173
835.8664938795112,1246.778076062021,1593.8539051792231
834.7606451517482,1247.1053042101532,1593.755274614131
833.6115986929308,1247.522296283129,1593.8396984449043
832.4645719438747,1248.0414834145379,1594.1899359831723
831.3509502290848,1248.6442535738756,1594.774188721074
830.2616859045922,1249.2942504125076,1595.4494358650863
829.1517490946903,1249.9579095795793,1596.0374655263638
827.9841895331289,1250.613115678953,1596.4048396854323
826.774643886172,1251.2467501404303,1596.5000645238972
825.5900155019732,1251.8529599555557,1596.3532151882944
824.5032607373606,1252.4358498209906,1596.052136154921
823.5488477094182,1253.010086137544,1595.7052345583465
822.7141821012265,1253.5942573635652,1595.4089155566955
821.9625988385586,1254.202061707214,1595.2318982242791
821.25868714924,1254.8406284590442,1595.209501736295
820.57521254355,1255.5148008263852,1595.3404464869946
819.8889514932622,1256.2296028652963,1595.5924535866113
819.1848528335972,1256.9892046250666,1595.9175941476813
818.4669810121131,1257.7946808882064,1596.268065084164
817.7581580763477,1258.6425793130597,1596.6080395304589
817.0852161438054,1259.525182135291,1596.917940427058
816.4642192930944,1260.4316532628668,1597.1892135060832
815.8980219862566,1261.3466839902371,1597.4164324234546
815.3844578371873,1262.2465464008703,1597.5933466166478
814.9234349717137,1263.1010453790805,1597.7140201258717
814.5152865607137,1263.8835438345864,1597.7753336018013
814.1550273554025,1264.5810546652087,1597.7781568610806
813.8318147515288,1265.2062365860015,1597.7340159086816
813.53412928661,1265.7979718664878,1597.6684454120873
813.2557743764153,1266.3828936343677,1597.5981163190195
812.9967140525388,1266.9443970192851,1597.5109743265907
812.7574010320043,1267.4525268126106,1597.3863414706711
812.5356408656411,1267.8988427727888,1597.2178297548978
812.3288088379937,1268.2902151356263,1597.0080836108107
812.137590306797,1268.6327876135006,1596.7579499820356
811.969620682128,1268.9297374391738,1596.4676727310307
811.8371689802932,1269.1941990988796,1596.1498872132051
811.7508819898487,1269.4582928521786,1595.8382307994127
811.7210991808114,1269.7483252728316,1595.5688074042582
811.7615282235591,1270.0568359223994,1595.3548224663518
811.8847966384772,1270.3584119747334,1595.1895123568659
812.0984512219558,1270.6359128930578,1595.0591398764655
812.4068287554888,1270.8818177715568,1594.9420745653517
812.8120838664704,1271.0929721790617,1594.8079183598452
813.313759025403,1271.2707849123863,1594.6306520409864
813.9077740178062,1271.4248295809562,1594.4126117580633
814.5854807318525,1271.5756991684273,1594.2031892406974
815.33955145218,1271.7496683527215,1594.090621741673
816.1734093011739,1271.9669302881166,1594.1610302654835
817.0987754514358,1272.2323372576343,1594.4465813656668
818.1212108417619,1272.5341685280014,1594.9004988246718
819.2308701448558,1272.8529836915493,1595.4197989622614
820.4058513339133,1273.1754267723304,1595.893310060208
821.6190543615937,1273.499820835717,1596.2362196929478
822.8411331777525,1273.8310594699253,1596.4022059797276
824.0424029541953,1274.177265133113,1596.3845781201096
825.1981354621907,1274.5503059408763,1596.2081307760864
826.2945741862721,1274.9615926317936,1595.9124358087915
827.3289564372827,1275.415962112497,1595.5370359534252
828.3028586250914,1275.9107351256418,1595.113872747787
829.2146942509022,1276.4385774178877,1594.6641090513403
830.0563942212693,1276.9896608258587,1594.1982598079849
830.8159212655735,1277.5515021148833,1593.719320511081
831.4824453015772,1278.1086634195913,1593.2274827208191
832.0484404039845,1278.6444472166597,1592.7258223663966
832.5086411490649,1279.1437721624602,1592.2250215359347
832.8606614654254,1279.5939097767373,1591.743771086432
833.1088740726688,1279.9828792118271,1591.3058724677799
833.2687719305663,1280.299628343621,1590.938375472531
833.3658352915129,1280.5364603991957,1590.669424463237
833.4267251544766,1280.6919521932398,1590.5215092643573
833.4717830712584,1280.7716229248326,1590.5030726073494
833.5136386502262,1280.7835618642364,1590.6044890781207
833.5567700849032,1280.7341734947336,1590.7992652255855
833.5992895491045,1280.6295378014238,1591.0498901165952
833.637746681289,1280.4789875038493,1591.3168136843713
833.6682184107973,1280.2959649178983,1591.565487644997
833.684394456398,1280.0960248600488,1591.7699597097244
833.6783792983986,1279.8950244821447,1591.9160722052488
833.6427017531147,1279.7080068609641,1592.0037572717677
833.5693824027369,1279.5467114307698,1592.0452578176037
833.4490735772702,1279.418355381503,1592.0612853562407
833.2752028532235,1279.3282087370972,1592.0778995893472
833.0472956719168,1279.281240450459,1592.1201375344408
832.76629498878,1279.2805097567293,1592.201535362432
832.4267814884711,1279.3253503099215,1592.3160018810408
832.0140978850076,1279.40995202993,1592.4358171215229
831.5090776419695,1279.5234548356732,1592.5170828502216
830.8968193252971,1279.6541126086415,1592.5142459910567
830.1715710864902,1279.7926808838345,1592.398600032007
829.3367927117281,1279.9316709614734,1592.1750601495653
828.4066533087629,1280.0713884215493,1591.8997010699711
827.4081108905201,1280.2396301919923,1591.6892847985337
826.3792407152212,1280.4978593980877,1591.68866340287
825.361682007061,1280.8920758468596,1591.9767895676082
824.38077810576,1281.3878568740333,1592.4837590992108
823.4222039984076,1281.8912064723709,1593.029625586687
822.4373058002195,1282.3412254315815,1593.4541642803779
821.3858826983078,1282.7496282579639,1593.692879553411
820.2774076905436,1283.1442776129804,1593.7495820417003
819.1675803303798,1283.5139878040566,1593.6470663413702
818.1157445723844,1283.8307227039913,1593.4172006141553
817.1503880469884,1284.0893561227501,1593.1043238189118
816.2720704391861,1284.3014292148855,1592.7589534203198
815.4782770304873,1284.4710390605114,1592.4327455346029
814.7792724191163,1284.5882353465513,1592.172430238579
814.1903745750415,1284.639969324107,1592.00985092561
813.7122310698159,1284.6353808591857,1591.965194546162
813.3246660940914,1284.6256602073736,1592.0618067679657
813.0020139304587,1284.6700407519163,1592.312830834772
812.7271599919361,1284.7790469848735,1592.6892307522362
812.4876598284336,1284.9257813362992,1593.1308524985611
812.2699720443522,1285.0922594633435,1593.5836000258619
812.0645945142759,1285.2765071354327,1594.0116450923545
811.8706744912283,1285.4805087605034,1594.3949197640945
811.6938012971963,1285.7018558267973,1594.726163504063
811.5429320797052,1285.9213084852408,1595.001105344234
811.4252688444116,1286.1123780170115,1595.2194345285907
811.3389453092177,1286.276746107295,1595.4019467609412
811.2756096016234,1286.4309704824827,1595.5749183641985
811.2300463607074,1286.56269379714,1595.736122393512
811.2011114870218,1286.6477223558347,1595.8662922856245
811.1885372916483,1286.684991532817,1595.954250910183
811.195178171334,1286.689593068373,1595.9935949409182
811.2294329511459,1286.6751563501737,1595.973844042553
811.3024128858344,1286.649846838797,1595.884919374499
811.4230061917875,1286.620275040511,1595.7302111014246
811.5965108600526,1286.5933230934606,1595.5345796035954
811.8280601818584,1286.5714776693546,1595.3380318638158
812.1260773478168,1286.5461868851141,1595.1771551253123
812.5009936685478,1286.498167145155,1595.066854140193
812.9593585533588,1286.4171653517287,1595.0031048837127
813.4990682228201,1286.327240131231,1594.98337521798
814.1139219941978,1286.2659443504388,1595.0050826181732
814.8020324990405,1286.2309589267973,1595.0455520393982
815.5630161406547,1286.1854340423938,1595.0825832710316
816.390645029527,1286.1216550619495,1595.1464142398281
817.2780219326149,1286.0824704241031,1595.3201236483546
818.2276222843509,1286.1109774028769,1595.6680372016294
819.2474743481527,1286.2072203445532,1596.1723498769963
820.3367946013846,1286.3427890357234,1596.7428490028242
821.4796163460155,1286.4908192534376,1597.2671510722635
822.6498334656736,1286.6344958239067,1597.6471242705343
823.8174392064403,1286.765617007078,1597.8154222717872
824.9522879831013,1286.884306559282,1597.7435048797295
826.028806457865,1286.9983266357333,1597.4411887424785
827.0343497450312,1287.1194971167354,1596.9473530872458
827.9759383258828,1287.2604693080407,1596.3189176962396
828.8744317489309,1287.4324256166403,1595.618854023035
829.7484877691265,1287.6406785350948,1594.900719657686
830.6040408356105,1287.8822125958295,1594.1990889569763
831.4349229081325,1288.1479580041973,1593.5325909203632
832.2293260004379,1288.4248448960786,1592.911801497595
832.9768769062105,1288.6936909413375,1592.343671808023
833.6700168936702,1288.9277351008004,1591.8335225870037
834.3009314176298,1289.100303729018,1591.3909106011442
834.8626877463248,1289.2015018567404,1591.0397500982087
835.3544647520324,1289.2422273943316,1590.8168681286368
835.7860362613782,1289.224020471198,1590.7461630472012
836.1790705896817,1289.1169492378917,1590.82082250612
836.5581671509196,1288.8956405787849,1591.0257286294545
836.9319457474022,1288.5769646443619,1591.3564803116433
837.2876756420836,1288.1992367974458,1591.8015175969492
837.6090735200003,1287.7903889676845,1592.3283958937316
837.8909063498567,1287.3609289910773,1592.8890941973655
838.1357317435662,1286.9065415477487,1593.4280548483093
838.3466290411313,1286.4241263811623,1593.9002654320411
838.5257611610207,1285.9260943998636,1594.2851534029453
838.673287809687,1285.4335538810035,1594.5784423093305
838.7840324619178,1284.9672540307336,1594.7799489133108
838.848575748363,1284.5450885270852,1594.8906279747175
838.8596130600763,1284.1789242276668,1594.9154110763175
838.8163900252775,1283.8718988541032,1594.8673196267027
838.7223447259881,1283.620025696282,1594.7704674519014
838.5780442956107,1283.423797000397,1594.6637358457206
838.3771655764194,1283.3004295500175,1594.598785093904
838.1097281137423,1283.273832992633,1594.6213226856307
837.7659662518283,1283.3544982169603,1594.7485820277382
837.3367174826459,1283.5307252623406,1594.9590384475775
836.8127379450151,1283.7724963376488,1595.1982659630232
836.1831294072014,1284.0517636910035,1595.4072876764874
835.4390237524664,1284.3582580792906,1595.557488482933
834.5860908582608,1284.692407468033,1595.6689437163386
833.6534696911692,1285.0551076714996,1595.8068487481755
832.6875661998079,1285.4509611822925,1596.0548438168198
831.733702912314,1285.8926050002026,1596.4684571303173
830.8166866698776,1286.3882697440306,1597.0296641380924
829.9300966190874,1286.9369325587982,1597.649387318019
829.0474782108466,1287.5330713461055,1598.214351613988
828.1560222287069,1288.1497453267507,1598.6205088882473
827.2755016428109,1288.7516178832977,1598.8033223890702
826.4392554598721,1289.3505920879297,1598.7740804745338
825.6695247199217,1289.995576550695,1598.5968660270553
824.9745076971253,1290.6962991195464,1598.319063228907
824.3559931547496,1291.4055116897325,1597.9529371008641
823.8145925766037,1292.0734344970722,1597.515015290888
823.3501387788162,1292.6940934750216,1597.056999178451
822.9571409456239,1293.3127405373561,1596.663960840899
822.6234080763604,1293.9785338036754,1596.4108371362931
822.3380251207843,1294.671643898694,1596.3036298082357
822.0960507179649,1295.3227080604086,1596.2941777187339
821.890512608501,1295.9138778499478,1596.355607963396
821.7087503951851,1296.486712397126,1596.49101427708
821.5422119845734,1297.0588008045502,1596.6823322693408
821.3910203461664,1297.6194528091855,1596.8980584114906
821.2594545112074,1298.1650550640811,1597.1228685802535
821.1541583721541,1298.6578544040037,1597.326908660279
821.081246161313,1299.0238696873928,1597.463399360202
821.0422696169653,1299.233626623846,1597.5239616879205
821.0364862499304,1299.3179123421178,1597.541732274315
821.0624648469452,1299.3325782868706,1597.558535548744
821.1153544160468,1299.334070392131,1597.6051183980132
821.1881470977801,1299.3248125250134,1597.662538062892
821.2769867520051,1299.2443604691218,1597.6623545602693
821.3831153119926,1299.0431102921216,1597.5519715975954
821.5095904827722,1298.7123600495709,1597.3249558679522
821.6589357837265,1298.2483908173672,1596.9947899844033
821.8329880110585,1297.644335254914,1596.576973088588
822.0265620056714,1296.9370112113793,1596.1029181435752
682.8895810755779,608.0053226970034,1329.5806593889076
682.8287622309965,608.1111224266265,1329.6145312865406
682.7715060260005,608.2167783263073,1329.6422216764424
682.719522769281,608.3281200663705,1329.6615366325743
682.6733080254853,608.4554607591181,1329.6745135363035
682.6320517378258,608.6108858841397,1329.6858738930553
682.593110731838,608.8026428335684,1329.7001800451155
682.5526121752728,609.0310906404156,1329.7191591423364
682.5068679004414,609.2877357612145,1329.7412733634628
682.4548131524506,609.5575600645221,1329.7632841172303
682.3993164309686,609.8249559639494,1329.7832057422959
682.345010982389,610.079403139578,1329.8026512791241
682.2964828425471,610.3169368284262,1329.8246878718476
682.2584498386425,610.5380535147958,1329.8483093834946
682.2337474899946,610.7443186783677,1329.8672528252855
682.2205317680305,610.9350900891521,1329.8782904140965
682.2140600059236,611.1068302985065,1329.889426054783
682.2101001145882,611.256689950542,1329.9137489663249
682.2060581186557,611.3866323376744,1329.9559892108446
682.2021622267464,611.5031676896034,1330.0092082363142
682.2014390770528,611.6145091690724,1330.0637349714254
682.2066572103746,611.7299408142674,1330.1172491212546
682.2182236948295,611.8592031134,1330.1742627305355
682.2352902672801,612.0082925279038,1330.2376936147596
682.2584922787179,612.1772525773231,1330.3052417112813
682.2912005590277,612.3645026391927,1330.3720919344075
682.3369536652582,612.5711522334973,1330.435723366313
682.3967360924248,612.8004107631731,1330.4989047746349
682.4708298891269,613.0546844912511,1330.5650060616545
682.5614004879824,613.3317819474576,1330.633712465405
682.6710130583563,613.6246312417768,1330.7054326677048
682.8005991606223,613.9286501804365,1330.7838932827992
682.9504855159282,614.2476056119044,1330.8724431588357
683.1221369277746,614.5886710846939,1330.9697316546403
683.3178972403138,614.9530055506027,1331.0661204566172
683.5401289416416,615.3344605634362,1331.1452118598604
683.79169800009,615.726480553706,1331.1940603685346
684.0763922083426,616.1243653883915,1331.2121573791499
684.3978719537184,616.5205729009333,1331.2096091716276
684.759097801083,616.9033907674251,1331.1987078954241
685.1625785885144,617.2604760444655,1331.1872299494678
685.6098150595154,617.5816235221857,1331.1781120097253
686.1033259799997,617.8611102889446,1331.1715676694491
686.6509315862837,618.1009513997127,1331.1648541310678
687.2639536538467,618.3105093419816,1331.155504580034
687.9503731427807,618.499590128933,1331.1476591862695
688.7124477400524,618.6718743571,1331.1504740219505
689.5488894671627,618.8249605201361,1331.1690050748373
690.4554538768966,618.9534987623603,1331.2021126271502
691.4237280468878,619.0521480559604,1331.2509042699692
692.4419501185796,619.1173350222624,1331.3203149965168
693.499492106881,619.1457763360328,1331.4100317418292
694.5923378662773,619.1330779562413,1331.5126773884153
695.7261216293766,619.0776640117266,1331.6194770227405
696.9138188323462,618.9852709373641,1331.7213825131662
698.1657034178771,618.8640279999842,1331.809554838026
699.4795305226016,618.7159867592254,1331.87853247708
700.8403402232086,618.5387848238947,1331.928776104135
702.225406912176,618.3333904662513,1331.971214608589
703.609769664123,618.1052366302633,1332.0298766743706
704.9740966379022,617.8577588046398,1332.13355358573
706.3110652305248,617.5879271877027,1332.3041267045444
707.6235410318515,617.2884374729744,1332.5543813495015
708.9175203665365,616.9523155953513,1332.8882791876422
710.1948226095147,616.5774494662085,1333.2956120870263
711.445674720571,616.1720553705635,1333.7520040719896
712.6468936073514,615.7584635455316,1334.2304112316979
713.770214166475,615.3680823527004,1334.7119801730128
714.7939155912704,615.0279099603388,1335.1875245747528
715.7079342410992,614.7512639226508,1335.6541065974354
716.5100348629251,614.541622705433,1336.1114194430147
717.1991878032215,614.4028448051209,1336.560122860884
717.7729932195225,614.3427274311775,1337.0019393055668
718.2302235972842,614.3685527501325,1337.4385394312233
718.5757369273653,614.4854130812715,1337.8687506352242
718.8224395663685,614.6990254064905,1338.2849956326297
718.9849276652707,615.0141806854909,1338.6750152007185
719.0690466926326,615.4293602435889,1339.0336293443781
719.0696307327519,615.9343736472657,1339.3703931785878
718.979984559677,616.5129371849605,1339.6995581484034
718.8013704053135,617.1487591329408,1340.0257323220208
718.5411529807416,617.8305932409047,1340.3440498154075
718.2034917924484,618.5524531458535,1340.6510432226437
717.7852823347883,619.3115239253666,1340.9477344788995
717.2812761579567,620.1068433018993,1341.22986574535
716.6881518471575,620.9372940808798,1341.4824912654735
716.0027079036676,621.8001213652943,1341.688136159672
715.2209687031361,622.6936723620694,1341.834773360081
714.3378852685914,623.6209641729306,1341.9154579896522
713.3452699206866,624.5882274817546,1341.926622021514
712.2326098869923,625.6005599181979,1341.8684755982993
710.9904766173365,626.661251578266,1341.7457655054313
709.613252952242,627.7743122575748,1341.5685356216484
708.1014610895104,628.9438708669616,1341.3543613349843
706.4622888495293,630.1706141343415,1341.1324064991636
704.7079180755582,631.4497845768489,1340.9417344191222
702.8560337657492,632.7710326863894,1340.8164506706999
700.9322368467803,634.1185757556647,1340.7662564712623
698.9690251512181,635.4721832450176,1340.7676074344688
696.9998147557085,636.8119675223041,1340.771034124493
695.0468649162248,638.127528800201,1340.7267540051223
693.1091769574879,639.4252973524365,1340.6212520169545
691.1694721036845,640.7248724793849,1340.497447444268
689.2231301182924,642.0427070416281,1340.4417514416766
687.3027647316121,643.374114070244,1340.5467771244366
685.4723415822773,644.685669564649,1340.8653339887194
683.7928483932623,645.9230564408614,1341.3809539119704
682.2904085586026,647.0338725871371,1342.0166569825358
680.9508352468517,647.9967431474404,1342.6723891398583
679.7352077866708,648.8380801602669,1343.2629484899041
678.6016768902143,649.618815395063,1343.7366861844403
677.5193482894537,650.396712646563,1344.075124513297
676.4663648072909,651.1951034066968,1344.2841030819613
675.4211706297267,652.0026637708133,1344.3832264411521
674.3627357210233,652.7989036844491,1344.3979958926025
673.2814015884394,653.5791303352313,1344.3564286654448
672.1839572758745,654.356458161321,1344.2867642936844
671.0863687882896,655.1419231045666,1344.2142101347683
670.0087631898541,655.9245807231439,1344.1587850101346
668.9785898822039,656.6689774580626,1344.1349875145486
668.0287805483065,657.3266015818845,1344.1524949572597
667.1857712967966,657.8507615307442,1344.2193411990986
666.4616141273953,658.2101928888432,1344.344882152849
665.8581452257193,658.3970504452502,1344.5358086341507
665.3726471044498,658.4272748139869,1344.7888181950977
664.9982791960396,658.3349383635459,1345.0875130948762
664.7254358482656,658.1609765596141,1345.4034739307326
664.5455500217413,657.9417653250711,1345.7017195963774
664.4499098040042,657.7049222652502,1345.9491338228936
664.4253275505876,657.4706104286383,1346.120551011958
664.4575519170712,657.2524459909775,1346.2014901924726
664.5399090319833,657.0571152495871,1346.189085202355
664.6752575978238,656.8853334748197,1346.090504117954
664.8710561046164,656.7346663887874,1345.9183230809062
665.1346888064085,656.6026471836939,1345.686053319308
665.4717875123049,656.4879199193638,1345.4059709915964
665.8877267153313,656.3871122221636,1345.0862046863706
666.3898292181688,656.291052757262,1344.7281806817398
666.9868047619581,656.1873108767518,1344.3306507001507
667.6863686400228,656.0665375434082,1343.8981916306382
668.4921498163494,655.9242075439768,1343.4461699186108
669.4022270851448,655.7582435093084,1342.999082505549
670.4142387184581,655.5696014185064,1342.582785635199
671.5316193738274,655.3643536196316,1342.214824672858
672.760308093079,655.1504893795644,1341.902870844283
674.0987605227622,654.9327836277597,1341.657505301257
675.5340664199063,654.7127295389107,1341.5077494272487
677.0481341735688,654.4941115497943,1341.4999443081988
678.6244732018376,654.2902394954018,1341.6771639330652
680.2518017873265,654.1255999297595,1342.0492219040875
681.9257641589597,654.027606857598,1342.56894962485
683.6415517780711,654.0109544580638,1343.1376157645989
685.3808749283108,654.0654394505871,1343.6444354901405
687.111237654881,654.1616714665273,1344.0132885537141
688.801112187175,654.2693888282748,1344.2262189684736
690.4350249809568,654.3640850093383,1344.3144741881767
692.0156497385656,654.417205531867,1344.32809426222
693.5540911954001,654.392475467814,1344.3057453913327
695.0571251867424,654.2598592053305,1344.2633702328367
696.5222082348295,654.0125306461043,1344.201528048873
697.9415770877379,653.669504226962,1344.1173680545476
699.3052978050767,653.2619086207062,1344.0123182581908
700.6000334534511,652.8157908439912,1343.8954656150033
701.8100536882912,652.3453087061805,1343.7835021907183
702.9241830436081,651.8577756718208,1343.695944930773
703.9428679551074,651.3629822393773,1343.6480391425366
704.875147568193,650.8794081401215,1343.6490764354826
705.7288318765941,650.434781351185,1343.7064238223036
706.5072148180598,650.0622858670167,1343.826044266797
707.2111968454597,649.7923935018091,1344.0077871795243
707.8394605379285,649.643525204927,1344.2438820284658
708.3886646248498,649.6204112680225,1344.5240267889938
708.8549199814086,649.7209320541351,1344.840835198133
709.2345319180641,649.9424312001388,1345.1902357553604
709.5243260419384,650.2818960657331,1345.5679977177117
709.722655521316,650.7324237191638,1345.9654555686009
709.829175895436,651.2823254610729,1346.3676997166012
709.8424352398223,651.9188723453697,1346.7569114995517
709.7594765743222,652.6313675201435,1347.1182502762347
709.5784872903967,653.410724334763,1347.44285927685
709.2992747046161,654.2495053383648,1347.7270271221814
708.9205459680948,655.1437969195167,1347.9689760454644
708.4388107766551,656.0939297955463,1348.1642464461645
707.8489546273206,657.1029940866417,1348.3039597510553
707.1441285818846,658.1734483352382,1348.377490802633
706.3162769000871,659.3035666741047,1348.37589591198
705.3568097260743,660.4873077537284,1348.296883940348
704.2567692363964,661.7175672180592,1348.1513616894943
703.0104175242391,662.9896967737888,1347.966380640048
701.6237581001552,664.3036327135717,1347.7812973840444
700.1183492834907,665.6624102484735,1347.6359035898
698.5238121224529,667.0670049678457,1347.554458717564
696.8701718342062,668.514072727708,1347.536259818686
695.1868875316602,669.9988801498494,1347.556846608518
693.500837066505,671.5186460258558,1347.5754038169434
691.8303231986721,673.07386837521,1347.5478355523212
690.1812538286291,674.6656349009219,1347.4452828725284
688.5496547976638,676.2905029025835,1347.2713187489094
686.9282698994778,677.9385114565,1347.0702018631255
685.3170875636505,679.5926799002345,1346.9172644064138
683.7351708500959,681.2273621673436,1346.8885062008526
682.2205209405678,682.8082928559834,1347.024673108142
680.8116113737829,684.2961933817968,1347.3119327663644
679.5235718980475,685.6564395380565,1347.6901581823595
678.3399043103315,686.875713331889,1348.082178845685
677.2261879597372,687.9752519719942,1348.4260723297093
676.1516893367872,689.0043038542688,1348.693326280585
675.1029793941461,690.0117504718872,1348.8855678769046
674.083316032661,691.0187774937583,1349.0186559151016
673.1015553685968,692.0187066388007,1349.108515004094
672.1627656610424,692.9990483134579,1349.163366032964
671.2668504510688,693.9571337000375,1349.1816734592985
670.4110182997435,694.8972024150477,1349.1552502639038
669.5939554726939,695.8216843452403,1349.07503740521
668.8188540375731,696.7296823618077,1348.93711766276
668.0923555590762,697.6197543378393,1348.7451198338513
667.4237399624686,698.4885232495583,1348.5063994378422
666.824665585367,699.328168461823,1348.2296109378506
666.3061038304573,700.1283299794329,1347.9287266191982
665.8765068569032,700.878821294545,1347.6231993948163
665.5435164240014,701.5695085006232,1347.3299330647255
665.3147103147656,702.1899322316991,1347.0580175614805
665.1964589694913,702.7323099873016,1346.810014333569
665.192790544936,703.1961796189945,1346.5847614308195
665.3047202331736,703.589727297585,1346.380240134993
665.5324542924561,703.9262197814262,1346.1945543009742
665.8780467473566,704.2179991472893,1346.0252929390049
666.3420521084903,704.4726738056918,1345.8712089023795
666.9208304446652,704.6932969143165,1345.7331783222974
667.6128145607911,704.8800391956715,1345.6102905089022
668.4230092421674,705.0323616063853,1345.4962684457207
669.3576409589675,705.1486567004347,1345.3808639217293
670.4180535281355,705.2209004917179,1345.252178129447
671.6010469272194,705.2325518391044,1345.0975979567904
672.9032124858344,705.1659690992044,1344.9087639047868
674.3210474520176,705.0118128535578,1344.6903736362922
675.8459261925202,704.7713948883419,1344.4614428496905
677.4657937408955,704.4538088642915,1344.2449019915066
679.1739701877347,704.0738341064375,1344.0562116710666
680.9693931392928,703.6497478546788,1343.9017720500963
682.8465019060191,703.1985795848342,1343.7884943362706
684.7895904268344,702.7320474575489,1343.7387309293858
686.7747438012773,702.2586840118366,1343.8029055046336
688.7748836385531,701.7912796824004,1344.0563294499411
690.7725290071874,701.3485286197592,1344.5641863668711
692.7729751177676,700.9447700040104,1345.3302925113926
694.8006252225417,700.5787597256376,1346.2778238880194
696.882291823379,700.2327688133981,1347.2801813952392
699.0331790619643,699.8818611400103,1348.2088887040052
701.252617119305,699.5072440319461,1348.965199972879
703.5265487225795,699.1016586837338,1349.4915502149568
705.8292783084338,698.6601687035459,1349.7725329340174
708.1242321236471,698.1691592134823,1349.8312480104125
710.3687624400404,697.6094391801305,1349.7197857565582
712.5230212502287,696.9725067864066,1349.503601172574
714.5590229672539,696.2733914739957,1349.245315449718
716.4637770706399,695.5442810362601,1348.9941424690483
718.2340876692199,694.8140357527316,1348.782618069793
719.8703488099314,694.0945782391077,1348.6277838144642
721.3754320384686,693.3849806120288,1348.5345537766664
722.7569902431651,692.6841767057407,1348.4999274420284
724.0293786636745,691.9986117987714,1348.5162903059866
725.2109254597611,691.3425785099658,1348.5745380439455
726.3162626033575,690.737598787367,1348.667807641053
727.3513185612519,690.2128811099658,1348.7933495365858
728.3160068741383,689.8014475353199,1348.9510394036404
729.2099163658654,689.5292427326874,1349.1407942239284
730.0341843904871,689.4042655519507,1349.3606193611874
730.7891487567559,689.4149641401806,1349.605148949046
731.4730177812029,689.5382783175447,1349.865615862884
732.0826247347014,689.7495443313617,1350.1316066329475
732.6133619661452,690.0288527065962,1350.3934608429024
733.0594151974155,690.3647153632746,1350.643875317739
733.4145437805798,690.7549806462455,1350.8763000996241
733.6714239778069,691.2036828401243,1351.082347741277
733.8218147350813,691.7161739562155,1351.2534952635833
733.8584535472511,692.2947245078977,1351.383369144506
733.7756323657309,692.9356933540142,1351.4657771738878
733.5687340814334,693.6305909157749,1351.494086453852
733.2339137259615,694.3700519748428,1351.4653103302676
732.7668692442966,695.1467035424772,1351.3823174633542
732.16321243019,695.9558926378184,1351.2505782024086
731.4218211623556,696.7951024020089,1351.0748527222156
730.5452076706299,697.6617635172316,1350.8604711516277
729.5370793845092,698.5513056515317,1350.6168332127493
728.4030721729673,699.4583728293422,1350.358939595791
727.1520428701253,700.3780754716071,1350.1051840644518
725.7969659120379,701.3039839505341,1349.8716432210417
724.3580178706202,702.2280835577623,1349.6657641670581
722.8598921675466,703.1458985184252,1349.485420875133
721.3193323934966,704.0610520967685,1349.3290261919933
719.737598270639,704.985088030943,1349.2110165327153
718.1107025092838,705.9356473809424,1349.167316990868
716.4489572491115,706.9340530138844,1349.2431849569668
714.7864205337027,707.9967676544906,1349.4673171911354
713.1709700658909,709.1227679405317,1349.8266493499514
711.6417508855084,710.2899324329061,1350.2620067879727
710.2092653726909,711.4673920786273,1350.6893102798929
708.8548884613452,712.6334624610387,1351.028474881368
707.5520372373369,713.7804571095468,1351.2224660220882
706.2863772971377,714.9005352504697,1351.2462676848772
705.0556386589204,715.9651274334935,1351.1090884151793
703.8587515168396,716.9188359898526,1350.8467431439826
702.6919064781897,717.6993035462342,1350.5064547155318
701.5528168576076,718.267795700671,1350.1327116781863
700.4456658039876,718.6257673892318,1349.7595240499331
699.3810298912351,718.8100088665747,1349.410425411481
698.371273922937,718.8741988074679,1349.102496184906
697.4277387740239,718.8697719823067,1348.8478908615207
696.5619623705168,718.8347116614914,1348.6536402638167
695.7871282682515,718.790728000888,1348.5235620877986
695.1166423883215,718.7469046261317,1348.4595538817175
694.5613514770987,718.7068945940126,1348.4594948250492
694.128308271029,718.6761128664771,1348.5156862521806
693.8193472902885,718.6644168908915,1348.6160285951894
693.629884459994,718.6814457663146,1348.7438549789601
693.5523264920969,718.7310733496147,1348.8770195245772
693.5805121168019,718.8111749793474,1348.9913600036182
693.7097632210777,718.9157125978624,1349.0664339245407
693.9371743402348,719.0371232608791,1349.08854181023
694.2647604758099,719.1688962784476,1349.0507427169123
694.6992700371857,719.3055141405852,1348.9508695987913
695.2492856604866,719.4395446425999,1348.7881426220933
695.92531259396,719.5593204419807,1348.5604058344404
696.7373189238706,719.6493212444936,1348.267586111895
697.6861175119316,719.6922357002161,1347.9233022849805
698.7593603278902,719.672007774773,1347.5635600679295
699.9372914214679,719.5795529361963,1347.23934225992
701.2011691297903,719.419320553239,1346.9945449541508
702.5378959541938,719.2086899447445,1346.8458318323162
703.9376985629845,718.9676291195286,1346.7785775283805
705.387298517668,718.708819339025,1346.7575176852129
706.8668785660176,718.4366095490692,1346.7442549497482
708.352891358654,718.1507774941736,1346.7171414636964
709.8228474475188,717.849286337569,1346.6886869872767
711.2620689408805,717.5307184494359,1346.7110018729072
712.669961873272,717.1973875244464,1346.8585405286324
714.059769649057,716.8549660091624,1347.1871338705287
715.4513169428056,716.5074105968318,1347.6929315086447
716.8621426241799,716.1535021950789,1348.3050299093734
718.3021547196814,715.7890093408389,1348.9151744830488
719.7712393538368,715.4128575815408,1349.4183637476872
721.257444659494,715.0310219292552,1349.7416253012743
722.7380329743512,714.6501588134953,1349.854561362754
724.1842092200063,714.2656171673262,1349.7669502204694
725.5647378919177,713.8583620111318,1349.5196197218352
726.8497334666409,713.4060410414795,1349.1710430811524
728.0195691783306,712.9010748022095,1348.7831720195247
729.0710579511363,712.3616246945725,1348.410667940101
730.0117591858942,711.8226478729428,1348.0943448051312
730.8498819417464,711.3125806827828,1347.859092720996
731.5900281346978,710.8391784365899,1347.7188298282094
732.2339227505828,710.3978156995082,1347.6842151856545
732.7828758431889,709.9894668187426,1347.7622093624027
733.24007952621,709.6289472552735,1347.9497803205518
733.6104848582729,709.3391262098919,1348.2332179216503
733.9005760532004,709.1398336938225,1348.5924199740066
734.1191480484587,709.0406792095866,1349.003840197732
734.2754709271017,709.0408743102355,1349.4425810058501
734.3760223921869,709.1337231403874,1349.884881218294
734.422421930087,709.3114136546523,1350.3097112046041
734.4103517984995,709.5668524552076,1350.6994234556585
734.3308566778799,709.8925300829624,1351.0399478913669
734.173646910238,710.2798892162846,1351.3219884999892
733.9294230959792,710.7219297932395,1351.5425695677034
733.5903510471703,711.2158924432148,1351.7023905281455
733.1492306325988,711.762372390335,1351.8004579562357
732.5980392620567,712.3636609588153,1351.8321459797166
731.9270663744626,713.0234780749093,1351.7920562831744
731.1260411202285,713.7452641153471,1351.6781795711686
730.1865393533153,714.528907675561,1351.493472113104
729.1025802429839,715.369249923822,1351.2478601381729
727.8711930361658,716.2583974046938,1350.9628467830867
726.498198944013,717.1912619336183,1350.6705742324841
725.0048403324738,718.168473967324,1350.4031075610121
723.4253213000967,719.1921677038945,1350.1790399962974
721.7967938722378,720.260361104226,1349.9976953169241
720.1497408640422,721.3656482345851,1349.8440021056476
718.5015122096796,722.4970741660512,1349.6964754122769
716.8559055281689,723.6441217114491,1349.5348559928082
715.208995740497,724.801803596251,1349.3518827287112
713.5552439590977,725.973963289882,1349.16524372482
711.8937265549233,727.1703220104746,1349.0170996909012
710.2377666035368,728.3949768823503,1348.9563859221678
708.6214112113666,729.6341931218526,1349.0131003136921
707.0918840552456,730.8520972584874,1349.1798797653023
705.6861075281885,731.99428562456,1349.41280397574
704.405903220072,733.0024377902544,1349.6533346685162
703.216996648994,733.8394590527123,1349.8566694382062
702.0762678209395,734.507190557142,1350.0045012460666
700.9592078880477,735.040020725574,1350.0982303883657
699.8644340670977,735.4788446620805,1350.1459879100535
698.800198310898,735.8473934484507,1350.153950949464
697.7693240595286,736.1521840997948,1350.126077437083
696.7661307908337,736.4025515958119,1350.0684872803467
695.7856971399317,736.6242948532615,1349.9885287235913
694.8310360513841,736.8539202492748,1349.8898195567212
693.9125438695319,737.1254029584823,1349.7728075852497
693.0464341849472,737.4599366118798,1349.6393844814606
692.2521962034909,737.8619495268326,1349.4958242583098
691.5480416279685,738.3219933731735,1349.3530220999196
690.9485844318865,738.8208173277151,1349.2230236700466
690.4650331772298,739.3325703408965,1349.1135474434284
690.1039214690024,739.8310391318339,1349.0254532469887
689.8652727299823,740.2978437659702,1348.9538030258716
689.7452624022852,740.7267695693861,1348.8890265032335
689.7409353725218,741.1218687097735,1348.8190010545661
689.8505092786079,741.491556519357,1348.733621033662
690.0704673126294,741.8430489184143,1348.6268669421438
690.3964620166903,742.1813746530296,1348.4939265467854
690.8282481599238,742.5100891981233,1348.3284724592363
691.3696187998403,742.828949505521,1348.1234748069623
692.023580356459,743.1322146382807,1347.8736495287208
692.7921525686355,743.409858655037,1347.5771914261675
693.6783944498175,743.6480726560355,1347.237990223342
694.6834158791352,743.8290486769033,1346.87039720626
695.802117081386,743.9323739944687,1346.5027355848822
697.0235768900263,743.9397061338655,1346.173032526993
698.3357588288026,743.8424042461328,1345.9161531231641
699.7299936322299,743.6442805999834,1345.7484577164957
701.1996204004229,743.3559732697726,1345.6603590487578
702.7335729051,742.9901094612794,1345.6240217992522
704.3136741135042,742.5611941498449,1345.611286472081
705.9201650199009,742.0840889987531,1345.6089046726997
707.5390813515133,741.5698462467668,1345.6251945811562
709.1649590621394,741.0240615555971,1345.6897730592912
710.7995961730699,740.4483666307985,1345.8426801836385
712.4483134803954,739.8424555788563,1346.1107668554196
714.1155563817665,739.2060078605512,1346.4848866273076
715.8045838756325,738.5401659151423,1346.9140804115289
717.5179310341513,737.8500119638655,1347.319777747708
719.2513020694131,737.1482005438852,1347.623068783934
720.9863767219884,736.4547704018349,1347.7731970669997
722.6920468139137,735.7887634275185,1347.7629668727504
724.3347318826159,735.1562164520537,1347.622478313225
725.8897168964587,734.5471186868871,1347.3994617467406
727.3449847109143,733.9469926400191,1347.1428004972154
728.6987972578695,733.3541503117774,1346.895162766449
729.9545950317585,732.788906775259,1346.6922188331375
731.1147814980112,732.2872850232818,1346.5636776667786
732.1787008226004,731.8837755036792,1346.5311431263835
733.1461668686553,731.5977894393505,1346.6047380864206
734.0197549149598,731.4340591628521,1346.7839942430742
734.8028732775329,731.3909432670631,1347.0617744052238
735.4991311360783,731.4647458533683,1347.4250272242336
736.1144700054809,731.6493371190468,1347.853236036839
736.6554247239652,731.9370364057747,1348.3212391546813
737.123840324599,732.3196740776201,1348.8045977057752
737.516453060114,732.786606471755,1349.2810820509073
737.8291879544685,733.323195131327,1349.7296394767836
738.0594240259613,733.9131950514984,1350.1311470688954
738.2061967233923,734.5439974149556,1350.4699973995848
738.271043547918,735.2119463743869,1350.734466223574
738.2565003407374,735.9227929985492,1350.9174802711862
738.1601030873073,736.6849752324022,1351.017912955967
737.9707260336331,737.5013415560018,1351.0388773588456
737.6731582098986,738.3657765653732,1350.9836243289474
737.2540679830568,739.2649669099342,1350.8549097733858
736.7021657316666,740.1838802054139,1350.6589115955796
736.0079691815337,741.1140950505263,1350.408179458483
735.1677166252047,742.0590307403675,1350.120524590296
734.1867574862774,743.0303259148551,1349.8152295094687
733.0786822418729,744.0382169478617,1349.5084824441337
731.8610638632622,745.0836645648228,1349.2109737282167
730.5516492270147,746.1581526903477,1348.929078844573
729.167586679816,747.2490727704102,1348.6666969736089
727.7235389922508,748.3451469330099,1348.4258214881388
726.2266334177554,749.4411067076877,1348.2066670667675
724.6759603280289,750.5414908767024,1348.011606307492
723.069477044607,751.6618716358826,1347.8570516316943
721.4112435697358,752.8251511623469,1347.7816393180995
719.7194753997269,754.0516313146715,1347.8314962002612
718.0356593196767,755.346961367176,1348.0258436281724
716.4160210973146,756.6943560004001,1348.3317017425504
714.8991797600994,758.0536598312463,1348.6708836887092
713.4815811306258,759.3676230235994,1348.951322604081
712.1265688160775,760.5785058783399,1349.10107917992
710.7943913997902,761.6504973297108,1349.0904502303229
709.4644587720459,762.5786902079336,1348.932492085403
708.1354080390636,763.3764407855192,1348.6661464231372
706.8123701557589,764.0575422868089,1348.3383865165033
705.4988342451851,764.6293370570667,1347.9941926904044
704.1994607659565,765.0961197851453,1347.672423307668
702.9285020506394,765.4641199250694,1347.4035756355108
701.7133108740445,765.7414452154856,1347.2081671111143
700.5858848847071,765.9326764544354,1347.0964373484192
699.5701035232324,766.0369487941969,1347.0689616144048
698.6784303085481,766.0569101225517,1347.116490747168
697.9168805750642,766.0105645466116,1347.2204672368684
697.2876641147864,765.9331507252957,1347.3568390788882
696.7868717246291,765.8652954784591,1347.4997105581108
696.4037839988129,765.8355962628432,1347.6231199349847
696.1260939996193,765.8526862387903,1347.7057692191522
695.9445437101131,765.9101807106402,1347.7361492987932
695.8533554703729,765.9944989194403,1347.7102819940133
695.851249300967,766.0907870472086,1347.6252541663257
695.9427500991933,766.1883795873259,1347.476920635623
696.1376656737199,766.2840018521731,1347.261361525108
696.4485736952287,766.3802977165451,1346.9767380795438
696.8863841245794,766.4795867759537,1346.6253995436543
697.4580208697373,766.575213546649,1346.2147972145485
698.1679796636921,766.6484245808788,1345.7568472254504
699.019422366695,766.6747588733687,1345.2670720477831
700.0108937961238,766.6302307336438,1344.7639965035225
701.1320743393214,766.4914481066797,1344.270082159038
702.366225710372,766.2389526805986,1343.8129601599753
703.6975744087579,765.8679904565366,1343.421605696985
705.1145070748918,765.396620122275,1343.115902425528
706.6056140154672,764.8617178365281,1342.8959475135553
708.153992483775,764.3033853168979,1342.7392203844731
709.7370063020937,763.749488412091,1342.6098932506325
711.3326898934831,763.2134835379263,1342.4759965279216
712.9272097050828,762.700705164733,1342.3227032033778
714.5163998906411,762.2089399724143,1342.1567381642808
716.0988792072793,761.7240731700582,1342.0050815578188
717.6667092376337,761.2231733384439,1341.9067710528102
719.2027699699449,760.6876596642298,1341.8952463768433
720.6874401917823,760.113558545561,1341.9774912523565
722.1073146736454,759.51031548184,1342.1241620981093
723.4565639709955,758.8935893184863,1342.2815243805394
724.7321831317504,758.2784002081272,1342.398600209849
725.9313992588633,757.674566147971,1342.4488214515995
727.0524946493415,757.0849036487034,1342.4336117046155
728.0952028458019,756.508050012623,1342.37397121415
729.061083762133,755.9451505141618,1342.300271358295
729.9558881808352,755.4043104562409,1342.2425539603694
730.7894218083809,754.9015233141157,1342.2250149748197
731.5695177547714,754.459220611567,1342.2684374965086
732.2975247558267,754.0995407666446,1342.392552881811
732.9698269790825,753.8346589671437,1342.6113702391024
733.5812481449121,753.660668219184,1342.926665527701
734.1269927572382,753.5590065099132,1343.3270845435204
734.60141988199,753.5070365780571,1343.7951591738429
734.9976885269448,753.4916625404492,1344.3155637182906
735.3116786033938,753.514008753169,1344.8749603093058
735.5431308392137,753.5833914444241,1345.456548094683
735.6928749346112,753.7108114740772,1346.0386872344998
735.7628593297552,753.906800030371,1346.5981414456398
735.7552328909242,754.1796763264161,1347.1145264558527
735.6675618202344,754.532479042595,1347.5737283188503
735.49323539977,754.9613169392982,1347.9676144598461
735.2261528854444,755.4572628628717,1348.2899797119014
734.860752781865,756.0105924490804,1348.5339686496548
734.3916420814728,756.6149358894008,1348.6947356230849
733.8151176974112,757.2694998780573,1348.7737492877316
733.1253749173305,757.9778351377363,1348.7790647675838
732.30970117391,758.7447228379043,1348.7216756440275
731.3531751137623,759.5756225381276,1348.6142006191012
730.2485022466049,760.4784905327756,1348.4736628471637
728.9993004019275,761.4634283367108,1348.3222449900718
727.6177694919107,762.5392209774005,1348.1834996148311
726.1247220403322,763.7100848134215,1348.0774658173405
724.5500085304498,764.9743346256842,1348.0160668517742
722.9264691497439,766.3237302055915,1347.9985608665463
721.2810966649388,767.7427790168417,1348.0087640325678
719.6318673084031,769.2086696767855,1348.0185661186179
717.9883009029592,770.6953251830355,1348.004709837676
716.3517797969216,772.1819085260987,1347.9743711590029
714.7196080320659,773.6570286121512,1347.9796678659284
713.0953256997392,775.11446723459,1348.1052326464196
711.5009645376844,776.5473769684573,1348.4280817674633
709.9796328962489,777.9474844347793,1348.9698689706286
708.5753178568639,779.307385981986,1349.67394586392
707.3001710118275,780.6237617342999,1350.4229885076224
706.1248148193822,781.9090893991603,1351.0846884385528
705.003959564295,783.2067226507337,1351.556606547226
703.906867522197,784.5832388833065,1351.789189919329
702.8257011313431,786.0916891993866,1351.7871254737536
701.7643412067981,787.7319962457718,1351.6000095114136
700.7229238115633,789.4373263396892,1351.311166256045
699.6941867149288,791.0958571999759,1351.0211241724653
698.67714900407,792.595748268201,1350.8224432601608
697.6913915779694,793.8669630907392,1350.7806550089658
696.7715251229107,794.8936999206783,1350.9305471337436
695.9463845560973,795.6948839603975,1351.2779974627774
695.2238123922826,796.2981059503131,1351.8025022374432
694.5916763699796,796.7299970172995,1352.46369027735
694.0320681547116,797.0215986778996,1353.209561082696
693.5371161118827,797.2138135603859,1353.9821827705657
693.1112495158794,797.3531695634308,1354.7225865542628
692.7593970655829,797.4806955135568,1355.3781754455038
692.477941761491,797.6226551550235,1355.9081091016396
692.257747972822,797.7868967286353,1356.2820894885394
692.0919188273122,797.9650708525277,1356.4800992686119
691.9797914278348,798.1400175719273,1356.4978534455959
691.9271337017017,798.2948493399964,1356.3498819784595
691.9460288953894,798.4196785765362,1356.0646326478702
692.055172638658,798.5133486338469,1355.6752883333388
692.2767927041734,798.5790986325225,1355.2132771073018
692.6293036397739,798.6157837605269,1354.7054449528068
693.1232187377386,798.6124752153413,1354.1709425718461
693.7631908379818,798.5530208586886,1353.622403670781
694.5505748706886,798.4230413827419,1353.072998919914
695.4833866632441,798.2096117337602,1352.5387748730561
696.5545686523361,797.900132704228,1352.0382428974044
697.7523922231678,797.4901752198431,1351.5955380688297
699.0640732055454,796.9926166281081,1351.2357977398578
700.4767857057573,796.4350248048904,1350.9701833690465
701.9741726396036,795.8479920864929,1350.7871533556595
703.5336152002117,795.2551949283301,1350.658824708979
705.1285113452576,794.6686833608336,1350.5544806445712
706.7353628638039,794.0888946731841,1350.450403225773
708.34078036933,793.5075637331945,1350.335955271465
709.9431935067829,792.9110106754166,1350.219569775958
711.548352878628,792.2861786977354,1350.1306456202576
713.1616425827063,791.627512629417,1350.1112984605973
714.7831688687756,790.9378007312918,1350.1947901943263
716.4090548911327,790.2243088874236,1350.376293843777
718.034466814604,789.4939550865267,1350.5964610788185
719.652148387443,788.750216590984,1350.7555914068982
721.248946571427,787.9969101332576,1350.752254232073
722.8067914034535,787.2448112565843,1350.5221483419862
724.3049536894454,786.5087941127175,1350.0570925629424
725.7182943748418,785.7976887759446,1349.4015716249776
727.0175149378596,785.1112490374359,1348.6359073058622
728.1784130292111,784.4472965167266,1347.8547455062715
729.1941304998943,783.811584365263,1347.1482532748184
730.0768577682002,783.2227271234427,1346.5896479171545
730.8478261091584,782.7060823230369,1346.2253605202432
731.5265427620146,782.279602812884,1346.0703038495153
732.123896980912,781.9435331640478,1346.1155780029057
732.6421949112918,781.680269850498,1346.3417349641045
733.0825166211673,781.4620379817359,1346.7247430185944
733.4484838754634,781.261128220523,1347.2338534335806
733.7445729876687,781.0574939854994,1347.8288590407174
733.9764490528904,780.842185717129,1348.4621590547806
734.1508303852539,780.6164879979978,1349.085303280364
734.2717727740306,780.3870253281075,1349.6558178442183
734.3378092344408,780.1624786290954,1350.142019580911
734.3426031760725,779.9556347806877,1350.5258625477172
734.2766586056777,779.7849972053921,1350.802414397253
734.1286836269235,779.6714412571232,1350.9764283759391
733.8873364089748,779.633151809093,1351.0580886242665
733.5424300534514,779.6823382357372,1351.0579220376867
733.0850750683602,779.8242645892705,1350.9834932557867
732.5050699220996,780.0578147442194,1350.8408429088229
731.7871810274803,780.3778292492844,1350.63794318578
730.9145391566298,780.7801019257627,1350.387168341601
729.8773556628721,781.2648101278678,1350.1075741394752
728.6773609633667,781.83417942025,1349.8259061459298
727.327155876973,782.4886321732288,1349.5718308847659
725.8485535806545,783.2259998985295,1349.369768699156
724.2701492328915,784.0414672368348,1349.2333236596075
722.6226405567334,784.9263613370015,1349.1607769711895
720.9347159012632,785.8693525828743,1349.1310290007843
719.2316200812179,786.8622580379327,1349.106387150837
717.5322372233085,787.9048656475006,1349.047733190598
715.8437052154143,789.0017037201155,1348.9381243045536
714.1634167638236,790.1538424446287,1348.8016799168167
712.4951954133032,791.3532574040132,1348.7022578062974
710.8644191741122,792.5803263308144,1348.7124732994662
709.3107313174096,793.8030460057031,1348.8677783809464
707.8609278517494,794.9826806617467,1349.142964272331
706.5061260415521,796.0923721910774,1349.46816512145
705.2068182602367,797.1414121109059,1349.761536887389
703.9244679129542,798.1827334210082,1349.9538825144093
702.6471353545554,799.2881412387752,1350.0025738910144
701.3847776669442,800.5021755339575,1349.897677039909
700.1489596507779,801.8074928047015,1349.6603143806333
698.9425515239437,803.1275032991641,1349.333380441085
697.764516083734,804.363113832736,1348.9671551064976
696.619561352883,805.4379342986791,1348.60770847913
695.5218772353331,806.3229191188891,1348.293464066568
694.4902404812818,807.0302803540463,1348.0567464990768
693.5388949374155,807.5910731178881,1347.9237371214645
692.6713080112297,808.0357340700143,1347.9093459861074
691.8821705972946,808.3863536735473,1348.012034981137
691.1645392310443,808.658223420338,1348.2150848990045
690.5140973683382,808.8632873683923,1348.4919989211126
689.9280043909383,809.0114186027372,1348.8097452897127
689.4029807025652,809.1114908268324,1349.1306463837216
688.9367045060255,809.1740519583211,1349.4187665844465
688.5308874709616,809.2107710624198,1349.646707174861
688.1916888290909,809.2285658800906,1349.7965540959237
687.925739172462,809.2253823918074,1349.8596918698822
687.737004695392,809.1924611174297,1349.8363636358717
687.6294067533237,809.1202499318556,1349.7312063953414
687.6103382798154,809.0027121262673,1349.550088927766
687.6896143889653,808.8368499165417,1349.3021404180472
687.8757529269121,808.6177627431789,1348.9998425351966
688.1732551865103,808.3344939443157,1348.6531704535016
688.5838979446982,807.9714585677426,1348.2645095239009
689.1108063161422,807.5117410828691,1347.8309299430464
689.7580025864022,806.938218512575,1347.3523660719952
690.5253194962244,806.2360267223632,1346.8402229382532
691.4058621399295,805.3986076517831,1346.322413571426
692.3867474188377,804.4337256510219,1345.8406278518423
693.4518245682136,803.3656546909544,1345.436320377999
694.5860562260975,802.2297021480582,1345.131293628206
695.777139929556,801.0585257183272,1344.9180016220944
697.0133242726972,799.870090814669,1344.7658146090932
698.2823015566361,798.6667694081733,1344.6339989675257
699.5721802608795,797.4435765006327,1344.4875955996895
700.8728340180701,796.1968793019045,1344.3183902109122
702.1770322257968,794.9265163804617,1344.1573326562057
703.4810794986743,793.6338245413131,1344.0619148941319
704.7889283028737,792.3241857823565,1344.084130587627
706.117592876184,791.0132462848917,1344.236932989883
707.4909963452545,789.7262807202035,1344.4768857447991
708.9226626675974,788.4888012660493,1344.7167523406606
710.4055262635926,787.3193268773015,1344.8615554248624
711.9177298890771,786.2292934166595,1344.8424371822796
713.4325439528669,785.2228932510778,1344.6321615129382
714.9195173079465,784.2923887993958,1344.2470813695154
716.3415870344708,783.4136934295434,1343.7407060116363
717.6605493975668,782.5507397456312,1343.185645468089
718.8488115452436,781.6704313882766,1342.65095415013
719.8964509270056,780.758918498526,1342.1893980415462
720.8111661579559,779.8287264650286,1341.837215002406
721.6114262224265,778.9104284127146,1341.6188857357608
722.3154077703781,778.0331692585547,1341.5481320756126
722.9355610848505,777.2119572949283,1341.624525492617
723.4802378107676,776.4504372478044,1341.8337490234612
723.9554821052641,775.7487042166085,1342.1512387712905
724.3664714156719,775.1072446281834,1342.5453702994562
724.7202777970456,774.5269885760323,1342.9833554453112
725.026902527094,774.0052813418154,1343.435625306827
725.294331942513,773.5306303027771,1343.873674906536
725.5222367504414,773.0853374207744,1344.2694081200125
725.7033503301336,772.6564471588647,1344.5998405902858
725.8289904835688,772.2424846342668,1344.8506871425732
725.8913135684157,771.8504097821265,1345.016679859833
725.8836804219166,771.4900930715689,1345.100987708246
725.7997907882033,771.1719999888422,1345.1133298335685
725.631691428037,770.9071343571485,1345.0664361119013
725.3698919731281,770.7056088115984,1344.9714201091692
725.0049458198945,770.5736735007961,1344.834618865222
724.529171326366,770.5141197347441,1344.6608144357915
723.9368437826633,770.5304256001306,1344.4595580118
723.2209426155835,770.629759311127,1344.2463221394344
722.3724647607191,770.8217039141155,1344.0395114309742
721.3850297388458,771.1130800584502,1343.8606399365294
720.2588697762887,771.504830418999,1343.7378979579203
719.0028117067613,771.9956967325202,1343.703348142339
717.6341204296148,772.5863931676826,1343.7799783338526
716.1742914727205,773.2765816248561,1343.9690922110358
714.6443431863532,774.0597304360936,1344.2472082628708
713.0628183319909,774.924302134223,1344.572178133794
711.4433401873248,775.8592578140301,1344.8971424357387
709.7920696440995,776.8569858130721,1345.1927568566402
708.1129142542269,777.9088532505552,1345.4672151397426
706.4208492416683,778.9951132570843,1345.7611497017717
704.7497674171965,780.0795033163552,1346.1143758097223
703.1418220490094,781.1175738166405,1346.5365769096566
701.6234292173484,782.0757181966627,1347.0076659776184
700.1941215199053,782.9483464325781,1347.492920515148
698.8419925149993,783.7635959922567,1347.949635145526
697.5610958977418,784.570005700317,1348.3291211618616
696.3478136335528,785.4018520793175,1348.5855521972837
695.1895634980932,786.2467927362883,1348.6892597805324
694.0645219108126,787.0478610362941,1348.6362069655368
692.9506694640133,787.7388935794432,1348.4498107115269
691.8365545229481,788.2813849591917,1348.174820313913
690.7275656893796,788.6761126604703,1347.8631370644857
689.6417189744616,788.9514670275312,1347.557702574386
688.5980081380426,789.1455938194483,1347.2864607382735
687.6090834759372,789.2923518986536,1347.067307744188
686.6835809212337,789.4125634241203,1346.9131892121227
685.8301294428933,789.5093297339292,1346.8316917743205
685.0568116589186,789.5671178051798,1346.8226777076156
684.3708693714209,789.5574179801058,1346.8790783354284
683.7801026230136,789.450694297389,1346.9893516612208
683.2912330257708,789.229550295537,1347.1375900504172
682.9069195982609,788.8987769445293,1347.3040267539757
682.626573828171,788.4860789939847,1347.468462269519
682.4494195478431,788.0302671495865,1347.6135712937003
682.374694612263,787.5658653465599,1347.7258586250016
682.3999130678192,787.1136972206639,1347.794573349587
682.5207240325,786.6787344054668,1347.8104983911348
682.7325189828584,786.2549420235025,1347.7674994182748
683.0335246710388,785.8340135820072,1347.6651077031486
683.4268218835139,785.4114655783397,1347.506857980836
683.9188202342045,784.9882365567851,1347.2967854399167
684.5160698320893,784.5685857753462,1347.0390357909957
685.2222973875259,784.1536649911337,1346.7364385077717
686.0368461273563,783.7356473701674,1346.3888655098585
686.9560729930115,783.30118468644,1346.001289820706
687.9784107110544,782.8405344575708,1345.5944331230612
689.1087086256691,782.3489713615198,1345.1981890001255
690.3564117389232,781.8211503011066,1344.8315360715553
691.7292138829372,781.2504985031034,1344.4939495859862
693.2249121067989,780.6337703441321,1344.178993876846
694.8247337532431,779.9738526408344,1343.897189647438
696.4939790588883,779.2822614136737,1343.6890476661508
698.1917620122229,778.5828420445877,1343.6146603085742
699.8855947884122,777.9122685944212,1343.7213589299347
701.5601247388904,777.3123745444985,1344.0122317493103
703.2115549451601,776.8126698819009,1344.4414133996318
704.8362950013634,776.4151121166368,1344.9389642560504
706.4296803518811,776.0984910072689,1345.4414228785029
707.9938360630812,775.8361883659705,1345.9020590123878
709.5399420796803,775.6054987072366,1346.2829614627226
711.0796651683908,775.3828825660746,1346.5491958914913
712.6140912908743,775.1383701393721,1346.6711258960456
714.1291796843749,774.842869201526,1346.6311191513068
715.6017529717669,774.4853948361639,1346.432082580848
717.0108499840674,774.0806937958962,1346.0998259136531
718.341671632948,773.6555622388827,1345.6749064880316
719.5805441073007,773.2252895868014,1345.2004797454326
720.7130313167655,772.780551945825,1344.7140478900626
721.7294697901293,772.2965053102666,1344.2470680179053
722.6299863719486,771.7556952122318,1343.8277707936095
723.4242332770863,771.1602486587224,1343.4783068834342
724.127265393467,770.5283547538496,1343.2115088271817
724.7524473308599,769.8918816601276,1343.0366647117437
725.3063544379266,769.2954499376763,1342.9648360310846
725.7903060600216,768.7889414359186,1343.0052930987868
726.2018080331027,768.4172945899356,1343.160130092696
726.5322787407356,768.2112214778111,1343.4210070000227
726.7681617997048,768.1818602884598,1343.7690969928665
726.8967855120949,768.3231200883093,1344.1794065375807
726.9117277237084,768.6180687822114,1344.6240168571521
726.8136027050413,769.0446555340313,1345.0735022865383
726.6055893576768,769.5810831581033,1345.501594424161
726.2891469754056,770.2098414941864,1345.8889111167005
725.8622242111561,770.9186454241282,1346.220921496463
725.3187151843232,771.6996617979901,1346.4854807364961
724.6526289554101,772.5486279532469,1346.6725371214022
723.8622285434816,773.4650027959533,1346.7745453601178
722.9449763186938,774.4518542259034,1346.790310035102
721.8926652811258,775.5133193619756,1346.7298120335358
720.6969559384032,776.652030080115,1346.6132875869216
719.3570106095551,777.8683636413693,1346.4678414146492
717.88217739007,779.1602469035829,1346.326612329754
716.2898772584406,780.5237958727892,1346.225750071472
714.6020075186317,781.955265964828,1346.1956063352247
712.84529497998,783.450671528485,1346.2500944353828
711.0518088537383,785.001709549753,1346.3781205817188
709.2542858444257,786.5962779910491,1346.541091572834
707.4793598379498,788.2264833196048,1346.6814765465062
705.7414881039088,789.893233677661,1346.743720144163
704.0402304905565,791.6024573092493,1346.705465188267
702.3697444242324,793.356645133855,1346.6018800368422
700.7400388545824,795.1421553054938,1346.5112598358062
699.1848308115905,796.9202676300175,1346.5018049561086
697.7389148598062,798.6369581804063,1346.5856867227894
696.4069248376188,800.2489438289842,1346.7144693408632
695.1561415147445,801.7504842809567,1346.8072310406294
693.9404809031988,803.1898626228877,1346.789632779145
692.7348207252959,804.6589430838538,1346.62477054368
691.5510386009689,806.2424766054606,1346.322767408208
690.4259812111477,807.9527178234794,1345.9318580285287
689.3973749425808,809.7027771621512,1345.5213521543594
688.4875256275059,811.3437391771024,1345.1638560886727
687.7019471913985,812.7378336063937,1344.9207320955493
687.0388665748993,813.8183307177737,1344.8315847134133
686.4979363103187,814.605747658055,1344.9078261811078
686.079227915891,815.182353047699,1345.1350545853566
685.7769365350638,815.6471652189413,1345.483887110214
685.5775430298761,816.076204022002,1345.917093973165
685.4636419816953,816.5061735420869,1346.3923696913291
685.4184552758795,816.9432576977788,1346.8688616096738
685.4284470039119,817.38149647336,1347.3122762557914
685.4844777025492,817.8152844977841,1347.6944611705399
685.5820857975654,818.2406092671936,1347.9914408022012
685.7208390997857,818.6501186962871,1348.1835392933533
685.9041501491463,819.0324516184494,1348.261073263475
686.1403926930959,819.3776971134064,1348.229623030793
686.4424439432133,819.6805062061586,1348.1049761034624
686.8239291629254,819.9367685732975,1347.9043155020331
687.2962695788607,820.1397161147408,1347.6448539405096
687.8692983961166,820.2805804223573,1347.3440274379761
688.5528353472272,820.3517930572172,1347.013609811475
689.3591310678336,820.3480133394314,1346.6562740706718
690.3033554178775,820.2635296100005,1346.2706893020531
691.3964771600325,820.0915017306758,1345.86133953382
692.6371009024926,819.8292485671349,1345.4509475743832
694.0116256870041,819.4844399288717,1345.0853425910047
695.502334412499,819.0778945584051,1344.8179891444445
697.0963880339154,818.6417565283018,1344.6834833396754
698.7858840188944,818.2104269628849,1344.6827997668172
700.5590276068395,817.8098174784894,1344.7885353221563
702.3945281834702,817.4530429806529,1344.958531129161
704.2658232422532,817.1400861088198,1345.1462050193727
706.1484218169325,816.8590369646569,1345.311672321152
708.0232145778836,816.5918609082943,1345.4413106940772
709.8779737557868,816.3209347855865,1345.5626380489857
711.7091619275911,816.0292423493339,1345.7302576469065
713.5224759468518,815.6987539153373,1345.9861469267198
715.33050284776,815.3152093479578,1346.3255596159927
717.1453705350009,814.8747669188112,1346.690961487203
718.9700182028823,814.3849631227749,1346.99411689253
720.7957060889624,813.861718739515,1347.1517807144223
722.6071108129987,813.3231750102831,1347.11376034095
724.3867795292939,812.7779304158817,1346.872376094428
726.1109297861834,812.2156892479206,1346.4579122083203
727.7467101144659,811.6131585148687,1345.9260247318962
729.2633579754565,810.9552474966052,1345.3417781820197
730.6465010271742,810.2550565236756,1344.7667024350853
731.9019304161523,809.5525514058467,1344.250696222996
733.0475995762588,808.8937138316223,1343.830053955169
734.0978898284234,808.3128501476214,1343.5345598583883
735.0529772802709,807.8288562663491,1343.3933902758554
735.9028056826421,807.4474519715606,1343.4278499427146
736.6370273412278,807.1645597107663,1343.640811887035
737.2505542613955,806.9739052415978,1344.0171112026133
737.746128757437,806.8739723699535,1344.5312047427385
738.1355591555553,806.8635345242155,1345.1498680855775
738.4348141023851,806.9308529324363,1345.8300623852335
738.6542350269688,807.052252640193,1346.5225639679938
738.7946211065052,807.2009233371651,1347.1805939469793
738.852433785226,807.3546871064108,1347.7651821995428
738.8239602184266,807.4987906415842,1348.2477499294703
738.7031120811465,807.62791501421,1348.613120989648
738.4805217627198,807.7465701708425,1348.8602149148437
738.147700129269,807.8639020082604,1348.9973620610544
737.6993084846958,807.9882307142053,1349.036723390715
737.1300118124409,808.1267387286001,1348.9917849865674
736.4312849542081,808.2871697384884,1348.8748704778836
735.591883649702,808.4804816849809,1348.6966761817807
734.6006427117711,808.7236187866692,1348.4723830263758
733.4499463086886,809.0367001894876,1348.2272958311175
732.1381958608929,809.4349922924396,1347.9943167523518
730.6716720090919,809.9234017282406,1347.8077764061486
729.0660502737121,810.4971115113324,1347.6992011653765
727.3453563885182,811.1453631563347,1347.6927207866356
725.5398723738532,811.855121233761,1347.79605824509
723.6843890782457,812.6141637815275,1347.9888462753395
721.8127993032573,813.4136387769993,1348.2197639953063
719.9487818303734,814.2506424815497,1348.4243168338216
718.1019684476368,815.13040188558,1348.5565243933668
716.2785036021725,816.0638595182518,1348.612303048807
714.4987335444569,817.0574636314572,1348.6269778448923
712.8026880606781,818.0985862382706,1348.6456702362111
711.2333382790674,819.1483050785016,1348.6858324121547
709.8078687688627,820.1545023401836,1348.720205991423
708.5028408723406,821.0840772973203,1348.690488340674
707.270320664632,821.9533825630402,1348.5365193464306
706.0696874621423,822.8289833060669,1348.2222234279338
704.8864079598154,823.7881577752541,1347.7502401202735
703.7296190747503,824.8621913006774,1347.1637236614747
702.6216355237085,826.0048518229822,1346.536515985358
701.5917205945237,827.1086828946268,1345.9549036914336
700.6726931777563,828.0496807747604,1345.4986669884383
699.8921765452703,828.7253467966857,1345.2288048410949
699.2575039979424,829.0746132993631,1345.1813229352877
698.7482718757027,829.0873332847312,1345.363386443011
698.3320154033461,828.8047536051603,1345.7503244481238
697.9889803764365,828.3066809752867,1346.2886048478103
697.7159354934322,827.6879042012885,1346.9108943832043
697.5111014577548,827.0339130623827,1347.5533365431374
697.3649630315009,826.4061103939373,1348.1626102754951
697.2642206825974,825.8386359822485,1348.6983677947244
697.2003646188817,825.3405030999627,1349.135867725278
697.1747281852727,824.8995970237164,1349.4647178341572
697.1966213503171,824.4925611713795,1349.6870610917586
697.2796682041062,824.0998148917046,1349.8158441341623
697.4413279815693,823.7155338408988,1349.8664389734795
697.700853471264,823.3458883638012,1349.8479804297644
698.0738175631969,822.9995129824448,1349.7656242364205
698.5689175151206,822.6778429097952,1349.626637781248
699.1887701179127,822.3708608828008,1349.4378229987435
699.9330398481499,822.0614244271852,1349.2000188529237
700.8023509824048,821.7344272405444,1348.9117149391798
701.798299951633,821.3816658061515,1348.5792270480865
702.9196584550978,821.000155120563,1348.2235818153267
704.1622392352094,820.5898280565967,1347.8782393596002
705.5221922542122,820.1533885472039,1347.5766169024816
706.9974297577502,819.6954910363165,1347.3361457301817
708.5865739491683,819.2204865920746,1347.1505223862805
710.2831770713788,818.7304738401166,1346.9964363157362
712.0659549515137,818.22679522623,1346.8537144614504
713.8950625057366,817.7169320159485,1346.7294924223165
715.7196508802526,817.2183918895505,1346.6645829869847
717.4913875743364,816.7537588510044,1346.7080825913729
719.1772971821761,816.3449910247867,1346.8806916398862
720.7660546359606,816.0083474768778,1347.1599359855634
722.2646882867449,815.7458154148463,1347.4918670253883
723.6900374046041,815.5415345752589,1347.8094247812983
725.0614976417796,815.3702814907783,1348.04529807585
726.3940518601426,815.20817619757,1348.1420540195377
727.6901257299646,815.0354150875969,1348.0612870696013
728.9397987482467,814.8370343921742,1347.7884342303144
730.1314402684122,814.6083978332509,1347.3329672509135
731.2586935709419,814.3588823936068,1346.7265304877437
732.3179526228456,814.1069448503051,1346.0201972398677
733.3034551932665,813.8711635193591,1345.2799266480213
734.2065977947204,813.6675646883904,1344.5805033374095
735.0193050670831,813.5141786779336,1343.9990768083455
735.7360125680148,813.4344173594839,1343.6043878933633
736.3538664881788,813.4557778023272,1343.4414136385274
736.874217030884,813.6039679992365,1343.5228092660736
737.3028418644474,813.8934610187957,1343.833398376927
737.6471359596994,814.322259637679,1344.3394097346618
737.9130200333698,814.8751539856112,1344.9949170931438
738.1031442377728,815.5299366067967,1345.7481432662235
738.2178715821861,816.2632986860325,1346.5494171367477
738.2578611201072,817.0556563644832,1347.3541313289788
738.2237499550275,817.8930832846563,1348.1198427646823
738.1145085482864,818.7675061316969,1348.808538056328
737.9267417351491,819.6750321746836,1349.3945808559486
737.6537701041518,820.6126986028286,1349.8663575315225
737.2864356982467,821.5784806117316,1350.2220568256803
736.8147487128047,822.5727770338877,1350.4648257895801
736.2278957520382,823.5962272971568,1350.5965195664937
735.5150963644143,824.6488137927087,1350.6174572382693
734.6674744562374,825.7336074591926,1350.5350242044856
733.6779798119063,826.8577384436942,1350.368194672965
732.539066173852,828.0296012006181,1350.1432819906204
731.2429142926914,829.2595206978704,1349.889866074111
729.7907070404773,830.5611556827464,1349.6393853131235
728.2031743960865,831.9471302408134,1349.42026052214
726.517427716828,833.4221259022779,1349.2493847043434
724.7755854375529,834.9792998929942,1349.1259326737052
723.0181142116604,836.601225504025,1349.02967286666
721.2786980755354,838.2630453622689,1348.9245504277415
719.577079421367,839.9362115259466,1348.7707992679555
717.9184708372386,841.5944498669138,1348.5432153287818
716.3011546001742,843.2206447600984,1348.2445146679925
714.722799955577,844.8083457689985,1347.9068732871663
713.1861807728653,846.3555521292429,1347.5820771118692
711.7077755839019,847.8555808796743,1347.3204713091577
710.3179234154895,849.2926681276199,1347.1462111252051
709.0454115447466,850.6449150176213,1347.0435124146363
707.8982169962846,851.8906081295079,1346.9613932962088
706.8568561196639,853.0179149515328,1346.8350304393311
705.8885740829028,854.0375899518144,1346.613332713853
704.971569905621,854.9849905502715,1346.2764797048353
704.1056253930469,855.9015225324048,1345.8371844357364
703.302245214595,856.8083844841775,1345.3353349286335
702.5700113859574,857.6919761365916,1344.8329459819333
701.9126132335048,858.5092250505518,1344.4039474770043
701.3397995847729,859.2073943969069,1344.1160524636296
700.8733216181756,859.7434373787111,1344.0133954618077
700.5361969928329,860.0930243335893,1344.10897018803
700.3369666152189,860.2510034170059,1344.3866601730028
700.267229055513,860.229712159196,1344.808861592378
700.3126814677105,860.0582318253945,1345.3275806852664
700.4637176028092,859.7788517903984,1345.8953914561646
700.7176216863488,859.4372833482696,1346.4711158961522
701.0741858315392,859.0708615789871,1347.0192394417259
701.5319124726234,858.7019369952345,1347.5086279605343
702.0891301921446,858.3379318615409,1347.9137017084824
702.744546541231,857.9745168007557,1348.2148133917049
703.4959247005773,857.5989634362404,1348.3973625443962
704.3425161004575,857.1943648181443,1348.4502866715602
705.2893961813631,856.7464167203481,1348.3650850819163
706.3484796845927,856.248039087399,1348.1384846915048
707.5342739535754,855.6965030150983,1347.7751732524866
708.8566674287417,855.0867877505004,1347.2877693981418
710.316590719778,854.4074668559482,1346.6976042012384
711.9076783690999,853.6411614702079,1346.0349895904424
713.6214472126732,852.7720110916312,1345.337230595353
715.4496408594929,851.799056586723,1344.6438121457024
717.3819701862062,850.7418181399445,1343.9843945002858
719.4032994198902,849.6319641161928,1343.3685143245903
721.4914247886796,848.5037967163896,1342.7922156479965
723.6156137936157,847.3903850857633,1342.2597874572807
725.7386153684141,846.3205239028264,1341.810765412143
727.824003402012,845.3129308443416,1341.5336389600493
729.8477570556876,844.3719826202652,1341.5411632782793
731.8084751158583,843.4934485087218,1341.911426644786
733.7268675786647,842.6745134638032,1342.634624407274
735.6304705571424,841.9145837954654,1343.6060434288977
737.534902738221,841.2113980530862,1344.671053200756
739.438233232114,840.561975332637,1345.6847689298074
741.3280353861581,839.9627026751251,1346.5465941161656
743.1878543573985,839.4030071219307,1347.2068957252538
744.9968604244217,838.8567761413309,1347.6606915684285
746.7277573588618,838.2810437916777,1347.9348040356062
748.3533257892914,837.6318772653868,1348.0710700329678
749.8618751119661,836.8897127780542,1348.109165614312
751.2653433719591,836.0718774601424,1348.0749560136628
752.5895581870558,835.2229665679539,1347.9808187617546
753.8552057196476,834.3905048505335,1347.835313145204
755.0641306723518,833.6006002165664,1347.6508360042271
756.2014795893767,832.852323281188,1347.443395067507
757.2522853124274,832.137085050705,1347.2295262751716
758.2145229306143,831.4619985310908,1347.025654752249
759.0950046208858,830.8540953980006,1346.8499649351347
759.8973646097384,830.3482610025484,1346.7232969874515
760.6179958603983,829.9742675621544,1346.6658674495527
761.250197790819,829.7508294012798,1346.692531979721
761.7865101282462,829.6858660128373,1346.8103594921085
762.2184529930612,829.7785074140072,1347.0188647054053
762.5387361250231,830.0196840795667,1347.310732266359
762.7435762445753,830.3924988675406,1347.670756794108
762.8319455770962,830.8754213452518,1348.0769488143706
762.8034354225258,831.4457792338047,1348.5052872939095
762.6565760964916,832.0797055488758,1348.9321664187019
762.3882389901493,832.7519143585223,1349.3346857178244
761.9932039874989,833.4387569532697,1349.6918305675892
761.463860418949,834.1239906609298,1349.9859054524995
760.793808977543,834.8030930803346,1350.2042627664448
759.9829168637561,835.478614499493,1350.3384520596396
759.0341522659904,836.1510036718468,1350.3820421102973
757.946134215997,836.8181379475552,1350.3345977912047
756.7143135031038,837.4815692298765,1350.2079509307964
755.338845410801,838.1492721701566,1350.0270801718284
753.8296963405475,838.832455384155,1349.8261162719377
752.2060800791847,839.539235553812,1349.6405157971285
750.4906837403099,840.2702291780325,1349.4978070589755
748.7016389630033,841.0190261715347,1349.4110796855061
746.8482407760682,841.7771981661749,1349.3778850358913
744.9331928339442,842.5409913578864,1349.385804840089
742.9573825062033,843.3130803327872,1349.420911001703
740.9227051761866,844.0977743636831,1349.4761569016864
738.8345272998417,844.8968885413861,1349.5622771189974
736.7076745544379,845.7089885324735,1349.7122338096347
734.5721318804055,846.5260471682127,1349.9626956035954
732.4689625883825,847.329313619557,1350.3227356090777
730.4344681858415,848.0958995664713,1350.7607021289218
728.4827125693255,848.815301143592,1351.2171426502937
726.6021789090948,849.5023729450811,1351.6236728447054
724.7714443808292,850.1971716116078,1351.9139486973395
722.9793023431638,850.9470174338016,1352.0304800474908
721.2314091553228,851.776757988975,1351.932724698663
719.538547557697,852.6685322616948,1351.6069018249445
717.9015109546547,853.5668844431045,1351.0739861808056
716.3130276605256,854.4022720102435,1350.3887590071968
714.7721001891515,855.1141858694843,1349.6275763411866
713.2920589399813,855.6631639846419,1348.8719029589097
711.8982761247751,856.0331461171883,1348.1969461193696
710.6197910127871,856.2274905797092,1347.665766518682
709.4787791080838,856.2604079926863,1347.321919258232
708.4840666922208,856.1488398676506,1347.182563514467
707.6311352356876,855.9090048677701,1347.2386291656126
706.9061071343765,855.5574546249918,1347.4596782351255
706.2922324295303,855.1162425402323,1347.7985899804166
705.776393751542,854.6198423402756,1348.1970825012477
705.3523382002609,854.1150384183763,1348.5954334085484
705.0197832700882,853.6466397423133,1348.9435243655007
704.7792694390702,853.2375278919774,1349.2061410003396
704.6263988155927,852.8810651667756,1349.3633656257998
704.5526958150048,852.5518045647779,1349.4105694681095
704.5542425873099,852.2238329871135,1349.3552894799768
704.6395935240133,851.8831242418207,1349.210061923222
704.8271001599912,851.5269263316206,1348.9855476526716
705.1339804617027,851.1554412339539,1348.6873175909043
705.570982620027,850.7670370091079,1348.3182002101103
706.1467109488236,850.3570938276746,1347.8818374798204
706.8702410842253,849.916592895633,1347.3832740971775
707.7471908912514,849.4333667016396,1346.8313385632027
708.7764499623016,848.8955009394243,1346.2458613568697
709.9514474272869,848.294645092855,1345.6639492346942
711.2637783059843,847.6302140046442,1345.136024667801
712.705266411824,846.9110409240462,1344.7094389308343
714.2670514735823,846.1520335754105,1344.4100084690458
715.938122454351,845.3720315048216,1344.2339389191463
717.7030771410534,844.594447627318,1344.1538422760748
719.537037268282,843.8425442765451,1344.1337692326626
721.4005978609365,843.1309259691384,1344.1460941827731
723.242920340801,842.4648282332682,1344.1845095241165
725.0152726071573,841.8445144132207,1344.2647726237599
726.6855485990774,841.2633671860162,1344.408286105626
728.2462066893606,840.7047644654486,1344.6194874081816
729.7149020490116,840.1489116492638,1344.873990311263
731.1259047819717,839.5840954399761,1345.1210132068272
732.5122400566227,839.0106856188615,1345.2942870729164
733.8888493937269,838.4367751871505,1345.3274731278423
735.2505598074465,837.8715767033399,1345.1706132145255
736.5814156720869,837.320543092173,1344.8037278045663
737.8617653575768,836.7827392859841,1344.2440866969316
739.0722976153157,836.2528925593026,1343.544660594588
740.1978933249353,835.7282909570473,1342.7839355111828
741.2290573732708,835.2149384440766,1342.05017412476
742.1601510237209,834.7284256023838,1341.425995823781
742.9854397182448,834.2875616477723,1340.9771711725996
743.698054742129,833.9051087941712,1340.7451131744328
744.295153368667,833.5852549003619,1340.7440490434192
744.7826682968912,833.3271960113315,1340.9645799598168
745.1737117155415,833.1262779103367,1341.3793206547678
745.4826679099262,832.9722919485943,1341.945999192671
745.7199782117741,832.8521496424595,1342.612491781439
745.8922277838836,832.7583526434648,1343.3265353005436
746.0056870471462,832.6936068381117,1344.041630256372
746.0664056268423,832.6663567714085,1344.7157129796515
746.0768985660706,832.683442267662,1345.311005903775
746.0347836610229,832.7463953362177,1345.7991435422682
745.9340297753295,832.8544365428653,1346.16657408113
745.7656548646643,833.0109604852073,1346.415603238026
745.5181890421945,833.2245534033912,1346.560012612282
745.1806210762192,833.5028276855057,1346.6162734808495
744.7452167729836,833.8490302822111,1346.5977871215928
744.2054739746848,834.2662291016902,1346.5178431927009
743.5526361175775,834.76049656149,1346.3911208225475
742.776205949323,835.3389608837227,1346.2282991454151
741.8650821398826,836.0072826474576,1346.0356572670487
740.807983156796,836.7687250848437,1345.8231981393135
739.597941333646,837.6253229800722,1345.6117942040978
738.2389966806364,838.5795964174835,1345.4328481781927
736.74983038117,839.632672768803,1345.322405659366
735.1614158380205,840.7788669283428,1345.314927687867
733.5083584068589,842.0014720770441,1345.4345297816835
731.8208378759806,843.2740145447168,1345.6819659741177
730.1224756242863,844.5698629585897,1346.0301219905416
728.4301614027726,845.8756484176299,1346.4349242809421
726.7538870197196,847.195256669849,1346.8492952117967
725.098119588935,848.5403622205233,1347.2339709781472
723.4642513730023,849.9178801601629,1347.567034238897
721.8557690399967,851.3242499925922,1347.8453870199971
720.2814794232881,852.7470349529532,1348.0745078935977
718.7474409171554,854.1706780444907,1348.2571304632736
717.2460530190024,855.5880915633538,1348.3924418453466
715.7579197704013,857.0149423773768,1348.4804449462179
714.26510116585,858.4905678456462,1348.5194438909382
712.7631251411141,860.0579852740385,1348.5028055454145
711.2633799169512,861.7371650562653,1348.4258121037954
709.7898627674518,863.5083715196924,1348.2939455854628
708.3768688206361,865.3119115653063,1348.1218061474146
707.0636664948876,867.0624554401188,1347.928788262859
705.8826410717443,868.6704871416694,1347.7407217749244
704.8483352144287,870.0628628408701,1347.5936858016835
703.9564978318748,871.1992036207832,1347.5310348314522
703.1939440456315,872.081365573307,1347.5921589044247
702.5507964056478,872.7496279254549,1347.7980104773796
702.0234818913789,873.2649289832584,1348.1421878241867
701.6058986340693,873.6853784701516,1348.5934635413719
701.2808065882969,874.0489507806645,1349.1056523263696
701.022576557897,874.3744843352304,1349.6292456684146
700.8083508154032,874.6788538827468,1350.122092527083
700.627264582449,874.9887710700293,1350.5530850250543
700.4812278645749,875.3336930177834,1350.899409871256
700.3803505184075,875.7304774362381,1351.1459038801822
700.3379713796203,876.1747221948473,1351.2854148151632
700.3659227815938,876.6438501448664,1351.317045598786
700.4732740493691,877.1093336373921,1351.2459535551902
700.669315424312,877.548513846616,1351.0829687062776
700.9637401245519,877.9460135574055,1350.8408019790434
701.3644289388324,878.2870561561771,1350.52919393142
701.8791087739522,878.554494855294,1350.1522098666724
702.5177519811292,878.7335060557731,1349.7112789863274
703.2920276913856,878.816429102039,1349.2119120515722
704.2128484836034,878.8014950440172,1348.6672247819802
705.2835777437818,878.689685963658,1348.1007305560076
706.49333565565,878.4867580202082,1347.5497539090406
707.8231092375986,878.2080986064067,1347.0584208713103
709.258773233739,877.8792298244495,1346.65901761777
710.7918040481377,877.5301561723043,1346.3567457993531
712.4092508247538,877.1880107445313,1346.1272616710019
714.0873785111844,876.8734441184774,1345.9268933777598
715.7923297962632,876.6007431966782,1345.713346514445
717.4850993241263,876.3775120976692,1345.4706971573353
719.1289302528985,876.2029810984977,1345.228931109363
720.6982046893044,876.0668272476773,1345.0632215033588
722.1860074575197,875.9513861325228,1345.059160410518
723.6044385009177,875.8386503750226,1345.2569673004498
724.9774223726117,875.7175883052766,1345.6159005307804
726.3287008351053,875.5882546529004,1346.0270155197618
727.6689315778245,875.4642482735189,1346.3608842101469
728.9927428253517,875.37133315148,1346.5152850786333
730.286072501728,875.3353528843575,1346.4404636076467
731.530524326864,875.3619696266451,1346.1407930642818
732.7031898677573,875.425654839855,1345.6614371747326
733.7810734042494,875.4835299732804,1345.0689659115699
734.7523057818929,875.5065001560814,1344.4327234886125
735.6233961972002,875.4999821775298,1343.8130455551297
736.40937896288,875.4960836504673,1343.2607080955827
737.1168917002792,875.5267590945094,1342.8222893387895
737.7412864140198,875.6022476239302,1342.539516043068
738.2756499713062,875.7102871659888,1342.440099351047
738.718594428905,875.8311781030919,1342.5306974758607
739.0753288776939,875.952355670796,1342.801276976067
739.3522363258282,876.0733054439047,1343.234525050274
739.5526532225122,876.2045119593336,1343.807020403944
739.6783815959772,876.3650353231676,1344.48296996388
739.730578313254,876.5765738837705,1345.2133965443215
739.7076851885097,876.8540207443571,1345.9441762981637
739.6047476787048,877.2009602794307,1346.6253364070426
739.4145351597515,877.6147237036404,1347.2178233141149
739.1280520948796,878.0939366141561,1347.696968251453
738.73408197186,878.6412135685927,1348.0510280376473
738.2209388697296,879.2608373977282,1348.2769579283922
737.5811876610343,879.9564406731225,1348.3784672575462
736.8113870407856,880.7324412300605,1348.366497690144
735.904920504748,881.5951938907207,1348.2573397997473
734.8492829400393,882.5510567706604,1348.0700042722635
733.6328783108618,883.605302077238,1347.8284051833498
732.2532013263192,884.7619741625454,1347.5651610878106
730.7181027842328,886.0227764196752,1347.320380800193
729.0428256066895,887.3871599632762,1347.1342425246735
727.2508205962192,888.8536107914061,1347.0358208128878
725.3762942961023,890.4189550883553,1347.0324119764455
723.4604885209757,892.0766752678957,1347.105946207716
721.5411170355809,893.8185578999722,1347.2200968399977
719.6409366884034,895.637843606463,1347.332144609571
717.7625694361866,897.5311808817411,1347.4062128029307
715.89371781867,899.5011692158445,1347.4297385509403
714.0198357178784,901.5540805068927,1347.4222653854542
712.1381349844256,903.688816852187,1347.4258900316756
710.268084779712,905.885378286714,1347.4839731374282
708.4531223705169,908.1009918855341,1347.619014454605
706.7485574578357,910.2770266937979,1347.819617873442
705.196561774103,912.3521794333518,1348.0428062768462
703.8026021225849,914.2724953684465,1348.2303283207325
702.5324444276692,915.9954509541334,1348.3325578868591
701.3326289128886,917.4912956258445,1348.3270964954575
700.1590015433434,918.7443783304842,1348.222250682872
698.9924721660188,919.7526588725559,1348.0475120576884
697.8331964422568,920.5227592074225,1347.837562301863
696.6852287071702,921.0666124381308,1347.619403979389
695.5485877368312,921.4081232495053,1347.4100377757152
694.4227040199382,921.5913123029716,1347.2175824437936
693.3127080058597,921.6724600220034,1347.039950982706
692.2287745452685,921.6991338582557,1346.8676137142904
691.1806203376509,921.6960923121535,1346.6904623299042
690.178582467674,921.6678965551507,1346.5028139327046
689.2398900407485,921.61058535279,1346.305031530586
688.3878681509736,921.5200010431621,1346.1009374868559
687.6435915803078,921.3927102436646,1345.894237469074
687.0200711664016,921.2248745907353,1345.6882474949166
686.5240404401246,921.0120328487909,1345.4849255078877
686.1593234905464,920.7475143471403,1345.2809071748948
685.9284531943221,920.4223320687184,1345.0669199517165
685.8358502635544,920.0304399823788,1344.8334531215226
685.8883647917115,919.5734174360566,1344.576788716433
686.0913435544329,919.0563130955354,1344.2979552633624
686.4480789077073,918.4795173339209,1343.996560722496
686.96238141796,917.8381763667833,1343.6700162537184
687.6375486099731,917.1265648222447,1343.3185003139279
688.474754489316,916.3400231236484,1342.9485996023514
689.4745389537388,915.4765192028037,1342.5760490432938
690.6348585969382,914.5377055504617,1342.2266984318087
691.9457158903759,913.5279857218594,1341.9316390671086
693.3908096941018,912.4565973844587,1341.718471320522
694.9547534838629,911.3437834244965,1341.6033237333302
696.6248499830024,910.2211677963205,1341.5841337234835
698.3887084591072,909.1205654823591,1341.63710328762
700.2330816521546,908.0627051869656,1341.7267230714112
702.1389488149422,907.0550022907626,1341.830981272152
704.0756182339252,906.0917607714157,1341.9622454932519
706.0077256046652,905.1543981649916,1342.164758841041
707.9111867483571,904.2179830552744,1342.4886877840645
709.7807272426021,903.2640149117385,1342.9559770800076
711.6253505364746,902.2909579683164,1343.5381712507422
713.457546125826,901.315274843103,1344.1612090430463
715.2826688135729,900.3659042846384,1344.735390812692
717.0944314831601,899.4758295637193,1345.1888287027205
718.873727197066,898.6666695364913,1345.4843926313958
720.5885654979536,897.9327662172728,1345.6212413525857
722.2011739827601,897.2418096777308,1345.6296987408082
723.6817068303113,896.5541892063393,1345.5611758485038
725.0195769112224,895.8463716933353,1345.4737255920315
726.2236123293915,895.1215342398699,1345.4173160294179
727.309453632761,894.3995100849384,1345.4241342008645
728.2850454658019,893.6953220734799,1345.5071215393586
729.1463685258987,893.007689474791,1345.664413921398
729.8844125200005,892.32624415942,1345.883306171089
730.4957352071541,891.6442731734367,1346.1418154903474
730.9871020830744,890.9644918426754,1346.412601282493
731.3697741526527,890.2980444431171,1346.6690841229379
731.6511097041225,889.6629434330331,1346.8897504454603
731.8334783934099,889.0838619370267,1347.0613487569328
731.9175133424955,888.5880570278848,1347.181019367761
731.903777609332,888.1986745536293,1347.256674830583
731.7929437447781,887.931595423231,1347.3049686320987
731.5822123845853,887.7963591545525,1347.3451576458233
731.258925889825,887.7998320503949,1347.392769067776
730.802616706178,887.9491324223939,1347.457545023067
730.1971925254568,888.2499348733273,1347.54335136723
729.4379340417194,888.7026019979073,1347.6478657826501
728.52744083251,889.3000360053118,1347.7634072868145
727.4686344294506,890.0280106420753,1347.8794265178917
726.2586773480497,890.868517276235,1347.9850681357564
724.8864074755293,891.8044213208725,1348.0704747844602
723.3377527198847,892.8225634658673,1348.1281755574444
721.606493871238,893.9161593947401,1348.1570296324953
719.7020689822597,895.0851546111496,1348.1666241603439
717.6488660376878,896.3300211729254,1348.1759775943372
715.4786744468923,897.6436359718467,1348.2068187419072
713.2243066160886,899.0109279598382,1348.2765290454581
710.919195469512,900.41484659266,1348.3891704884134
708.59754815799,901.8413783128852,1348.5259443503642
706.2892038107753,903.2814976729105,1348.6480203241074
704.0117251858485,904.7320124754691,1348.7189453924948
701.7695047097258,906.196826862517,1348.7330816633767
699.5673996878129,907.6834082230968,1348.726157035842
697.4279829925421,909.1900179830591,1348.7591793623064
695.3912119913548,910.6936743095525,1348.886989833373
693.4928129602237,912.153562790021,1349.1279529716383
691.7423106828405,913.5325296367686,1349.452403403292
690.1220655914489,914.8234065569018,1349.79780908952
688.6034282329194,916.0589403375958,1350.0947642762123
687.1602947093689,917.2951531123223,1350.2854444378597
685.7704479434663,918.5780427869419,1350.334926528231
684.4119313212868,919.9148533279694,1350.2388394727063
683.0649968170127,921.2697405090121,1350.0251485565805
681.7207471705498,922.5850516404025,1349.748225019613
680.3896998584031,923.8080734847136,1349.4746028536947
679.101748389073,924.9034227326003,1349.2665271425492
677.8956522983171,925.8488864382989,1349.170867673452
676.8048858509945,926.629169486892,1349.21291838339
675.8470437372116,927.239891683083,1349.3952996943217
675.0226820141418,927.6944133019324,1349.7028002258558
674.3224576846291,928.0201940441251,1350.1076875750582
673.7324721845562,928.2470615368608,1350.5734726147289
673.2373390253556,928.3990950964957,1351.0599643620956
672.826924603938,928.49446005037,1351.527598090387
672.4995930003952,928.547254476372,1351.9390070224579
672.2547576748766,928.5665557667623,1352.262201353899
672.0845938597276,928.5552323509896,1352.4760244241102
671.9766594584454,928.5104438204465,1352.5711043759507
671.9229447106127,928.4257852545136,1352.5466703265224
671.9249906700178,928.2959017256632,1352.4103823483224
671.9942943266424,928.1195938751252,1352.179122310714
672.1495577640462,927.8965269249226,1351.874630092793
672.409699270811,927.6217645498896,1351.5179290975746
672.7871891569855,927.2852630141441,1351.1278520197914
673.2893476416958,926.8755049219027,1350.7190227558544
673.9250340813766,926.383037988322,1350.2990309657148
674.7047923260621,925.8040083573335,1349.8752255161703
675.6341541480069,925.1428033669404,1349.4671557045199
676.7120388191968,924.4106596421466,1349.1056746040063
677.9350894066058,923.6227107995625,1348.8180620730254
679.3006196894568,922.798114370723,1348.6173567391404
680.8053695372223,921.9599977289497,1348.5041501094524
682.439399235892,921.1291781505223,1348.4754363570692
684.1810391486656,920.3176233639799,1348.5354312331012
686.0004305824988,919.531383441168,1348.703173484881
687.8670119951844,918.7792610127782,1349.0073592144563
689.7542466532283,918.0774022369542,1349.465733782158
691.6429749402572,917.4434602313246,1350.0628676040499
693.5225784229136,916.8828653503114,1350.746408302543
695.387653491585,916.3809210781546,1351.446350857319
697.2370000137611,915.9090256038912,1352.0979727801414
699.0774328251422,915.4379360094272,1352.6494440740598
700.9201463576939,914.946302327945,1353.0590619942077
702.7672047717043,914.419759487471,1353.2975708415725
704.6026959325038,913.8451295574187,1353.356571149665
706.3961471917988,913.2087166573699,1353.2510793973795
708.1140052805795,912.5033730917943,1353.0121997561018
709.7298732229809,911.7347774094263,1352.6788657202926
711.2248689687323,910.9156925824391,1352.2959281034628
712.5822873461885,910.0556414708595,1351.9127937848289
713.7884856074832,909.1573208647457,1351.5742881041606
714.8400584373235,908.2198529756893,1351.3103820687224
715.7476370046093,907.2454506872958,1351.1344204192767
716.5318153256368,906.2439692562531,1351.0462147839828
717.2134948377131,905.2332086073155,1351.0359804517466
717.8066804750183,904.2410337330788,1351.0900507055032
718.3199017814397,903.3084828459174,1351.1958354928624
718.7585577762759,902.4832194909362,1351.3452105520169
719.1204108656561,901.8033980093932,1351.5363204102637
719.3936448133468,901.2861664926669,1351.768806905928
719.5646475682172,900.9290546219676,1352.0340203010412
719.6236184446901,900.7198954111353,1352.3119348581522
719.561496396539,900.647467437705,1352.5790188250448
719.3672007798777,900.7056275035167,1352.8165038276325
719.0295520810905,900.8884545288912,1353.0093394678997
718.5413649378462,901.1842923204218,1353.1406915135992
717.9017428541471,901.5782337459643,1353.1927571936287
717.1125288818952,902.0589668371385,1353.152716923274
716.1714747083032,902.6203732020792,1353.015414721906
715.0707840250251,903.258942426487,1352.78313033719
713.8030222858531,903.9717260839338,1352.4673483562021
712.3652073541529,904.7557083152193,1352.0922290325066
710.7589493115048,905.6087139678226,1351.695097875966
708.9952873951114,906.5303439164512,1351.319812813234
707.1006693358551,907.5204003329234,1351.0035872363187
705.1114592907253,908.5748704613246,1350.7629232425622
703.0610559537838,909.6853007499753,1350.586227728178
700.9726774474998,910.84732095828,1350.4379721696935
698.8582335830775,912.07116284313,1350.2731746260733
696.719920139866,913.380516988761,1350.0564339534699
694.5571167788042,914.7979523389513,1349.7812225038192
692.3812823680689,916.3270250554863,1349.4821669130638
690.2342754606775,917.9418593733324,1349.224625343315
688.1903125853491,919.5910226661067,1349.0721858418772
686.3231022096668,921.2129881925633,1349.0574606837436
684.6606325197823,922.7534747429145,1349.1713101457456
683.1775446129758,924.1839731672915,1349.3686395529826
681.8299600057829,925.5172267958727,1349.585355298542
680.5859820257743,926.7989444941113,1349.756702921583
679.4253134825756,928.0729865765057,1349.8342604083196
678.3253658188929,929.3482256642911,1349.8013175493875
677.2582238218857,930.5941607173215,1349.675081164669
676.2031880802375,931.7672582831246,1349.4930971567849
675.158656743891,932.8430508181378,1349.2972204736377
674.1389254169262,933.827757523272,1349.1237958725567
673.1649152696746,934.747553003726,1348.999367682858
672.2607305091257,935.6295800272558,1348.9381722185278
671.4502822050922,936.4892075436555,1348.9416531524737
670.7518809662739,937.3295128177558,1349.003650137788
670.1774015114712,938.1467258371706,1349.1172310384666
669.7324916387068,938.9331538541356,1349.2763764102008
669.41604467323,939.6783390812578,1349.4740693657188
669.2249821648966,940.3735242439543,1349.7001466177255
669.1586647669288,941.014784918406,1349.9381493026688
669.2152312446334,941.600275928149,1350.1643316447417
669.3893352664812,942.1283519730115,1350.352971195967
669.6757917956911,942.5979604490049,1350.4831445984814
670.0685594728371,943.0075716587428,1350.5419447711995
670.5591658638089,943.3554254513222,1350.523686641972
671.1444521955386,943.6420290697769,1350.4269945833755
671.831344634269,943.869919600717,1350.2546328588596
672.629519442979,944.0387858453512,1350.0151343439586
673.5459284554356,944.1417416101682,1349.720772691528
674.5878517500822,944.1670040346115,1349.3829704113916
675.7639379465109,944.1007240193314,1349.0101649094188
677.0795555192412,943.9276561606155,1348.6114512892568
678.5315305809917,943.634822150913,1348.2072705890532
680.1069565764197,943.2205192492902,1347.837520603846
681.7887861108043,942.7006016907635,1347.5500251499047
683.5656415363111,942.1069429657773,1347.374805973133
685.4368808209376,941.4795836925178,1347.3087753298012
687.4045959852087,940.8531149536425,1347.3183701597516
689.4582242238301,940.2431577088574,1347.3514844243393
691.5676149921234,939.6450121510353,1347.3572856587189
693.6902634170868,939.0460919346708,1347.3135274481617
695.7846072618539,938.4386903002936,1347.244821795838
697.8226706952339,937.8236444098309,1347.211744402191
699.8010764986111,937.2101498180456,1347.2736886870061
701.7434040492743,936.6164260536314,1347.452265346409
703.6860172906804,936.0658535532943,1347.7192668432926
705.6566552122756,935.5773244451295,1348.0109267645691
707.6627576990131,935.1569068820313,1348.2521659760182
709.6913683432862,934.7959981833183,1348.376110940704
711.7133864813555,934.4769605242088,1348.339207247721
713.6918378794007,934.1804636186123,1348.132257949419
715.5930672034453,933.887694099331,1347.7791442179273
717.3925551350402,933.5808912418357,1347.3249930775205
719.073138058375,933.2472601327415,1346.824217882851
720.622274261745,932.8835720047755,1346.3315004994188
722.0310972085753,932.4970502924698,1345.8960970277633
723.293937394806,932.1014676684979,1345.5595464845242
724.4100215484307,931.7100658471193,1345.3529487019161
725.3872136900759,931.3294021323235,1345.293285357564
726.2408497256176,930.9593156413164,1345.382605640739
726.9862227703745,930.5984354289587,1345.6101367241504
727.6344464442273,930.2501588906468,1345.9540160814568
728.1942071712823,929.926934571622,1346.3838522988306
728.6723076511396,929.6497342587222,1346.8662467702425
729.07220464266,929.4405829974886,1347.3687266361571
729.393942618463,929.3140251108443,1347.8592639951012
729.635627433518,929.2741898209506,1348.306680652731
729.7946860799458,929.3183063378675,1348.6859062485328
729.8664688995583,929.4415500238877,1348.9829661310719
729.8411405459467,929.6381193005275,1349.1932353775003
729.7040984951248,929.9023135168003,1349.3171531629046
729.4408617240081,930.2332250182858,1349.3603414787929
729.0413236484723,930.637928660759,1349.3342008219072
728.4991776612144,931.1285269637586,1349.25079846924
727.8070535201937,931.7149242254667,1349.116144302599
726.9537397455772,932.4004829529283,1348.9299046728554
725.928062541695,933.1845877802311,1348.6908469584152
724.7231268956607,934.0665781603416,1348.4028622376056
723.336570097853,935.0458659090059,1348.0807493847276
721.7724312646204,936.1201910424884,1347.7521028891103
720.0449287820468,937.2852617946129,1347.4504464762392
718.1805770013317,938.5356379570102,1347.2043089388922
716.2181437945126,939.8641367939596,1347.0285804972264
714.202437928301,941.258631793221,1346.9182018573988
712.1735652780964,942.6997916918974,1346.8463307006912
710.1592875059287,944.1644161968743,1346.773742641651
708.1718783478267,945.6322155684483,1346.6688571613067
706.2099781711808,947.08963873045,1346.5279804504012
704.2654794184374,948.5288102359962,1346.3860297115739
702.3343158936532,949.9412527764225,1346.3083608665745
700.427830054633,951.3086954376109,1346.360030498171
698.5731930907491,952.6019111032076,1346.568742099467
696.7983948872302,953.7962154822073,1346.9068792014848
695.1154533461748,954.8949274417349,1347.303039855928
693.5172349410719,955.9384529871064,1347.671409318083
691.9877875573674,956.9851692701837,1347.940158758303
690.5138606809307,958.0733698120634,1348.068821233454
689.0893592236312,959.1883417770955,1348.0548845324624
687.7140140807973,960.2572429558597,1347.9321399470412
686.3912561931587,961.1785947768561,1347.7584676367908
685.1289319564968,961.8698265451133,1347.5949722642747
683.9417183825212,962.3023013832274,1347.4882046336654
682.8501673609348,962.5041725201535,1347.4633088258286
681.8729436552247,962.5357131197713,1347.5255364757254
681.0173112533415,962.4579003051571,1347.6650678013539
680.2781983017152,962.3143469092315,1347.862359109408
679.64434962071,962.1306531569214,1348.0932045606453
679.1036564405972,961.9233078577912,1348.334184896783
678.6493633221116,961.7082267401659,1348.5660418697903
678.2834884095379,961.5020282679151,1348.773394869734
678.0104009612522,961.3193235316132,1348.9451804030614
677.829136620876,961.1715568454603,1349.0763117491197
677.7344347889872,961.0660926349933,1349.1674911900168
677.7236533945384,961.0041953314613,1349.2233062260127
677.80173505639,960.9797658168561,1349.2492357714739
677.9803410922402,960.980543669317,1349.2496083988322
678.2716492706298,960.9912482059677,1349.2299112897808
678.6821157499614,960.9960060801805,1349.2010611288797
679.2152624875027,960.9778190145618,1349.1772719611881
679.8792172496067,960.9164120964329,1349.1671997067908
680.6860873110232,960.7889757942302,1349.16903435952
681.6477040239622,960.575195814379,1349.1722562177872
682.7740084209231,960.2613562375284,1349.1597523435325
684.070215436004,959.8384393202238,1349.110276897618
685.5366727733923,959.2983944539318,1349.0043978900972
687.1718264625786,958.6358850374792,1348.8295941771592
688.9715067798957,957.8544076780072,1348.5788710611023
690.9257611142498,956.9712519127107,1348.2493354825715
693.0163381388393,956.0166598578578,1347.8480292571694
695.2137728174681,955.0269541342816,1347.4017448705101
697.4725618439916,954.0372909691929,1346.9668169808604
699.7318422970832,953.0781096915235,1346.6280579862766
701.9331542486333,952.1765235077202,1346.4708385154618
704.0481687110379,951.3616194837475,1346.5373142923518
706.0904508126422,950.6660900711104,1346.805916706425
708.0965220591324,950.1144658014305,1347.2105714215131
710.0967878698707,949.7033187380947,1347.6730887241179
712.1045234748618,949.3958915563713,1348.12286670904
714.1198972054751,949.1396437905491,1348.5035091358502
716.1333741218293,948.8882004336774,1348.7759046214692
718.1273239285323,948.6096514530911,1348.9216992614085
720.0815038498918,948.2830083006022,1348.9419411080273
721.9800915245287,947.8932827492225,1348.849963753993
723.8103394297104,947.4294359754783,1348.6670845225876
725.5543060478482,946.8843303350133,1348.4238574267736
727.1900287095157,946.2548554380085,1348.1588462415434
728.7037143683756,945.5429290677673,1347.9118288906384
730.0952483094894,944.7593703908443,1347.716868972263
731.3729548093484,943.9265191930707,1347.5968650569107
732.5474541068139,943.0755259880742,1347.5603333616466
733.6266355057683,942.2417561538332,1347.6045402919415
734.6121227579498,941.4622491151517,1347.72313321907
735.5009778620241,940.7731135556239,1347.9106081241655
736.2903696834368,940.2039424162282,1348.1624037353968
736.9778593746173,939.7723553854813,1348.4749655256683
737.5569452980009,939.4813011777685,1348.843946155146
738.0179156774169,939.319104480576,1349.2581165581905
738.3556881391938,939.2662596092799,1349.695856341111
738.5734656494254,939.307801675002,1350.1299736635922
738.6783779223987,939.4387138571467,1350.5353199515916
738.6747957354065,939.6574532085566,1350.8914344828586
738.5603170491975,939.9588654896982,1351.182107143624
738.3267394869376,940.334685453746,1351.3979898701243
737.9660882527827,940.7768629565971,1351.5387795210052
737.475711838915,941.2788444223763,1351.6085432420055
736.855937318103,941.8363967558553,1351.6086542815513
736.1051360850512,942.4480449890242,1351.5360171794964
735.2181851744548,943.1135812163983,1351.3888606660523
734.1884856433687,943.8333380966684,1351.1752832721863
733.0129885770932,944.6090562926896,1350.914989831308
731.694660402715,945.4426175552635,1350.6334469457438
730.2391128715233,946.3338009720018,1350.3576563321228
728.6529863278607,947.2818288050254,1350.1177911986395
726.9489155005037,948.2875190630094,1349.9472989217234
725.1502322930854,949.35070937145,1349.8740665505984
723.2885089287975,950.4673888388684,1349.9079722043275
721.3943884972525,951.6308698489104,1350.032984833671
719.4884337085452,952.8359010097006,1350.2066936788583
717.5801715303211,954.0841551618273,1350.3719862485443
715.6718699562363,955.3845176477794,1350.480843639564
713.7609406405189,956.7437407503708,1350.5170813611953
711.8465717895572,958.1542102606642,1350.5032160234334
709.9402664735724,959.5892978204806,1350.4866556342186
708.069418800063,961.0121563459252,1350.5118988986762
706.266929532803,962.3935014453898,1350.5952273283062
704.5500759490857,963.727719716497,1350.7183052695327
702.9093066554884,965.0393457696248,1350.8420593411722
701.3221796303313,966.3737989436183,1350.9264118762896
699.7745051182793,967.7713571548802,1350.9422388159066
698.2667749451412,969.2384973616821,1350.8764500360812
696.8073875301579,970.739213296623,1350.7374062274762
695.406795765491,972.21144576364,1350.5562433853133
694.0806039105056,973.5901032241234,1350.3763416323404
692.8503533771072,974.8211738135766,1350.2400108461711
691.7325930735448,975.8677922265915,1350.1836481466905
690.7306454358121,976.7136694376225,1350.2349240749352
689.839646362287,977.3652074561852,1350.4041509849524
689.0538457730013,977.848153708448,1350.6776037367006
688.3678221370317,978.1974521547706,1351.0240501586866
687.7750975095362,978.4475192190816,1351.408597456303
687.2674815570023,978.6276693049833,1351.7978803162353
686.8356413364609,978.7625116793015,1352.1584476388134
686.4709549245106,978.8738365836426,1352.4587547340739
686.1693067918251,978.97671774655,1352.6716625381437
685.9339713453397,979.0744946412074,1352.7782188741712
685.773145464442,979.1626397312576,1352.7750516904014
685.6968885984356,979.235473349621,1352.673355975779
685.7186747541654,979.2882797116025,1352.4886948330245
685.8542291772529,979.317404511934,1352.2357190925377
686.1147893889375,979.3205832965655,1351.9294838588385
686.5048266668989,979.2980737709803,1351.5868485659414
687.0264126279278,979.2513547148553,1351.2238579295247
687.682977862509,979.1768125382592,1350.8484068186642
688.4787263045131,979.062970555665,1350.4585771489517
689.4162113580477,978.8956441092613,1350.0528213239804
690.4974588651431,978.6637208710398,1349.641020600667
691.7252319884464,978.3627728510032,1349.248146050635
693.0980453621274,977.9969867860686,1348.9083535481702
694.6062235063036,977.578707564417,1348.6485598588538
696.2362724046567,977.1273243685921,1348.4706371417715
697.9757087833893,976.6663979589655,1348.3450797040148
699.8075533142805,976.2171342134234,1348.2214986220558
701.6993095064058,975.7932108956912,1348.0534714152964
703.6044224074034,975.4001586703611,1347.8285381822266
705.4782213739353,975.0344483263519,1347.5875390370709
707.2919418948518,974.6816161145945,1347.415621887251
709.0372759528655,974.3195431967463,1347.401362109167
710.7242837833213,973.9287884137916,1347.5866430145697
712.3747484333225,973.5041746401018,1347.940953459468
714.0108555894753,973.0589669503061,1348.3747356274648
715.6432138464249,972.6191792622817,1348.7780405847657
717.2666920418815,972.2122882745073,1349.0592342412976
718.8634849294691,971.8537777248231,1349.1658359751975
720.406472893784,971.5364306370171,1349.0864571216107
721.864048693882,971.2305556400489,1348.8445469227372
723.2107035001901,970.8981976109637,1348.4888561361922
724.4375443376196,970.5143142399708,1348.0784127531715
725.5516668818129,970.081179710388,1347.6669267077423
726.56501535218,969.6258646742474,1347.2970141559529
727.4848996266769,969.1847097845638,1347.0042564397042
728.3109703266919,968.7887133965152,1346.8200603870926
729.0353690170106,968.458813339185,1346.7683665623451
729.6481928173366,968.2085135043642,1346.860171804314
730.1442589566855,968.0479129288647,1347.0905619090693
730.5220841474796,967.9884753439983,1347.4419806838182
730.7816727029042,968.0466890078292,1347.8903113236809
730.9276854774641,968.2398019717945,1348.4064303591103
730.9697323054095,968.5750468708799,1348.9557172188463
730.9151346478192,969.042504993118,1349.5019462095415
730.7626581564047,969.6179294603753,1350.013693616085
730.5037257780468,970.2747347085724,1350.467419030063
730.1274500730574,970.9967214320852,1350.846449694598
729.6255017814142,971.7817016615959,1351.1398791529957
728.9936336352392,972.635209236237,1351.3417425591101
728.2289942750415,973.5606571958741,1351.4480984391687
727.3274756741905,974.5529782533883,1351.454385129345
726.2808120611311,975.6004977819506,1351.3568338989028
725.0735705377651,976.6932873225766,1351.158796279678
723.6866525939653,977.8292820256697,1350.877987765854
722.1085294770312,979.012806972639,1350.5471678250847
720.346916638157,980.2509510364891,1350.2091030927506
718.4304746324623,981.5527249813182,1349.9104936856936
716.4008916440449,982.9254695452735,1349.688966161247
714.3070741530076,984.367693853728,1349.5554458750942
712.1992580479853,985.8680816867588,1349.489010871625
710.117703579959,987.4127141045985,1349.4476976902426
708.0866313734184,988.9930506961258,1349.3863191407067
706.1170733993972,990.6086918861245,1349.276726922045
704.2100179018281,992.2625395402584,1349.1254516710528
702.3611771654288,993.9491177164904,1348.9776025869267
700.5758537642625,995.6425353953219,1348.8981399596973
698.8829062787443,997.29554003865,1348.9379764443897
697.3244572461684,998.8547976186219,1349.1055161563695
695.9250259784645,1000.2863489122213,1349.3585857728592
694.6708980665854,1001.6002320320829,1349.6187332385111
693.5199791043868,1002.8586176877387,1349.8008001497708
692.4298674242461,1004.1536248304697,1349.8449920244855
691.3775872234322,1005.5609959875251,1349.7383301165717
690.3630795624197,1007.0984779258806,1349.5197022959321
689.4050078354114,1008.7160794045664,1349.269768988563
688.5341075206996,1010.3201337129856,1349.0878375882644
687.7851133848541,1011.8115645262379,1349.0625248112292
687.1874837936846,1013.1154461172032,1349.2490630368684
686.7552081846363,1014.1931819214059,1349.6615697877844
686.4813108785955,1015.0445476739616,1350.2787068098003
686.3435930672779,1015.703647375062,1351.0554012006655
686.3159816539685,1016.2246622489866,1351.9340026880361
686.3757620359909,1016.6607525607168,1352.8529519597614
686.5069113276229,1017.0483852032029,1353.7542395086894
686.7016961508007,1017.4028484315709,1354.5873435566186
686.9601238453836,1017.7228150641888,1355.3095805668722
687.2860894137862,1017.9993445467369,1355.8906394115052
687.6801329122375,1018.2215015569112,1356.3196358282637
688.1371866033049,1018.3763353785606,1356.6014253024882
688.6543633125211,1018.4493573105044,1356.742786356659
689.2390313327783,1018.4298163173446,1356.7466068985977
689.9086445469369,1018.3137512075259,1356.6161363491453
690.6835194076228,1018.0958367081078,1356.3549701224042
691.5780797616783,1017.7623164774793,1355.9684098670707
692.597834741626,1017.2984347229672,1355.4742648143874
693.7439725231835,1016.6983735490197,1354.9099099969717
695.0182032338853,1015.9677416653071,1354.3281278757681
696.4209294908096,1015.123526721405,1353.784099482027
697.9465373062093,1014.1946064078027,1353.3159371011484
699.5854745178053,1013.2211346120338,1352.928955007416
701.3310976907861,1012.247996688743,1352.5932029746548
703.1771736924513,1011.3114401556644,1352.2535898290362
705.1051858419657,1010.4276785273979,1351.8488780476828
707.0792367767405,1009.5934662577934,1351.3419576024178
709.0553066224825,1008.7964491980501,1350.7584692384353
710.9907503470167,1008.0219742367567,1350.2025556923052
712.849934031134,1007.2536736983832,1349.8163174345884
714.6160443516792,1006.4787096207751,1349.700345825502
716.299466916273,1005.6974619851868,1349.8553135161874
717.925620648799,1004.9244341246527,1350.1845850099078
719.5134426432021,1004.1789823483554,1350.5440214066598
721.0649653638063,1003.4776834746434,1350.7996692729052
722.5669786483141,1002.8309484565013,1350.865729490586
723.9978224769058,1002.2380691318871,1350.7148537956525
725.3374066317017,1001.6830889044622,1350.3685346446216
726.576117457141,1001.1402806987667,1349.880582231005
727.7157425363553,1000.5907268135064,1349.319683989588
728.764558463707,1000.0375769684838,1348.7537736727952
729.7323393278405,999.5047657363709,1348.239983584174
730.6237100003661,999.0210135045702,1347.8209004520056
731.4318753453505,998.6052169328902,1347.5259092607523
732.1414563856144,998.2628485306849,1347.3739278627083
732.7382726269278,997.9915089640799,1347.374424191844
733.2170538287796,997.7874721974475,1347.529801269889
733.5844125495895,997.6463485302098,1347.8382126699173
733.8547950889551,997.5630571559686,1348.2884356428835
734.0415026962952,997.5414904303042,1348.8491184144814
734.1533293436961,997.6020798695342,1349.4697503813745
734.1974175734777,997.7641391585078,1350.0988767902911
734.1780892262028,998.0250342198597,1350.6982465877381
734.0920643709896,998.3695185839772,1351.23954293797
733.9267802154706,998.7813735912515,1351.7015257367475
733.6629629668435,999.2346227132343,1352.0769820880057
733.2837524408937,999.7005450299685,1352.3720056644127
732.7836968773831,1000.1759946314141,1352.5922396633684
732.1649568601927,1000.6850170017068,1352.7355499551165
731.429118922339,1001.2510232062748,1352.79898215139
730.5751701707609,1001.8817081457926,1352.7845792797052
729.5974564485748,1002.5747740291165,1352.6986168024798
728.4849909459058,1003.3261717608652,1352.5523303282002
727.2259497409774,1004.133760080558,1352.363102005736
725.8114972037415,1004.9975145348614,1352.1529765356572
724.239786159059,1005.9181717615219,1351.9470967843235
722.5210339950072,1006.89703664114,1351.7717627721474
720.6772385454598,1007.9364592771354,1351.649869932151
718.7379424833157,1009.0372829392466,1351.5947808072603
716.7358905347083,1010.1951213747765,1351.6064168113376
714.7015091054764,1011.3999582701197,1351.671045937158
712.6592799953136,1012.6375892121246,1351.7618349763845
710.6249618158905,1013.8914646876425,1351.842418181879
708.6011385086815,1015.1468826685821,1351.8804956681035
706.5800995694198,1016.3957159193,1351.8679432033944
704.5556441649055,1017.6347201928712,1351.831672932978
702.5364948391073,1018.8568677504115,1351.8241539671756
700.5548517158949,1020.0468245835074,1351.8967754692926
698.6558924264534,1021.1873241094341,1352.0688865611662
696.8701125630034,1022.269523086527,1352.31000237735
695.1967986066217,1023.2988241073463,1352.5465646318005
693.6117617937592,1024.2962275359807,1352.690983902374
692.0863937419101,1025.293642556338,1352.676349743393
690.6029306384634,1026.3156045296348,1352.4755997298223
689.1583142447349,1027.3563465041925,1352.1033891171226
687.7593929634797,1028.375373668565,1351.6121669020195
686.4192100551892,1029.3140136380364,1351.0806910800438
685.1584106663855,1030.1156952539322,1350.5922619483858
684.0048393251104,1030.7400985091865,1350.2168547880833
682.9854390818213,1031.1689878957459,1350.005228789891
682.1147785837518,1031.4033271022226,1349.9856167696967
681.3888561801714,1031.45825501697,1350.159217654794
680.7892248334952,1031.3626381241188,1350.5028667589454
680.2933850385506,1031.158618022014,1350.9800754786907
679.8835879543785,1030.894222200463,1351.5484515960852
679.5502382021799,1030.6131727531692,1352.158806446552
679.2899269700041,1030.3482480757825,1352.7560303430812
679.100535047513,1030.1178398430554,1353.2894380889597
678.9768560912726,1029.9248854467937,1353.7250665694187
678.9118814055915,1029.7595870485525,1354.0469584235038
678.9034963727189,1029.6061043567654,1354.2501390023754
678.9578549737928,1029.4495330876898,1354.3357838246534
679.0853102255695,1029.2788721383688,1354.3098245763708
679.2945267065345,1029.085141199049,1354.1824334600076
679.5927677936991,1028.857702988769,1353.9664478079624
679.9906516058219,1028.5844790763879,1353.6746662291987
680.5021885184807,1028.2555977404575,1353.3164760700522
681.1420418679461,1027.8640840995915,1352.8954125008902
681.9243061502672,1027.4024723881962,1352.4134434942425
682.8568867424647,1026.8603112192031,1351.883012359095
683.9359225540512,1026.2273947060555,1351.3368179448512
685.149476586562,1025.5009742846626,1350.8227864446892
686.4844734299952,1024.6926610743515,1350.3864064683908
687.9302450091267,1023.8309587481956,1350.055329742415
689.475720240261,1022.9530658729291,1349.832912502563
691.1013995060196,1022.0903507375089,1349.6975646870296
692.7772601341622,1021.2604458762787,1349.606364964223
694.4689813389845,1020.4689696178664,1349.507243225138
696.1437059272162,1019.7156514879382,1349.3635897324593
697.7718948706225,1018.9983865824154,1349.1809818471213
699.3285703652402,1018.3120908116583,1349.013348488274
700.7991438437859,1017.6465700872476,1348.9362881121524
702.1869130989043,1016.9889351324766,1349.002032652386
703.5123996915453,1016.3313744010028,1349.2066028828276
704.8019744122773,1015.6786452684809,1349.486621950184
706.0724299667793,1015.047415160637,1349.7415272772982
707.323063589718,1014.4570738897463,1349.8706840651996
708.5399727856812,1013.9181477526994,1349.809964991483
709.7034985794945,1013.423948661455,1349.547941468514
710.7912474507241,1012.9509218229791,1349.116689463623
711.7809722295797,1012.4718760493757,1348.571619342113
712.6590167093765,1011.9760791269632,1347.9747226056693
713.4264905720792,1011.4785198255864,1347.3855157957198
714.0923612814898,1011.0080676903634,1346.8584557262275
714.6607562397141,1010.588140354285,1346.443034385394
715.126595195931,1010.2298049850306,1346.183158802491
715.4818194226009,1009.9367530539813,1346.1133946004445
715.7238798192011,1009.7089935899374,1346.2521542552145
715.8577344701507,1009.5418422188219,1346.5958857301007
715.8919929879705,1009.4264539683132,1347.116438114927
715.8345897890235,1009.3553920455662,1347.7644925211212
715.690251843939,1009.3277944754195,1348.4806326726052
715.4610844396224,1009.3487620020782,1349.2057410863692
715.1504377778059,1009.4269103312829,1349.8865756828266
714.7647605431206,1009.5720656907689,1350.4807784744535
714.3071837767203,1009.7896133172828,1350.9589502218053
713.7702850471813,1010.0763596214432,1351.3030378189924
713.139625538481,1010.4248050299269,1351.5066492460599
712.4018185644918,1010.829032569614,1351.574036029547
711.5479820699068,1011.2848923745526,1351.5141743929598
710.5733302846076,1011.7896881862787,1351.3375998973254
709.4728586023438,1012.3441699914368,1351.0590247236516
708.2373242545646,1012.9524242027743,1350.699955348466
706.8565598551924,1013.6189875289505,1350.2877565870672
705.3268209354311,1014.347252766227,1349.8528248405157
703.655153248653,1015.1406832893992,1349.4281696365915
701.8585551343851,1016.0024698236796,1349.0492028752622
699.9625101876217,1016.9312733479435,1348.7462968126233
698.0034783873404,1017.9175916278348,1348.531498437591
696.0273097379246,1018.9459450275742,1348.3888299952644
694.0774673927459,1020.0021269134253,1348.274449716524
692.1831942115654,1021.0783797785813,1348.1278178727482
690.3570409793119,1022.1705796913707,1347.8939802685225
688.6006326958333,1023.268357998017,1347.5526197896804
686.9164109377841,1024.3444530199936,1347.137124713297
685.322131286206,1025.351427214068,1346.721486868002
683.8535887782292,1026.232213535285,1346.3768917865027
682.5430769485215,1026.944080587,1346.1331963808668
681.3918067246395,1027.4842905830474,1345.9723907497887
680.3697326771022,1027.9009945777914,1345.8476030214636
679.4421400040865,1028.2774107995797,1345.709777984306
678.5886859908624,1028.6906533293059,1345.529820656372
677.7995265534339,1029.1691951013001,1345.3111129558915
677.0662761767595,1029.681014473756,1345.091104005652
676.3835099509065,1030.160377885907,1344.9295920223926
675.7561871746312,1030.548193631782,1344.8880706750547
675.2010436353728,1030.8156471645034,1345.0123822208602
674.7387644787395,1030.965847744136,1345.3239878342158
674.3829733705239,1031.0257811171145,1345.8163660228438
674.1335199944895,1031.034461214979,1346.454902063197
673.9782893001088,1031.0294513455287,1347.184924358814
673.9011597421169,1031.0373446765511,1347.9464519220776
673.8893288564822,1031.0699063942593,1348.6851571940192
673.9365885169078,1031.1254736282679,1349.3582340295775
674.0440641090983,1031.1938168543231,1349.935953977663
674.2186188517771,1031.259689278959,1350.3956626574193
674.4675799952001,1031.305350577381,1350.718029892458
674.7949392807622,1031.3146269581678,1350.892355221754
675.2042659781724,1031.2767113311745,1350.9207497646585
675.7015878906454,1031.1864963955588,1350.8168323670354
676.2932186424822,1031.039396222788,1350.6020195449382
676.9845951886234,1030.82445507035,1350.2978977856856
677.7824485348158,1030.5249676283306,1349.9183684591285
678.6962116964495,1030.1270748029433,1349.470713654186
679.7360373865694,1029.6250338598998,1348.9633068207747
680.9074055127421,1029.0184966742102,1348.4117932938216
682.2061470034279,1028.3100467891138,1347.8454719242468
683.6191236880948,1027.507833820944,1347.3116304479
685.1300358512838,1026.6287791215,1346.866033342132
686.7248798064601,1025.69800351421,1346.5522283137163
688.3942384824945,1024.7439213179016,1346.3843518401118
690.1312460852815,1023.792976748669,1346.3418892202421
691.9252565163712,1022.8690985464877,1346.3782178137856
693.7571627824964,1021.995474472826,1346.4405086864003
695.598268213962,1021.1929048640975,1346.49801206505
697.4093139359852,1020.4747702459139,1346.5672052684624
699.1461558799905,1019.8424839981474,1346.7087348736475
700.7777580311993,1019.2851911785382,1346.988483054206
702.3017179594527,1018.7846091809271,1347.4301988547431
703.7385589238127,1018.3224258524984,1347.9942417688412
705.1121570599853,1017.8883237121879,1348.5930740512752
706.4386191838246,1017.4858706983958,1349.1252123823294
707.7261953185082,1017.1311326216069,1349.5054653637633
708.9758223361412,1016.8409821121229,1349.6838911599639
710.1813916735989,1016.6187090265682,1349.6505129581678
711.3314822119492,1016.4528308613936,1349.4273038976417
712.4125560121302,1016.3285854100754,1349.055788435621
713.4144273979889,1016.2359181807112,1348.586362196454
714.3321002757352,1016.168621035075,1348.0714655521049
715.1596097810886,1016.1201781827483,1347.5618744673811
715.8860922633894,1016.0824755309945,1347.104737103132
716.4990268030062,1016.0491542157472,1346.7416694230756
716.9864321841694,1016.0187686021376,1346.505021282687
717.3407617583724,1015.9945793588843,1346.415508209496
717.5666708572193,1015.9822399270055,1346.483907846351
717.6799368591501,1015.9862078934723,1346.7112843730154
717.6976807728224,1016.0068250151795,1347.0848518741398
717.6317599629673,1016.0421430701607,1347.5782438787187
717.4872914719033,1016.0927071107956,1348.1582328606878
717.2652481686534,1016.1628767051324,1348.7857898864777
716.9674283728252,1016.2598460742188,1349.4146666971276
716.5967400203764,1016.3926327864236,1350.0008827296822
716.1521727170806,1016.568469315229,1350.5130017717265
715.627488777101,1016.7894333010506,1350.9305497890698
715.0152320465838,1017.0543537418954,1351.2414435451528
714.308867597421,1017.3632872877605,1351.445180191914
713.5022310690557,1017.7189996025484,1351.5514992518633
712.5902680424833,1018.1261307093662,1351.57267750939
711.5684076250458,1018.590564452902,1351.5186106965787
710.4276121795192,1019.1175622600132,1351.3979580074028
709.1521782875642,1019.7089613022031,1351.2215948460773
707.7248345415669,1020.3638502752499,1351.0057706124821
706.1331464214851,1021.0825168848488,1350.7764640410842
704.3728038780307,1021.8672268674957,1350.5711859919516
702.4495994954523,1022.7190827604215,1350.4303261845375
700.3812941773701,1023.6363792049019,1350.3820290679996
698.1950140834368,1024.6170866098619,1350.4319540867261
695.9189215263824,1025.6624720732816,1350.561178904794
693.5758330839647,1026.77671242331,1350.7298299722754
691.1829240310547,1027.9644380024572,1350.887902512028
688.755865942883,1029.2295078845953,1350.9961638222333
686.315746514517,1030.5693700816896,1351.0470713566383
683.8960608795214,1031.9634565028246,1351.064745804983
681.5433717226504,1033.3660825857396,1351.0821128101788
679.3018187378492,1034.7148075676723,1351.118551826764
677.1890123142991,1035.9557449327372,1351.1726536127214
675.1902179765295,1037.0739754102806,1351.2251199102961
673.2763910618777,1038.1066846086844,1351.2462405736728
671.4226338385166,1039.1228529709515,1351.2056912582675
669.6119629875465,1040.1821646358726,1351.0832427828946
667.8317361362114,1041.3054202981368,1350.8791772885836
666.0750284942372,1042.4730692116136,1350.618459428437
664.3488044355545,1043.6417148337093,1350.3440619551284
662.6779728123045,1044.758760723068,1350.1035722278282
661.0948243504363,1045.7688820078358,1349.9375822242614
659.6229365140267,1046.6226997121532,1349.874794514196
658.2731297698106,1047.291868982688,1349.9318088156797
657.0481783861396,1047.7789782944928,1350.114439015779
655.9445537922942,1048.1112562723886,1350.417952818259
654.9530811510515,1048.3228625449992,1350.8246721624632
654.0608111485582,1048.442426688856,1351.3025262294946
653.2535558150498,1048.49284325494,1351.8065935108152
652.519539713293,1048.493491633167,1352.2833963037751
651.8509506272668,1048.4590878232225,1352.6799588847043
651.2429578649563,1048.3992370512435,1352.9551348542896
650.6943249937408,1048.3186955864255,1353.0871574017388
650.2116368420329,1048.217405279706,1353.0753603548278
649.8117578164994,1048.0939313942863,1352.936139787192
649.5164668368434,1047.94968670773,1352.6928308333177
649.3446643586241,1047.7867941072636,1352.3641632368963
649.3085908449071,1047.6021432008642,1351.960926565078
649.4134034342496,1047.3855046428046,1351.4920581083156
649.6600900454522,1047.1236093377358,1350.970447263882
650.0502235823682,1046.8069714340897,1350.4130314280105
650.588784529159,1046.43363576306,1349.8380149260224
651.2834221733982,1046.0051183258186,1349.2608726743642
652.1422490460513,1045.5202471573193,1348.6917507264302
653.1722764139184,1044.9774014309842,1348.1405057399766
654.3754908813427,1044.3808746065015,1347.6254800296078
655.745525538332,1043.7415334141108,1347.1734370994216
657.2705728430775,1043.0749852435986,1346.8092943783975
658.9374078117881,1042.4008928103112,1346.545278014713
660.7338882592989,1041.739797226921,1346.3751012880841
662.6497670250067,1041.1067475373725,1346.2745360735398
664.6706884399688,1040.5076084639911,1346.214177396904
666.7698453987697,1039.9439257473616,1346.1862844312527
668.9080000065202,1039.421262264959,1346.2287188936625
671.0424771979685,1038.949788283144,1346.418227797391
673.1406044533541,1038.5385304329,1346.8270318682653
675.1927291867104,1038.1932119801068,1347.4740124826803
677.2125973446402,1037.9147597350616,1348.3058081782888
679.2192129179077,1037.6945390119674,1349.217212292952
681.2186537637826,1037.5152789285676,1350.094322300145
683.2038865473273,1037.3562224339673,1350.8484088285695
685.1625789259679,1037.1996894669735,1351.4233123637664
687.0772124109192,1037.0356843760346,1351.7927379084576
688.9223857213075,1036.8412313620743,1351.9696378284086
690.6689305277121,1036.5597216358262,1352.0092803459095
692.292096171391,1036.1358328470012,1351.977271745643
693.776861177066,1035.566369212484,1351.9138077099797
695.1191507035502,1034.8915856046303,1351.83499795892
696.3270856590934,1034.147235814164,1351.75277628022
697.4196431263474,1033.3452311810931,1351.6809864029158
698.4164883201558,1032.4894837258485,1351.626867592972
699.3296104153344,1031.5915962515762,1351.5833704803829
700.1671953821896,1030.6774529884283,1351.533284727115
700.937313396273,1029.7889629699528,1351.462282766123
701.6439972797456,1028.9762322236104,1351.3663644642052
702.2850076191395,1028.2841980411258,1351.2502910733529
702.852114004502,1027.7444428530262,1351.1269985307697
703.3304410649052,1027.373839264933,1351.0177070162554
703.7010337064055,1027.1776083961329,1350.9462126342453
703.944234548441,1027.155228443219,1350.9309142299726
704.0400544842305,1027.3063545813297,1350.980597702544
703.9703076129977,1027.6349040428088,1351.0924584607894
703.7217979056467,1028.1488214770548,1351.2492183505694
703.2877751285248,1028.8523576583477,1351.4204124143928
702.6688793835544,1029.7309796551451,1351.5774613458548
701.871034527205,1030.7406759857013,1351.7106239557163
700.8986167884634,1031.827912307583,1351.8195640819022
699.7478267510141,1032.9659101945,1351.892611729261
698.4089643627333,1034.152203517404,1351.9147040768123
696.8783909265652,1035.3835395193714,1351.8874213969475
695.1687582150574,1036.6570788877218,1351.8269144986768
693.3096256671682,1037.9768852708926,1351.75329546731
691.3400703997183,1039.3444502618725,1351.6884906357989
689.2996568283763,1040.7510513005402,1351.6524716684594
687.2228946095356,1042.1811531111698,1351.651937100449
685.1347110759707,1043.6227638902533,1351.6721824054036
683.0485840385835,1045.0762366288957,1351.6842589898106
680.9721994661134,1046.5536589520818,1351.6663333805266
678.9165269310514,1048.0663365543646,1351.6223042919692
676.9058213020382,1049.6069084264768,1351.5810497181337
674.9821046993485,1051.1411407512267,1351.577156060464
673.1900111143863,1052.6165805703745,1351.6272553112974
671.5489504654406,1053.9840523354235,1351.7174235261823
670.0407175289087,1055.2247359843138,1351.807254074868
668.6263272922888,1056.3657438416776,1351.8429151329956
667.2746255892494,1057.4667997597826,1351.7714058642873
665.97356712164,1058.5848804466257,1351.556328246253
664.7191532373755,1059.740178298289,1351.1927171785794
663.5059658058603,1060.9017895996901,1350.7114054915542
662.3337578057843,1062.0002045721794,1350.1706514515313
661.2167567442636,1062.955896025819,1349.6424367269788
660.179960233545,1063.7022410923041,1349.1988604999117
659.2453703283377,1064.1953279548395,1348.900340783698
658.4235211619398,1064.4206305643809,1348.785948474122
657.7160219264482,1064.3997246277136,1348.866201391255
657.1201039312834,1064.187498455332,1349.1214800368634
656.6302882702706,1063.8563886625461,1349.508822177421
656.2385126505832,1063.4761580134868,1349.9747756757554
655.9332526741911,1063.1001179515524,1350.4684432568351
655.701567715835,1062.7607568541239,1350.9484726415828
655.5334862778764,1062.469701033424,1351.382366550897
655.4229867906454,1062.2212224829918,1351.7441396093795
655.3681682073213,1062.0011375872173,1352.0155201338057
655.3720229675224,1061.7961078370943,1352.1877880880359
655.4404318900541,1061.5982106584017,1352.260423371421
655.5811391343725,1061.4050128605422,1352.239015192173
655.805064387927,1061.21724985135,1352.1359310644232
656.1255045883718,1061.0360563130655,1351.9701827019753
656.555428016626,1060.8590071833912,1351.759652159065
657.1051571187548,1060.6763367507747,1351.5106623807176
657.7817185561594,1060.473980790733,1351.219011497536
658.5899039116239,1060.2403529988196,1350.8806134547574
659.5338970147928,1059.9662966101064,1350.4967816245623
660.6186280833011,1059.6417076261343,1350.0735066840402
661.8484604725469,1059.2577445428142,1349.6230256443835
663.22544576251,1058.8108163234538,1349.1640302644912
664.7517854546542,1058.3017388417527,1348.7136648363282
666.4295114982001,1057.7331862506167,1348.2798800329454
668.25125150792,1057.112050513615,1347.8712421260063
670.1896692143295,1056.454734176154,1347.5219155392306
672.1946967208394,1055.7875414585358,1347.300004290839
674.2040867088964,1055.1421987940616,1347.274144126563
676.1663143628979,1054.5528255276106,1347.4641680130112
678.0587493440571,1054.0527633903966,1347.825631381269
679.8834251201376,1053.6645818017942,1348.2750073024488
681.6492775776636,1053.3871664147855,1348.7265003591867
683.3647019891663,1053.1905485606312,1349.1168548670048
685.0423456395115,1053.021242310951,1349.4054999470181
686.6942668917336,1052.8226266858971,1349.558336111759
688.3154069836078,1052.5682262345845,1349.5395447010794
689.8832243515177,1052.2702296592688,1349.3236486675614
691.3788634088903,1051.9502202260499,1348.9140082019007
692.8001932153783,1051.6180967688397,1348.3451241277744
694.153373255616,1051.2739539323165,1347.6705669552
695.4398835406798,1050.9095078921218,1346.9498140477654
696.654296544751,1050.5109341720165,1346.2380860410456
697.7916500406153,1050.0723708050014,1345.5840451420443
698.8530537315931,1049.6076547845041,1345.0319774263853
699.8431022254646,1049.1470103160407,1344.6178338527818
700.7634339459747,1048.7267701860167,1344.3638929377996
701.6083263820631,1048.3848882702919,1344.2812288708526
702.367385176413,1048.1598689972373,1344.3735558295978
703.0329668329719,1048.0857962196233,1344.6348689199415
703.6022473765569,1048.1824170116522,1345.0450626441655
704.0741125621225,1048.4454577734648,1345.5699697244445
704.4481667284596,1048.8463263683939,1346.167370612875
704.7261855244643,1049.344616033205,1346.7956161683458
704.9125672372572,1049.9043402236239,1347.4189451633276
705.010916733798,1050.5031105080495,1348.0075940948993
705.0184815682583,1051.1322111913632,1348.536465526477
704.9239098106873,1051.7925493636455,1348.9853014956366
704.7096202575551,1052.4907698112966,1349.3390680083712
704.3577128721655,1053.2345575390875,1349.5867422660847
703.8565384779813,1054.0284168346727,1349.720294258281
703.2032756420884,1054.8732950558945,1349.7358968775993
702.4017359542903,1055.7624186557887,1349.638278605521
701.4571700964331,1056.6732143153013,1349.4464407432874
700.3702872947149,1057.5803812459712,1349.1919215154853
699.1357841800375,1058.4859839810663,1348.9090035428633
697.7488831411649,1059.4232894408237,1348.6297591356597
696.2118332129335,1060.4309245529323,1348.3857090878935
694.5345719210256,1061.5307960370476,1348.205388554891
692.738168251912,1062.723860150967,1348.1059373495937
690.8597620307082,1063.997961973329,1348.0851161591304
688.9432737272149,1065.337753273566,1348.1194923175635
687.0208704885525,1066.7329072884118,1348.1734646029392
685.1077104669583,1068.1840904301366,1348.2176374388275
683.2104288668663,1069.6996171181434,1348.2467546462135
681.3369050754695,1071.280299436039,1348.2839138291022
679.506262264536,1072.9063681066202,1348.3642246867837
677.7526516187996,1074.5415143393066,1348.5089430413432
676.1109963548099,1076.1509276911647,1348.70938960183
674.5923182324769,1077.7208971912996,1348.9289941583531
673.1737027333235,1079.2712524889153,1349.1171984821046
671.8161625863581,1080.8501227475251,1349.2225013503817
670.4922374443629,1082.5071983812118,1349.2020088744177
669.1959965272804,1084.2625491330873,1349.0367358442
667.9339194216565,1086.0890880283953,1348.7462416249405
666.7150782214419,1087.9131866506477,1348.3840133652545
665.5511484919964,1089.6332478732454,1348.017846470739
664.4622362542017,1091.1481423922532,1347.7139942662093
663.475234383458,1092.3819693507337,1347.5306536827923
662.6092674916846,1093.298873555422,1347.5137746591827
661.8653218586144,1093.9070030661421,1347.6893487618613
661.2315394702197,1094.2513175860852,1348.0551531669475
660.6931032725518,1094.3977485475712,1348.5780452390277
660.2372162642226,1094.4147366727182,1349.1993218704908
659.853795140269,1094.3605923019097,1349.8489699834176
659.5352554293887,1094.2807733112468,1350.4642917557662
659.2767358901034,1094.206719375624,1350.9998282061215
659.0767102784308,1094.1507432454632,1351.4248301781327
658.9387286637639,1094.1076138595079,1351.721303295214
658.8724392903022,1094.0658802943487,1351.8858988987577
658.8925200356331,1094.0178308124864,1351.9269079850517
659.0153734801377,1093.9631986056686,1351.8584402134895
659.25321035139,1093.9061745255608,1351.6967790110987
659.611462692107,1093.846974860463,1351.4568330476313
660.0950014877942,1093.774841116604,1351.1487540014543
660.7141384708235,1093.6686532911967,1350.7792311307758
661.4806768161735,1093.5042890849702,1350.3566898805395
662.4017146000314,1093.262789280498,1349.893876106042
663.4780307373433,1092.9353161854606,1349.4079873825626
664.7033215146464,1092.5235989470712,1348.920883350402
666.0670174840338,1092.0384114952528,1348.4570820029016
667.5602136185861,1091.4991304859352,1348.0373346036718
669.1741444576837,1090.9310287100298,1347.669076970096
670.8934158982381,1090.358898361386,1347.3415102494064
672.6954787152771,1089.8018729942326,1347.0344272761731
674.5557746220968,1089.2717234612485,1346.7410240475865
676.4502037730786,1088.7718309967215,1346.4922959978067
678.3542444113008,1088.2960299433141,1346.3638768453106
680.2477851260434,1087.8318426698986,1346.452820161297
682.1272868372287,1087.3684384093413,1346.8269777679595
684.0121060745703,1086.9038836370214,1347.4735943791222
685.9352000824761,1086.4505055063985,1348.289130869598
687.9229753221712,1086.0357319953898,1349.119227115084
689.9797321426995,1085.6941877738436,1349.8134703775293
692.0874479479091,1085.4558553707664,1350.2638739407596
694.214805648533,1085.3352514606693,1350.4189194017993
696.3250979608496,1085.3206966682328,1350.2790893082483
698.3775717478561,1085.3632936785043,1349.8889093862763
700.3245955779283,1085.3748633131895,1349.3324740906482
702.1192579696404,1085.2588379898884,1348.7201152992645
703.7360190969664,1084.977964878746,1348.1560368934972
705.1791994403668,1084.5984101995325,1347.709581540409
706.466731748167,1084.2441053188284,1347.4198661293374
707.6101672313523,1084.0050758592342,1347.3174128240018
708.6082342581955,1083.9017622295357,1347.4270547714352
709.4528860178915,1083.9150792261476,1347.7549690727278
710.1422076927046,1084.0223968819228,1348.2833831084959
710.689358728707,1084.2108777093329,1348.9750725819606
711.1182441052015,1084.473716617987,1349.7771285897095
711.4525664312666,1084.8024465238398,1350.625963185459
711.7078111448209,1085.1849076157803,1351.4574493624855
711.8860393470256,1085.608252006304,1352.2159938977056
711.9760760201938,1086.0641189992823,1352.8601162433463
711.9597526901229,1086.5545536291936,1353.3640604574339
711.8181572960181,1087.095222182873,1353.712823032054
711.5375334547198,1087.711914963675,1353.8977270651083
711.1127906837211,1088.4241787758324,1353.9237461366638
710.5425322332087,1089.223600608946,1353.8196619525452
709.8199685558288,1090.0777359797303,1353.6270434537732
708.9306771683619,1090.962616078989,1353.3768726719918
707.8586565696468,1091.886406329873,1353.08336820861
706.5931778906864,1092.8830610570599,1352.7542070339166
705.1336888759579,1093.9821909701932,1352.4051826041887
703.4935938887039,1095.1877523967446,1352.0661259279784
701.7007427382216,1096.4902660667149,1351.7673396287473
699.794982230093,1097.8818619919125,1351.5259840743745
697.8250049109342,1099.3514907758959,1351.349146368047
695.8427560718097,1100.8773744450218,1351.2400051628956
693.8921343710431,1102.4253065222365,1351.1969072512547
691.9936460643719,1103.9536793641912,1351.214678132701
690.1382429541663,1105.4279719460187,1351.2947153874902
688.3036153907535,1106.8367281602493,1351.4540784309054
686.4817585208427,1108.1916784030202,1351.7182558821635
684.6933383431169,1109.506747393967,1352.0948489831674
682.9785603032219,1110.7792509243397,1352.5481224493103
681.3690546686804,1111.9973426779065,1352.9966602692448
679.8619760019244,1113.1642615383175,1353.3327030606001
678.4230932912859,1114.3128922274923,1353.451385405318
677.0143887035157,1115.4969986062238,1353.2844822195527
675.6172236551989,1116.761869829713,1352.8295428018166
674.2378915995948,1118.1095378384846,1352.158283371297
672.9010924176407,1119.481407581892,1351.396576715339
671.6387728221923,1120.7728492070191,1350.685198690244
670.4833041355436,1121.8739830872792,1350.1405314238389
669.4652615022422,1122.7140246761421,1349.8316528111955
668.6051098737184,1123.2834283995758,1349.7765339897571
667.9033944202766,1123.6257095957765,1349.9510802419052
667.3404670412236,1123.8127468769565,1350.3057261824258
666.8862137862343,1123.9211376688197,1350.7822967397447
666.5151093150323,1124.0167576328909,1351.322824559197
666.2119921173257,1124.1467830259899,1351.8722252912976
665.9651609713521,1124.3382880307454,1352.3816749653827
665.7643867237718,1124.6002016331313,1352.8105480213849
665.6065780681871,1124.92477900326,1353.1254008609599
665.4959154773645,1125.2918237459553,1353.3022912122785
665.4386495961153,1125.6788128849912,1353.3320768112158
665.4404032296113,1126.0705893175248,1353.2218062728834
665.5071267797024,1126.4607134324108,1352.990913513863
665.6480433470938,1126.844890923004,1352.664945979502
665.8751435947704,1127.2118443885763,1352.2689536164344
666.1988550296535,1127.5378084148426,1351.8219233583318
666.6301880829427,1127.7901478356755,1351.3342469087647
667.1874168224131,1127.9393223884258,1350.8129933478515
667.891470038101,1127.970699012232,1350.2753083160942
668.7510872645637,1127.8872698870002,1349.7569671439053
669.7579353044499,1127.704348029551,1349.3034735151875
670.8992595688251,1127.445029491529,1348.950015220851
672.1702582599212,1127.1378159196893,1348.7066026328737
673.5689875262041,1126.8126007915873,1348.5574721654398
675.0833816372975,1126.4974400662045,1348.4748746269186
676.6883174644458,1126.2168971297956,1348.440627353238
678.3501863610925,1125.9889615749248,1348.467104025261
680.0288935437891,1125.8224894511845,1348.6097066369218
681.68298265359,1125.7166759526806,1348.9536561516907
683.2863294812466,1125.6626619744868,1349.5645011533238
684.8409184476656,1125.6497347715165,1350.4332479213845
686.3674031953735,1125.6730178419643,1351.4646739658988
687.8866797117709,1125.7360154918022,1352.5138043045254
689.411771053356,1125.846913261851,1353.4356068157058
690.9463776197917,1126.0083497320916,1354.1207330060192
692.4808645466197,1126.1998062664159,1354.514014049557
693.9886642354304,1126.3690652847733,1354.6192915846589
695.4298215737579,1126.4608266678204,1354.4840760753455
696.761812665646,1126.4595451824323,1354.1703767266908
697.9554146489961,1126.38529638115,1353.740124563774
699.0073800736379,1126.2571429669274,1353.2563676832283
699.936343317771,1126.083929722755,1352.777862915847
700.7647315217096,1125.8754702225006,1352.3503537228398
701.5035316008947,1125.6435353966901,1352.0066941967596
702.1486556000948,1125.3985487875827,1351.7703257890378
702.6894128852612,1125.1516465041582,1351.656103943645
703.1222001973591,1124.919846840699,1351.6717856107132
703.455108906576,1124.7293804061153,1351.8215206207783
703.7008725298534,1124.611681385137,1352.1048167511713
703.8695721078735,1124.59361248489,1352.508045255829
703.9669536350187,1124.6889269920744,1352.9973601843394
703.994237719006,1124.8937385196798,1353.5228187095472
703.9470584330645,1125.1876657405096,1354.0316212318687
703.8173629547207,1125.5415100807265,1354.4793420350068
703.5975688168378,1125.9276736448746,1354.8350855007563
703.2833446220661,1126.329331284779,1355.0847103945293
702.87630716756,1126.7428635718643,1355.2287801611258
702.3818421268649,1127.1709081973122,1355.272653757975
701.8004587631069,1127.6150661845613,1355.2184937972054
701.1246527150976,1128.0757615909263,1355.0664228944759
700.3428193529256,1128.555177201671,1354.8210326639778
699.4429582265295,1129.0581370679984,1354.4966917110614
698.4162528628402,1129.5916323078577,1354.1198685168195
697.261443462847,1130.1647233955625,1353.726811442651
695.9870057795633,1130.7886196096938,1353.3555004683412
694.6083537492568,1131.4765089716739,1353.0375437219311
693.1454113718503,1132.2390245335116,1352.7915476434075
691.6244039085692,1133.0713847459936,1352.6187798272206
690.0760440003451,1133.950996694447,1352.5022682585886
688.5257107463992,1134.8624209017473,1352.4053081783416
686.9829479892068,1135.8172171869662,1352.2843217448037
685.4410838400613,1136.8407432949293,1352.1262217766534
683.8896359602115,1137.9414595988483,1351.9815302617892
682.3338256079369,1139.090063496136,1351.9551836964147
680.8107340154756,1140.230799446738,1352.1462076917444
679.3804075479643,1141.3108435988852,1352.5823231518968
678.0839388322208,1142.3034416184125,1353.204087052364
676.907326131679,1143.2255663596197,1353.8946875651532
675.7926240706641,1144.141802540991,1354.522059797746
674.6799592183334,1145.1428861371367,1354.9768654230802
673.5360298333961,1146.3048219532805,1355.1970189076524
672.3555275179224,1147.6465993556526,1355.1725803300749
671.1500970028277,1149.115444923615,1354.942711272659
669.9376391043546,1150.6150027836009,1354.588900737659
668.7379547700449,1152.052806204047,1354.2109158868232
667.5761176665351,1153.370390630421,1353.8929585232506
666.4852088328128,1154.5455973749115,1353.6854585807168
665.4986958594154,1155.5816062179476,1353.6093665863627
664.6357169726401,1156.496037307388,1353.6690448816755
663.8949959861947,1157.3121560279412,1353.8594374387678
663.2629927032353,1158.0509877518127,1354.165232276413
662.7221340329799,1158.726946067106,1354.5600989293516
662.2528143806819,1159.3499908405884,1355.0119458388515
661.8386578734938,1159.9281447171666,1355.4859910239718
661.4732986886642,1160.465898438703,1355.9415954671815
661.1555998746851,1160.965961932653,1356.3382212359522
660.8794596507211,1161.4340167273954,1356.6490603719556
660.635216712954,1161.8774341044186,1356.8614705301177
660.4190810176949,1162.2996610542755,1356.9669744174757
660.2380764666688,1162.6977012521472,1356.9591119034021
660.1073964965531,1163.0640619981934,1356.8415006209148
660.0432003199289,1163.3896932407345,1356.631883882918
660.0596458972664,1163.665855963246,1356.3531200265497
660.172641135695,1163.886339257241,1356.023168270597
660.3981858836165,1164.0488401389603,1355.6563619701635
660.7439672143596,1164.15196666506,1355.2668495513674
661.2086412047937,1164.1908270127597,1354.8645995106494
661.7889638699615,1164.156884504555,1354.4518451532851
662.4822550953734,1164.043132289972,1354.0297449953862
663.2851353809313,1163.8543696836728,1353.6138425989745
664.1955793326619,1163.6123440185208,1353.2401192964978
665.2125939350524,1163.3406609507333,1352.943302191377
666.3315934551754,1163.0467193708769,1352.7297501707278
667.5454828841124,1162.7291865234079,1352.5757575067237
668.8477929835904,1162.401732252796,1352.4361479461836
670.2269065729271,1162.1054887694872,1352.2528147592457
671.6588978054929,1161.885586275244,1351.9894103941976
673.1109202820568,1161.7445590251366,1351.680910116298
674.5515749823106,1161.6368108025417,1351.4364351010258
675.95982961128,1161.5125471639835,1351.3787130544952
677.3310800567298,1161.354023374357,1351.5691572206335
678.6757923796727,1161.1830437934402,1351.970306566034
680.006637134619,1161.0396063515918,1352.4689854450248
681.3240457128544,1160.9467925000981,1352.9371853987357
682.6124717517041,1160.9031044690098,1353.2809121982914
683.8494884547237,1160.8966518543782,1353.4543932370789
685.014581894695,1160.9060618078493,1353.451677792103
686.0874145155962,1160.8956090556692,1353.295685110565
687.0503168291376,1160.8267234753032,1353.0305583086865
687.9017648897498,1160.679658593644,1352.7103463311526
688.6601165225176,1160.4624383172234,1352.3832312418012
689.349749132663,1160.1968511447913,1352.0804090504612
689.9882663682671,1159.8964356829972,1351.8157483345879
690.5829766668263,1159.5583261393938,1351.5927602455467
691.130735229472,1159.1729738222516,1351.4123152761604
691.625125760781,1158.7405190789807,1351.2783684706658
692.0657558784792,1158.282023813922,1351.2008240959817
692.4550389532269,1157.8362158752188,1351.191858927822
692.7904149742392,1157.443957545184,1351.2575001727225
693.0651388373991,1157.1366803246854,1351.3949614538187
693.2724861401058,1156.934332014334,1351.5968870463935
693.407148668384,1156.8447784352413,1351.85429445549
693.465970146931,1156.8649599622363,1352.1577205777971
693.4473920179257,1156.9862917237265,1352.4977253304107
693.3466995377721,1157.1975242778822,1352.8596254108631
693.151389203178,1157.4842646135342,1353.216894016864
692.8445800658102,1157.832146078466,1353.5363043584591
692.4153209523452,1158.2310157015681,1353.792088774118
691.8631394025342,1158.6733130513203,1353.9730818319292
691.1905263999748,1159.150383546029,1354.0794542620238
690.3954010040695,1159.6569138805435,1354.124325851862
689.4731991966011,1160.1983528262153,1354.1383340747345
688.4229690234262,1160.7828376832001,1354.152886787288
687.2511118508172,1161.4085806179974,1354.180258820067
685.9705907168485,1162.0720080166338,1354.2268465554023
684.5987229558323,1162.780334498278,1354.3083110189607
683.1572518443057,1163.542687517925,1354.4272137957523
681.6710884353685,1164.3573386619432,1354.549312840944
680.1662771358892,1165.2188420772948,1354.6184668643239
678.6682444690595,1166.1301128000746,1354.5857422356528
677.19476569769,1167.0978907569736,1354.4265624812624
675.7473364278035,1168.1151118556388,1354.1580527281926
674.3117163101442,1169.1564254782259,1353.8536955239176
672.8727788961598,1170.2009263770672,1353.6256342710908
671.4398980553487,1171.2423332983321,1353.575087896629
670.0605960947114,1172.2658519963895,1353.744612312362
668.8001414946494,1173.2323895110605,1354.1020408400307
667.7005826863589,1174.0935218354848,1354.5622974964526
666.7524748918485,1174.8231854404885,1355.0218109602204
665.9031636951605,1175.4378165076723,1355.3869047467672
665.0968274004598,1175.988679081088,1355.5980619514378
664.3050316532473,1176.5342298845749,1355.639726964118
663.5224964071875,1177.1086711746339,1355.5274374929672
662.7474447932912,1177.7103575584724,1355.2889597660092
661.9716835043163,1178.31971520008,1354.9558290187026
661.1859547223082,1178.9262721554278,1354.563458238465
660.3897200145329,1179.5393880228014,1354.1529655817649
659.5940691907541,1180.1747830087295,1353.768413479083
658.8182530068603,1180.831940750696,1353.4486749093185
658.0853550918815,1181.4856603909416,1353.2216105099812
657.4176588730182,1182.0985322346728,1353.1030752360905
656.8309336342307,1182.640121746974,1353.0969623762933
656.3318688627571,1183.0955747702087,1353.195069500195
655.9238958946577,1183.4627605367964,1353.3781812528264
655.6125399562744,1183.7476074030367,1353.618740695205
655.3982610236786,1183.9613168669978,1353.8847013928591
655.2691900932842,1184.1188826946197,1354.1450195068664
655.2075839549434,1184.2369572828184,1354.3739756803168
655.2008991120865,1184.3295850530585,1354.5513412291334
655.246070316815,1184.4054484541252,1354.6614878682471
655.3473543282771,1184.4697512488954,1354.694965626852
655.513647443126,1184.527250433707,1354.6505749492583
655.7571131649969,1184.5821703674246,1354.5336756693332
656.0890256074177,1184.6364718182313,1354.3521253043439
656.5146807193539,1184.6882945405312,1354.1134221284874
657.0365999332516,1184.7305052889506,1353.8240476800934
657.6603657338808,1184.7508460285599,1353.4920543904511
658.390100873851,1184.7334726945808,1353.130609662063
659.2224152456015,1184.6625283212572,1352.7616136740212
660.149060842839,1184.5303154384758,1352.4196478109295
661.1621205681063,1184.3444980834763,1352.1454401935525
662.256618881256,1184.1257347781475,1351.9639734442294
663.4306177250478,1183.8997682178917,1351.8668812450787
664.6839609031163,1183.6909190683962,1351.815281169614
666.0113838326909,1183.515501819883,1351.7578456777092
667.3909673572826,1183.3778142966287,1351.656683202588
668.7849537290747,1183.2730054214176,1351.5126790351705
670.1551642538066,1183.1921982223892,1351.3765215772398
671.4763445504566,1183.124785004338,1351.3321334263674
672.7439089032939,1183.0580094008324,1351.4494721137114
673.9761356745557,1182.9780674681358,1351.7365938446985
675.2023192465205,1182.8772457083908,1352.1322774361333
676.4458886527768,1182.76163874014,1352.5345781394274
677.7175707444466,1182.647375037375,1352.8327045995793
679.0105055332286,1182.545376504077,1352.9346591775684
680.2965185350818,1182.4467008891434,1352.7916755288184
681.5366526082412,1182.318976909632,1352.4071566898506
682.6957387752459,1182.1195446665429,1351.8270848025816
683.7497134785402,1181.8183964909686,1351.1216616185602
684.6923356487403,1181.412033240385,1350.3654899395613
685.5355715005288,1180.9190790916664,1349.6230932708368
686.2976808304915,1180.364655700487,1348.9432919876606
686.9902038978344,1179.7657937629513,1348.359345540677
687.6138106583627,1179.1276688321025,1347.8957319154958
688.1671940601989,1178.452358459528,1347.57439429116
688.6583571781068,1177.7607067466306,1347.4034765598904
689.0986990782224,1177.1067778780607,1347.3659444510513
689.4918645726366,1176.5452718702788,1347.4396855295395
689.8405774117398,1176.090284556437,1347.6205115051375
690.1551358936713,1175.738528770882,1347.9075354455672
690.4451575160291,1175.5150387799195,1348.2811421080173
690.710124303495,1175.4621111541956,1348.7091197061322
690.9402799021735,1175.5913743580952,1349.1580462383267
691.122487269246,1175.863906324136,1349.5972860216273
691.2461253256135,1176.2112309247905,1350.0096136591071
691.3040348159984,1176.5725828528734,1350.3895528510932
691.2895069302375,1176.9242500266241,1350.7244413184417
691.1971725462997,1177.2787683947208,1350.9923907574992
691.0243748128581,1177.6599471814009,1351.1766703582011
690.7666764401282,1178.0819763531133,1351.2716964964186
690.4149027812483,1178.5455421700851,1351.279409897071
689.9579336181359,1179.0466183947403,1351.204765665017
689.3845172496291,1179.5849981663698,1351.0548845928283
688.6841334762944,1180.165860139165,1350.8445310599827
687.852809162604,1180.8020455565043,1350.6063808134027
686.8988470936497,1181.5157168295289,1350.3923333603964
685.8405820353228,1182.3250834050148,1350.250253549404
684.7018284438549,1183.2266706614441,1350.196897360661
683.5105037943388,1184.1976273295124,1350.2199006607593
682.2965780702261,1185.2107809253741,1350.294814816396
681.0876929961291,1186.245087709222,1350.3940197700156
679.903434492214,1187.2910190326556,1350.4942151948806
678.7491530045812,1188.3511479301876,1350.5882082620737
677.613407327467,1189.4341244215188,1350.6947076380009
676.4777398836965,1190.5441653078333,1350.857542107001
675.3396477907527,1191.6719581199714,1351.1288095252496
674.2260806577885,1192.7948723545057,1351.540980546564
673.1754757403777,1193.8869844243463,1352.0822874017208
672.2058522176872,1194.9298515221126,1352.6896783027319
671.3048834416325,1195.9189266788185,1353.2658940888407
670.4455976542268,1196.868039409802,1353.7157328932765
669.6070857050282,1197.8069001649503,1353.9820429854085
668.783850211644,1198.7600913162778,1354.0564390673628
667.9769460691044,1199.72099630174,1353.9635991378645
667.1817419875106,1200.6540302228805,1353.74241598434
666.3910046599212,1201.524818503668,1353.436935846361
665.6069034135036,1202.3234478532381,1353.0939238809915
664.8453455925383,1203.0602539507934,1352.7604398260582
664.1287545610729,1203.745468016229,1352.4782303446436
663.4773651433906,1204.3756994433943,1352.2802458609658
662.9075456808501,1204.935418265553,1352.190562520735
662.4334994155303,1205.4051601794038,1352.2223816433684
662.0636503277921,1205.7686992577865,1352.3758206087227
661.7957969475117,1206.018133704927,1352.6370953168998
661.6212496473064,1206.1572638715509,1352.9769158036977
661.5316320071504,1206.2022259606908,1353.3531949410076
661.519977539265,1206.1782594276053,1353.7218106467633
661.5801929049185,1206.1131092906169,1354.0473261848044
661.7076849966768,1206.028935915162,1354.304377663646
661.9004419427224,1205.934761194296,1354.4715193219101
662.1610283743823,1205.8242976670626,1354.5283834093507
662.4976574180062,1205.6830104119579,1354.461603854352
662.9215984352362,1205.4977094192218,1354.2724312825342
663.4426257596908,1205.257452343003,1353.975454796268
664.0685658605586,1204.9464062297388,1353.58966774858
664.8081900041155,1204.5399826027094,1353.1356865946682
665.6674939251474,1204.0099260491613,1352.6416775859575
666.639967288195,1203.3372686909981,1352.1428621810126
667.7037008483172,1202.530237909889,1351.6653445299335
668.8256902348251,1201.6363313146012,1351.2064956373747
959.2822038049892,567.9759569976268,1338.0405605294816
959.2042496562965,568.0939899244771,1338.0725755577469
959.129764099193,568.2052043299645,1338.1047502505328
959.061800709081,568.3073375302373,1338.1370060491133
959.0018932361716,568.4009060360722,1338.1683164740216
958.9514738997128,568.4877098271697,1338.197063375599
958.9130106768883,568.5702779174723,1338.222047540762
958.8879551423989,568.6517953928247,1338.2433369809467
958.8752608583893,568.7368046084033,1338.2628649779417
958.8708108704941,568.8298538507811,1338.284685983065
958.8678865550178,568.9327677787944,1338.3130455094797
958.8614472391091,569.046483291087,1338.3497250172134
958.8511349783984,569.1739420392469,1338.3938713765629
958.8373404236632,569.3152195807083,1338.4425346403184
958.8169182224638,569.4625602699307,1338.4915066230506
958.7850054552925,569.6074364132974,1338.5383242804269
958.7397342755005,569.7498747403756,1338.5844866701984
958.6856226101858,569.8957465106687,1338.633265583905
958.6321888373122,570.0491622739243,1338.685255123452
958.585814121707,570.2098753115883,1338.7367713815156
958.5446472210717,570.3741554872056,1338.782043689168
958.5057378453355,570.5381040494524,1338.8156671316988
958.4729969122933,570.700754468225,1338.8348407469575
958.4538908890697,570.8639684599706,1338.84262238046
958.4532033303594,571.0315434966197,1338.8482794449762
958.4733644858292,571.2099564926361,1338.8619182690416
958.5164188630636,571.4099164769566,1338.8872961847624
958.5832974745957,571.645735412968,1338.9165786518633
958.674392739319,571.9337443162661,1338.929444115826
958.7911267610104,572.2878570258565,1338.9025248739958
958.9309519134199,572.6938994603606,1338.8377472359289
959.0802183326523,573.0791285946939,1338.7897245204717
959.2250480923321,573.3619591194438,1338.8280399408561
959.3727187724571,573.556554810089,1338.9536901609104
959.5427766711423,573.7437935675438,1339.1102430858903
959.738877202544,573.9409158512306,1339.2763824608387
959.9559374276652,574.1159760940977,1339.4674157161605
960.2034536381253,574.2857406142633,1339.6734177991211
960.4978966212669,574.4928095470384,1339.8673235654242
960.847478565594,574.7437988480059,1340.0394670889355
961.2538537437335,575.0183292552789,1340.1951616510275
961.7159850535126,575.296512226575,1340.3434974278591
962.2310116045417,575.5649930610072,1340.4913738788673
962.7977234895516,575.8123791309082,1340.6408019932019
963.4188624459528,576.0259495342927,1340.7922862281014
964.0970809434524,576.1928663259977,1340.9470388209945
964.8317541662868,576.3048316575398,1341.103774488029
965.6253388061659,576.3650068380241,1341.2578175087697
966.4869870108092,576.3875775743328,1341.4058132000027
967.4207785718729,576.3831223469097,1341.5483360681865
968.4190920674235,576.350207209086,1341.689914103122
969.4749091606287,576.2866310259207,1341.839864619458
970.5877512632698,576.197641499917,1342.0103570194433
971.7523900071016,576.0916311572626,1342.2127392874092
972.9562581021067,575.9838917268206,1342.4532218494357
974.1947863075707,575.9142661280148,1342.7186556110566
975.4745246565029,575.944164338565,1342.9674784439394
976.7933719807104,576.1096575298873,1343.1611178443627
978.1349550180821,576.3917791027822,1343.3030578515304
979.4876882599549,576.7531684038969,1343.4305658125504
980.8531485311269,577.1795342463034,1343.5870677558862
982.2346907663256,577.6803085869557,1343.80778928734
983.6247903803692,578.270746760926,1344.1067151730128
985.0005366122632,578.9488698345144,1344.467027308289
986.3318305013969,579.6828055873957,1344.848586845206
987.5958042632961,580.4263465727655,1345.2096991866529
988.7829222914653,581.1494880578241,1345.5238011467864
989.897177180533,581.8654009207733,1345.7703042782382
990.9498359162494,582.6251610519581,1345.922363960368
991.9382465620153,583.4513542373614,1345.9747831248437
992.8381712097319,584.2928912915684,1345.9646083033529
993.6245484410458,585.0827447053681,1345.9334754885958
994.2841197137367,585.7993589951074,1345.9019407490457
994.8117742473643,586.4501102833484,1345.892453489508
995.2070065301054,587.0381344179086,1345.9415610577648
995.4745632947062,587.5710120489362,1346.0712802872836
995.6328451218965,588.0974621187119,1346.254039632493
995.7143280763137,588.7037777118935,1346.424371946561
995.7437504451934,589.4446966875969,1346.538097110912
995.7159017138534,590.2868722679965,1346.6167887404072
995.6030855791307,591.1427850012385,1346.7228921011906
995.3860114604009,591.952380800563,1346.8921380073398
995.0680227881353,592.7075791858177,1347.106642109304
994.659815971828,593.4175562916698,1347.3238016056139
994.1602179045062,594.0793428692256,1347.5127738640324
993.5525393451081,594.6724666255416,1347.6693951346767
992.8203225948141,595.174884861909,1347.7962847559734
991.9683049105512,595.5932961841421,1347.867537376886
991.0206592166579,595.9738300575701,1347.8295163512041
989.9922065657689,596.359827755045,1347.6495386483857
988.8669747132337,596.7456488202407,1347.3510404651684
987.6102716427635,597.0963989268898,1346.9857462656178
986.1983000133928,597.3949892117482,1346.5908368897738
984.6325560638098,597.6483320300416,1346.195414839322
982.9277360647382,597.8615499752289,1345.8508252699269
981.0996865229143,598.034339367447,1345.6188614997104
979.1705086506587,598.1961392455687,1345.5187739211792
977.1689787762677,598.4216922892596,1345.5002562964426
975.1129314196339,598.7660257119027,1345.489110385
972.9973159870666,599.1877261836061,1345.452305150084
970.822195233061,599.6000563659522,1345.3860900429838
968.6314079522438,599.9838864922673,1345.281259239852
966.4950581302688,600.3761677164878,1345.1805281079653
964.4613375036909,600.7885110216749,1345.231355100703
962.5451478435402,601.2062856179383,1345.5997833890517
960.7395418762045,601.6211016616929,1346.3407263740235
959.0194952646192,602.0297107105341,1347.358996301992
957.3499250724411,602.4301209381964,1348.4668124509708
955.7060536894093,602.8255957595949,1349.485095832482
954.0989966699325,603.2368440725605,1350.3050117512012
952.5721427967621,603.6899766792666,1350.8863274700016
951.1558357747522,604.1702637566036,1351.2385078672266
949.8393182609352,604.6245673402776,1351.3933829873401
948.5878438698453,605.0082110391412,1351.3853269526046
947.3699452558882,605.3081242046236,1351.2521620971263
946.169022053911,605.5398730554871,1351.0383837200686
944.9827065858306,605.726676437638,1350.8010718317687
943.822904222135,605.88470573378,1350.6079487792647
942.7159104064979,606.0434907506122,1350.5096142950417
941.6922423271471,606.2565264383543,1350.517972369069
940.7700495749189,606.5509436007811,1350.6311802254406
939.9572324471035,606.8990607040341,1350.8563692887033
939.2640078142296,607.2687712256994,1351.1912975967232
938.6930128121553,607.6435343421067,1351.6240071730297
938.2309976318238,607.9925082235872,1352.1498890614444
937.8654246482404,608.2798204021951,1352.758320608278
937.5941217477005,608.5001146650822,1353.4111257385482
937.4146285513743,608.6862104262617,1354.0456363676205
937.3158917464392,608.8801284569934,1354.5997656670982
937.2890224517662,609.1023675569818,1355.029354899041
937.3464678402877,609.3711001076847,1355.2965064356363
937.5151848750659,609.7319934374618,1355.3635503658913
937.7988089145051,610.2027823274117,1355.2333635980892
938.160227109908,610.6978971468482,1354.9842928141452
938.5536610278084,611.0825647107521,1354.7229314318854
938.9650666606618,611.2929859730953,1354.5050435660887
939.4150112642945,611.3589071007959,1354.3194549973025
939.9335680654776,611.3488931138947,1354.1191444806013
940.5447200445217,611.332848764351,1353.8533263202255
941.2627966745197,611.3486740349944,1353.5084241398029
942.092459608719,611.3816280395679,1353.1236416600962
943.0380726379499,611.4015338077643,1352.7506117175449
944.103863924977,611.3936129507358,1352.4274554194942
945.2826947034857,611.3498812825284,1352.1833378855024
946.5649396811027,611.2844822177495,1352.016566801364
947.956408708376,611.2483448618384,1351.8864328066713
949.4670031912776,611.279929709869,1351.777088509702
951.0839654780589,611.3589797547663,1351.75083543529
952.7663184916382,611.4386009213339,1351.8999405784314
954.4573808075065,611.493916138094,1352.2532550377564
956.1036366091341,611.5294097361331,1352.7320513946945
957.6791371320664,611.5694382036924,1353.1857680976723
959.1983212449481,611.6507933261669,1353.4788730332377
960.7020438744617,611.8125246432112,1353.5627572874175
962.2263040787473,612.0689263669474,1353.4914526949858
963.7792564447553,612.3932210411771,1353.3703566124816
965.3457198829071,612.7517346338078,1353.272569844668
966.9059507920452,613.1332596229021,1353.207696264969
968.4461065822436,613.5360372338721,1353.1498610922936
969.9567428464206,613.9553793663304,1353.0653362365542
971.4267577713249,614.3797025100592,1352.9291604210143
972.844558648232,614.7892561207558,1352.7363488951157
974.2047370413561,615.1672569309261,1352.5005384645378
975.5047592890343,615.5078333392344,1352.2416092522715
976.7391225607307,615.8179680300578,1351.9674741941465
977.9054233770116,616.1190233619368,1351.6688173118202
979.0039956021403,616.423143349942,1351.3439925072216
980.0282437589537,616.7106123719062,1351.019531774211
980.9670232834548,616.9529111032465,1350.7333631065972
981.8105236046893,617.1395234776655,1350.509381261734
982.5527371391091,617.2823077163068,1350.3477981549745
983.1946540485447,617.4145475093411,1350.2336205062006
983.7377904168966,617.5728009823414,1350.1568909577534
984.1765103448279,617.7738000326854,1350.1161630848007
984.5035996091821,618.0164436148615,1350.1051611876626
984.7176651473081,618.2963486588542,1350.1104271415202
984.8235432986683,618.6094358314767,1350.1202440572652
984.8255874988216,618.9452262554456,1350.13409413343
984.7176552271234,619.2840673683808,1350.164987728352
984.4916670060634,619.6220104103503,1350.2145472109842
984.1577977370328,620.0018041197527,1350.244253232925
983.7323975185161,620.4732129254918,1350.2071820849865
983.2109838249264,621.026055598413,1350.0987027080664
982.5749274055331,621.6099050352836,1349.9404354924952
981.8108347268802,622.190864709263,1349.7425539850365
980.9130324284333,622.7565332345442,1349.5041253213299
979.8793763978138,623.2946324739834,1349.2253250109786
978.7079525916145,623.7906503209373,1348.9110475199443
977.4015119688981,624.2569065952223,1348.566165819533
975.9767566936263,624.7472965035354,1348.1955977091466
974.4546275370126,625.297646450482,1347.832502868183
972.8414621571521,625.8732554922864,1347.5455571474124
971.1330213216715,626.4214302660448,1347.3803099608554
969.3313467182666,626.9345346217978,1347.3161839878983
967.4538867106869,627.4360314498848,1347.2926855146502
965.5310149826978,627.9438999760341,1347.2508360410272
963.5896748349907,628.4483728357925,1347.1586601420101
961.6396738150763,628.8951262221924,1347.0327686164328
959.6837431020479,629.1956976355727,1346.9491994502694
957.7465846953037,629.3147985541451,1347.0103919882472
955.8907949141915,629.3793855168899,1347.2748609984526
954.1789676621456,629.6077885541592,1347.726001863869
952.614162310552,630.0908006289134,1348.3014725437968
951.1459123399294,630.7384366019307,1348.9210977664563
949.7298685145446,631.4224544289706,1349.504734659744
948.3600491001146,632.0754578309708,1350.0011469646001
947.0535216965378,632.6773958155279,1350.4054489741359
945.8206598079944,633.2191390314114,1350.7436916321024
944.6547520245122,633.69805560511,1351.0384926130878
943.5439038650431,634.1240796506272,1351.294513344228
942.4834780489977,634.5141078783598,1351.5102601003657
941.4759347339432,634.8835715513343,1351.6862072403073
940.5226891496413,635.240684819023,1351.8235337338601
939.6201631816521,635.5873110189078,1351.9254867392497
938.7651873868106,635.9250866351949,1352.0003800741952
937.9610750980739,636.2563242707536,1352.0613943010517
937.2182200509183,636.5832082543741,1352.1240878498143
936.5515028813982,636.9132598048296,1352.2041096982712
935.9791601689498,637.2677769729806,1352.3098737899431
935.5225208422238,637.680480681775,1352.4347821449683
935.1954411672406,638.1736158496992,1352.5726509158696
934.9945741960937,638.738069021008,1352.7379780713331
934.9110052768824,639.3480062144803,1352.9522108597498
934.9460037369722,639.9819523525945,1353.2203112551413
935.110577044323,640.6285949608141,1353.527463240171
935.415530582091,641.2924542615427,1353.842755893929
935.8648829096679,641.9935295600337,1354.1258118296753
936.4571710184539,642.7507443657223,1354.3431685847527
937.187529270505,643.5629725216947,1354.4855053138333
938.046864875326,644.4012623695688,1354.5707321507498
939.0243191963625,645.2214517552346,1354.6253552152716
940.1123759004063,645.9900106446512,1354.6584025058853
941.3099915781144,646.6970843544885,1354.6548441869058
942.6247359665746,647.3520733832577,1354.5853400648168
944.0701247633024,647.9731344257491,1354.419997003723
945.6527682156296,648.5720370559932,1354.1556421321905
947.3620828229422,649.1472397955876,1353.831711555141
949.1762385581885,649.690806131844,1353.5048095292227
951.0720230090143,650.1847852254389,1353.219670717683
953.0281661608013,650.5978404988194,1353.0043673675254
955.0326018022029,650.9124442511021,1352.866731768731
957.0894235920048,651.1476069312753,1352.7956625037443
959.2086825677869,651.3481814513872,1352.7920583043137
961.3943373122835,651.5907443322661,1352.8969366525762
963.651409040083,652.0186407606934,1353.1706158807283
965.995308975493,652.8247996394208,1353.6371851472331
968.4243924122012,654.089176664711,1354.2491335172774
970.8723666593116,655.5866922839364,1354.9202282360943
973.2418124659524,656.9205069426862,1355.5804081047986
975.5023741413565,657.8910867670388,1356.1809572922875
977.7037818383228,658.5776496674205,1356.6771921076597
979.9078901789467,659.1414011795677,1357.0195672341179
982.1463681152557,659.7008315152661,1357.1550080437123
984.4134395050794,660.3077270856004,1357.0506885024276
986.6717784557111,660.9459493585983,1356.7208574519295
988.8726191453339,661.5574814748571,1356.2239433798195
990.9757504235608,662.0735441537154,1355.635489847165
992.9532340430753,662.4284646321202,1355.0261531765373
994.7858691490525,662.5750877066557,1354.4531911938795
996.465537911037,662.5083552009612,1353.9485017032948
997.9985567420673,662.2759001007356,1353.5075983336037
999.4017223746642,661.9470117277735,1353.1115408358726
1000.6928227656495,661.5649026149968,1352.7589566396791
1001.8844039147531,661.1558720737879,1352.4545498866967
1002.98525145219,660.7621202470065,1352.192045410215
1004.0032194523537,660.4211871558061,1351.973076672218
1004.9456297477088,660.1475986184663,1351.80638091703
1005.8192408602029,659.9546090543364,1351.6816282033928
1006.6248817698786,659.8440579054245,1351.58482711921
1007.3505009388612,659.7799014784548,1351.5239457075768
1007.9801402491689,659.7226420427754,1351.500393531281
1008.505719671439,659.6638271909386,1351.489785255322
1008.9200676483005,659.5920535944446,1351.479523934083
1009.2138729007276,659.4776008732306,1351.4788427828842
1009.3867406721085,659.3179462529558,1351.4772109597075
1009.4462640289839,659.1487499099683,1351.4380427945546
1009.3944832060118,659.0002801359415,1351.3366257865778
1009.2241110767225,658.877311212105,1351.174067291321
1008.9275712266816,658.7739569367204,1350.9603739116092
1008.5034625877937,658.6853986114684,1350.7012492847919
1007.9519059459145,658.609620382578,1350.3964761325965
1007.2664469226941,658.5391083982909,1350.0479566479016
1006.4344418206703,658.453797792434,1349.6708472387702
1005.4450859132157,658.3350319790694,1349.289786337281
1004.2942755484038,658.1746459398277,1348.927162539595
1002.986027657488,657.9605681338927,1348.6004224743872
1001.5324726944588,657.6680324680846,1348.3288572330387
999.9541980308443,657.2938097385636,1348.1399995029506
998.2812814707696,656.8955580158063,1348.053626450921
996.5429296213437,656.544303662492,1348.0580922217548
994.7637147140847,656.2869579748137,1348.1118473908616
992.9666321384981,656.1579635281165,1348.178748575941
991.1571946904702,656.1169130596196,1348.280098138242
989.332444032515,656.0770839986396,1348.4915977415137
987.5089590144805,656.0417041583305,1348.872906098089
985.7076743910234,656.0744194604332,1349.4126405178945
983.9309664765051,656.1936283771633,1350.0256903205157
982.1714810193855,656.369478973996,1350.5964348955413
980.4299780325425,656.5624265735975,1351.0405099555305
978.7219329385356,656.7416313541138,1351.3356247103977
977.0708672534909,656.8826509731886,1351.5059289121768
975.5021145944662,656.9711242084393,1351.5813325331103
974.0392359840071,657.0096030856917,1351.574288225014
972.6917355400788,656.997942264678,1351.4980296703814
971.4444342552042,656.9164221527008,1351.3855712208606
970.2698558822285,656.7453431834015,1351.2724642075564
969.1540129131611,656.4897595645621,1351.1756308536235
968.1061888650056,656.182987791055,1351.096423290078
967.1472782234706,655.8744220274106,1351.0339490225062
966.2928526780511,655.6022735374817,1351.0005123353178
965.5486042687302,655.3779210429243,1351.0235213916503
964.9160864879872,655.2055710756913,1351.1242943612224
964.393577631836,655.0988106324178,1351.3046916042329
963.9770433493778,655.0687243303199,1351.5542451225679
963.6671954093929,655.1139688275268,1351.8563833309568
963.4750080233714,655.2342921696197,1352.1836586896945
963.4181985682967,655.446696038834,1352.4929147789967
963.5043805826695,655.7691735551041,1352.742566481549
963.7185467538912,656.1859887537282,1352.9244113092288
964.0379545221222,656.6489945621212,1353.063071459349
964.4573404240945,657.119275108628,1353.1734851712679
964.9939268898611,657.5986077849263,1353.2302938639707
965.6687939830628,658.1116357210196,1353.1919238482965
966.4839261868142,658.6591901031567,1353.048869776084
967.4265044890077,659.2079370568962,1352.8315578956906
968.4961594926332,659.7267049872353,1352.5796466044173
969.7087860625905,660.214070906384,1352.3250493068062
971.0691138686825,660.6873219494775,1352.0967615354712
972.5490471106216,661.1543158682128,1351.9227342293798
974.0950241047882,661.6079556283296,1351.8194801776492
975.6564161258015,662.0463687007756,1351.7775244448653
977.2066990250394,662.4779978218344,1351.7607976684644
978.741830068689,662.9089946919245,1351.7289679344976
980.2730718676526,663.3555973052415,1351.6678262665523
981.8251220841003,663.8644942189699,1351.609548088485
983.4331864224563,664.511852447701,1351.6224991917595
985.1367763168381,665.4163499739369,1351.7657637585878
986.9412271220599,666.6666256141328,1352.0679843804082
988.7640768501523,668.1204931930938,1352.5424469883192
990.4791657904245,669.4391387957774,1353.1637715909321
992.0319909462607,670.4147172040849,1353.8418238873392
993.4619620684942,671.1003118766539,1354.463912260105
994.8387240002918,671.6567530315982,1354.940025277466
996.2163102097144,672.2119163668208,1355.2081414013992
997.6125824081024,672.8126120754455,1355.2372846398569
999.0099547851495,673.4345146581793,1355.0312532705534
1000.379841219422,674.0200010192965,1354.62481545899
1001.6965655622188,674.5035137473233,1354.082450484252
1002.9336527884178,674.8297076215832,1353.4890082030838
1004.0684668888148,674.9902311325935,1352.9125268052192
1005.0885182193708,675.0358618453258,1352.3744710561978
1005.9857845845456,675.0178083184863,1351.8778826412076
1006.75574742544,674.9435097245911,1351.443956737426
1007.4039653594983,674.8118863104404,1351.0967328294482
1007.9455044300387,674.6456283916747,1350.8397423846448
1008.393686257134,674.4644094437797,1350.6676247421922
1008.745401075267,674.2527292767894,1350.589448925855
1008.9847833221089,673.9825567882856,1350.6278261808097
1009.1097783844951,673.6671440557074,1350.7869007679574
1009.1456438710939,673.3706833194544,1351.0246850084873
1009.1269934813565,673.1634948992273,1351.269277190038
1009.0717945175652,673.0814589772806,1351.4628929583698
1008.969343664496,673.1144370853655,1351.5858843547353
1008.7882775271262,673.2082978423709,1351.6505552455938
1008.5002556149653,673.2942152127024,1351.675445994694
1008.0965065620298,673.3374969584801,1351.6600259118518
1007.5789585582453,673.3474565430395,1351.5887858367737
1006.9462826102271,673.3503409232796,1351.4420361698305
1006.1958304240203,673.3677861553834,1351.1950964373789
1005.3241716420337,673.3965969224714,1350.838191859041
1004.3154549873914,673.3960877892704,1350.397697866299
1003.1444001911926,673.327143813344,1349.9102863072794
1001.8031812606378,673.2131196768129,1349.3880309019748
1000.3108399393498,673.111996913015,1348.843093689073
998.6919145973666,673.0376473150613,1348.3245600930445
996.9676623320543,672.9727774599927,1347.8835674618038
995.1647181480798,672.924751742041,1347.5220059081132
993.3091562883242,672.9146319513047,1347.2055150661379
991.415599476136,672.9408244997007,1346.904612171044
989.4922334599484,672.9794076831854,1346.6049236469378
987.5472418284004,672.9998568731521,1346.2996134511977
985.5830868311286,672.9581082082836,1346.0072116617869
983.5972201595536,672.7922192574007,1345.7969826584854
981.6050433811462,672.4805886560032,1345.7641081416853
979.6619208505433,672.1297391711533,1345.9514315993335
977.8417709908424,671.9320736568545,1346.2985256702832
976.1792356540269,671.980691410406,1346.6934660361978
974.6474820833758,672.1866951539431,1347.0650887452525
973.1981693795847,672.393655991027,1347.4018708795084
971.8050450072856,672.5080559257374,1347.7068786055324
970.4700371836957,672.5267060115177,1347.9626001636418
969.2041796930828,672.4914264027011,1348.1323818288006
968.0076055860256,672.4274080137391,1348.192054915909
966.8678312554221,672.3240690213469,1348.15381518823
965.773144429877,672.1682583478976,1348.0479894540958
964.720201546638,671.9688763397405,1347.8992186707799
963.7105725594365,671.7499032926684,1347.7308279423285
962.7455514069454,671.5361830868719,1347.5716905790825
961.8313497216361,671.3464970327216,1347.4455876411203
960.9877816257327,671.1960707905606,1347.3633453338198
960.2384256839783,671.0944045601716,1347.336779697535
959.5973504488315,671.0524196403728,1347.3783273883862
959.0751885027811,671.1035139416033,1347.4752164498173
958.684244043387,671.2792864897131,1347.6058942044617
958.4295177300427,671.5657507374549,1347.7807650531956
958.3036039216214,671.9198108332605,1348.025917925573
958.2940498254599,672.3068405703833,1348.3450164401843
958.39743325654,672.7167610391538,1348.7111640707542
958.6276530879952,673.1752649779379,1349.0708113635305
959.0039986679984,673.7263954828231,1349.3619721232474
959.5298366300419,674.3810110109252,1349.5519407188608
960.1895156131031,675.097267287665,1349.655534848072
960.9651296980489,675.8190672193352,1349.7095252335666
961.8498553455772,676.5115279257107,1349.7378027086268
962.8483987004751,677.165738161368,1349.7360740131835
963.9758876771094,677.8006571086443,1349.6725006889428
965.2502493615231,678.4448757220046,1349.524243960357
966.6689621607636,679.0954493021402,1349.3283607564322
968.2034279672528,679.723411689301,1349.1586148992737
969.823472815903,680.3211389874564,1349.0498250663322
971.5068379414637,680.9015927441815,1348.9887647395497
973.2349846721863,681.4691887918116,1348.956406730358
975.0026678631033,682.0359289369551,1348.934491776793
976.814672879291,682.6293174102889,1348.9131561073013
978.6692901341426,683.2527542016563,1348.9312689141668
980.558962201082,683.8766747115035,1349.0744877744494
982.4749788554795,684.4815435535317,1349.4083340788065
984.4028226950538,685.0836080385358,1349.9238249126158
986.3234059744975,685.7230982312468,1350.5468689601923
988.227603129998,686.463246659091,1351.1751941431253
990.1292957226501,687.3997437427026,1351.7006384730118
992.0518036675411,688.5931390267253,1352.0355705348293
993.9918721287127,689.9438713123018,1352.1521777345974
995.9099598075474,691.2172083817767,1352.085304871782
997.7641340329824,692.2404206150196,1351.8819798549216
999.5358427842735,693.0019244181066,1351.5623029653566
1001.2203493470961,693.5720616572132,1351.1334307239485
1002.8141288494702,694.0197601459163,1350.6143874889112
1004.3117322749129,694.3863007847576,1350.0415619640112
1005.6987100989264,694.6724850920674,1349.4698155856984
1006.9554954153932,694.8569429201078,1348.958058830971
1008.0762600832431,694.942463010263,1348.541597479738
1009.06891808162,694.9607798368017,1348.2299484271634
1009.9385622078433,694.939207337857,1348.023669468471
1010.683633197452,694.887730859564,1347.9229399229962
1011.3037288674631,694.8129609338072,1347.921059983206
1011.8086183835081,694.7331097537331,1347.9921318759168
1012.2144799550241,694.6688205867794,1348.103644268655
1012.5282697244093,694.6246154832759,1348.2377318676993
1012.747756196294,694.5907019529179,1348.380156108917
1012.8732719003843,694.5547367310352,1348.5048146460913
1012.9083676836324,694.512298553314,1348.5838105766713
1012.8549241818354,694.4723100551496,1348.6006323001268
1012.7126906753188,694.4487059776374,1348.5497538422835
1012.4802315127968,694.4432688563948,1348.4325741789332
1012.1516820340723,694.4303895804359,1348.2586956091184
1011.7069335089585,694.3501977591573,1348.0474338798615
1011.1072083882442,694.1191100153035,1347.820194063253
1010.3216476084591,693.6986424409208,1347.5831239492263
1009.3684136452572,693.1951248212242,1347.3193709082088
1008.302287945454,692.8107019461587,1347.012296097669
1007.1538447983625,692.6537428321145,1346.6733636451859
1005.9064152508356,692.6581614449856,1346.3311266394753
1004.5313425796614,692.6755182696588,1345.9983477668202
1003.0285865777319,692.6217554432534,1345.6688114699032
1001.4272921698787,692.5299264122766,1345.3424302693659
999.7529436760974,692.4577410176578,1345.0296307012743
998.0096417845781,692.407123793331,1344.7380543889524
996.1964953791828,692.3549289701452,1344.471807555582
994.3282925426411,692.3083035831338,1344.2354171651082
992.4316126472856,692.3020080994598,1344.0451269127052
990.5299929381077,692.3639989622382,1343.9381323065284
988.637981014954,692.4932568793748,1343.9566854637394
986.7601575122691,692.6521615530121,1344.1144150479706
984.8967423149745,692.7886314299549,1344.3660699358993
983.0536743882577,692.8792933767375,1344.6144551407745
981.2478285920238,692.9451124678262,1344.7616953652416
979.5020757520407,693.0148467563981,1344.7684586416206
977.8323222676821,693.0811189646065,1344.6682806176152
976.2402947307183,693.109669538697,1344.519853236388
974.7194581459302,693.0827319517404,1344.357940474436
973.2664128238263,693.0180645061467,1344.1926730317778
971.8853640774597,692.9435176003091,1344.0455805991794
970.5871035372064,692.8722881281981,1343.9742053874006
969.3876973369488,692.8163197588674,1344.045044212606
968.3020057268043,692.7951662140304,1344.2903595348448
967.3376191494408,692.8186658787743,1344.6994366245503
966.4955133708701,692.8807533879366,1345.234178139734
965.7756502152018,692.9786208615454,1345.83981455193
965.1826630886111,693.1271933538095,1346.4544594317547
964.7195680317348,693.3401532639888,1347.0334767768518
964.3783829403194,693.6097348048274,1347.5622644701455
964.1468310728446,693.9216546062696,1348.0369524289101
964.021240613659,694.2775173050002,1348.4447034555565
964.0040376695534,694.685081231668,1348.7747819910612
964.0924287189796,695.1311708354011,1349.0391957763518
964.2871694710556,695.5969119444733,1349.2511003940592
964.6066055461035,696.0955143654356,1349.3903183171312
965.0735476712161,696.6605022711757,1349.4221591844407
965.6966199654731,697.3026837787116,1349.3392294593514
966.4676768760042,697.9870296995912,1349.1716002669584
967.3692060985661,698.6528635233548,1348.9610926262822
968.3899915322625,699.2620813235706,1348.7307283008663
969.5371794863779,699.8159517881345,1348.4837535977508
970.8277561391438,700.3308902347235,1348.2228645687687
972.2679794627021,700.8209670920015,1347.9620504711204
973.8440530178246,701.300794155356,1347.7237663652872
975.5263435630006,701.7857787550083,1347.527463883588
977.2744528931006,702.2857927227275,1347.3803230938959
979.0468279808927,702.8074325771012,1347.2748573447332
980.8164143355112,703.3555050186493,1347.1959178677564
982.5747371555605,703.9206721889487,1347.139929440023
984.3239260115258,704.4771153335253,1347.129981904978
986.0722990246804,705.0116214924703,1347.2057159438366
987.8387742930496,705.5822639656341,1347.3853580861123
989.6567778260372,706.3589734169841,1347.6282061308548
991.538167062915,707.4908592101988,1347.8645399352672
993.4123244480339,708.8501678697344,1348.0756622613037
995.1542860203527,710.0743553154853,1348.292915126606
996.6936607806841,710.9198501205226,1348.51901025415
998.0526225482756,711.4100839434705,1348.7081424829912
999.2926223602909,711.6830803075612,1348.8150354908157
1000.4640536064436,711.8482171870096,1348.8273566617518
1001.5905398835849,711.956088168896,1348.7592044890584
1002.6756502406748,712.0184346558565,1348.63655988887
1003.7143918032741,712.0303983579797,1348.4929908144245
1004.6984025538194,711.9905449927081,1348.358876551554
1005.6206788290315,711.9187676699166,1348.2458483986345
1006.4726240397474,711.8368534856386,1348.1656599429436
1007.2407239920005,711.7416112952432,1348.1506616632223
1007.9216551972629,711.6327563836454,1348.2187194592445
1008.5259701495331,711.5320482609499,1348.3485210129315
1009.0524703838495,711.4443833908981,1348.517188199326
1009.4795983636334,711.3467841710766,1348.722756895797
1009.7899990413807,711.2261426705452,1348.9590507506673
1009.9835391298507,711.083386057851,1349.2085291264336
1010.0654817698002,710.9062323822744,1349.4630897262984
1010.0414336304852,710.684080938457,1349.7185077532965
1009.9282378019707,710.4622013570563,1349.9392789501
1009.7508255251379,710.3387298823118,1350.0576876284815
1009.5164665410759,710.3725518436715,1350.0305477295512
1009.2050574058304,710.5175682944194,1349.8824518970816
1008.7879149938782,710.6681893575137,1349.6792839141551
1008.2458333893206,710.7518801580818,1349.4695739891604
1007.5745119676695,710.7740431800006,1349.2518639258942
1006.7784023382196,710.792402766243,1348.9839938358507
1005.8540806708444,710.8544268206853,1348.624448437697
1004.7868846493207,710.9621618967471,1348.1685987748183
1003.5658968048922,711.0806532174696,1347.6547255489152
1002.188985391309,711.1584803354801,1347.149911371684
1000.6599403418309,711.1649829555324,1346.7148264985424
998.9873159316261,711.1043045527186,1346.3777167693077
997.1767732468352,710.966559399922,1346.1535932197255
995.2417793514766,710.7411727692029,1346.0501081290033
993.2330072509977,710.5244251289671,1346.0333207195288
991.2199675309994,710.4809056910433,1346.0420485523741
989.2406759052549,710.6645865994898,1346.0469713609937
987.3018999484727,710.9985457644992,1346.0632720255212
985.4081272578478,711.395720452044,1346.1361486606784
983.5673003444704,711.8142884532374,1346.3384487286191
981.7846150095054,712.2389731709969,1346.7457459656246
980.0551080001331,712.6534180548967,1347.3788588453513
978.3559910584443,713.0316720274639,1348.1618199612703
976.6555709402834,713.3648207549904,1348.935005795802
974.941361813341,713.6981936933003,1349.513183862699
973.2319627079559,714.109376726188,1349.7613587332694
971.558998960606,714.6324337856756,1349.6505557730238
969.9537327857188,715.2336326208094,1349.2485331093842
968.447775920287,715.8596968524544,1348.6667175800571
967.0689088341354,716.4779912120915,1348.023303792258
965.8365571287292,717.0871726237058,1347.4251203137221
964.7621754663135,717.7156750472662,1346.9538759652132
963.8420877352517,718.3906480556712,1346.67131327432
963.051982742307,719.0995879170453,1346.6258929863461
962.359135480951,719.7981392601428,1346.8336584201375
961.7391289938855,720.452294491455,1347.2599087531598
961.1849066005564,721.065909939479,1347.8296112017276
960.7026579513898,721.6625470206016,1348.4644406647503
960.2966188363537,722.2475336285593,1349.1151306034062
959.9619803202444,722.8088679825167,1349.7525573500338
959.6871140047348,723.3357370316807,1350.349815657153
959.4605945207056,723.8175575105397,1350.8846861400439
959.28400021346,724.2516744620168,1351.3360540686701
959.1739410276826,724.6519955650494,1351.6808696288892
959.1506047331297,725.0332664702814,1351.9041263287895
959.2295503612422,725.3967598114476,1352.0058206275783
959.4198627920872,725.7337393661483,1352.0031515946482
959.7246551388444,726.0339427094119,1351.9284359122607
960.1436553468332,726.2929184000279,1351.8168747787324
960.6787011316367,726.5217081637792,1351.6852162342668
961.3406942896481,726.7502126401033,1351.5174510184727
962.1460690711982,727.0008488677319,1351.2882619807592
963.1012029001853,727.2530950891357,1351.0093503145524
964.2021166375855,727.4656911631802,1350.7250446599683
965.4513229243187,727.6397083033962,1350.4605939408762
966.8550553743685,727.822844809463,1350.2166660604353
968.4043290522029,728.0574015701325,1350.0041307046033
970.0718784026319,728.3578033516812,1349.8386034659454
971.8186272043763,728.7165173608549,1349.7208418713917
973.6010936335254,729.108505893141,1349.6466749802516
975.3871048584596,729.5099776627218,1349.6104529268348
977.166406727443,729.9152075558769,1349.599635050849
978.9473942206453,730.327062530858,1349.6068717463888
980.7487595099088,730.7400436947908,1349.646103146015
982.5867622951305,731.136165301709,1349.7541617595098
984.4596642324382,731.4924772130751,1349.971459233185
986.339220382561,731.7915323467889,1350.3101386894944
988.1780282848076,732.02828409724,1350.7321629930116
989.9353506032386,732.2156377181718,1351.1440394468532
991.6016463149035,732.3862744767033,1351.4186467521347
993.1918183629468,732.5717287638322,1351.4585126735576
994.7232365104306,732.7819488885235,1351.245250393555
996.2147310216841,733.0263800076804,1350.8188855585759
997.6929452210711,733.3470307982943,1350.2334819123748
999.1802382174201,733.8215164752633,1349.5374535632182
1000.6667544337745,734.4876061704539,1348.7783243218169
1002.0906877045686,735.2123945874046,1348.0257171059013
1003.3689079437906,735.7399711265064,1347.3647171354241
1004.459287015472,735.9352429778764,1346.848131265576
1005.3744635173753,735.8754859396361,1346.4880770857703
1006.1436330209328,735.7087896755384,1346.294557012959
1006.7750804511521,735.4907579276496,1346.2925207490698
1007.2490821229027,735.1390162793292,1346.500549123195
1007.5487073326003,734.5393030866188,1346.89863591412
1007.6956333552874,733.7025302649301,1347.424093735735
1007.7567403878841,732.8347902681146,1347.9990676062225
1007.8117585370974,732.2199074616325,1348.5599612896115
1007.8928653939852,731.9540000928785,1349.076453131351
1007.9526087069045,731.8244982274238,1349.5473635478045
1007.9162718560738,731.5502559776626,1349.9636527616797
1007.7734019787649,731.1304328726105,1350.2737553826914
1007.5831148877172,730.8295713478136,1350.4073413291433
1007.3781079437769,730.8053696805863,1350.3451482011856
1007.0973343399336,730.8811567774684,1350.1463165789546
1006.6392440401362,730.7631136538884,1349.8852577999146
1005.968581593435,730.4116227322687,1349.5750663226604
1005.1340950867307,730.0674593056525,1349.1789327496542
1004.1929565454029,729.9688601007921,1348.6741187512232
1003.153623667618,730.1521806123952,1348.07939047282
1001.9749248095867,730.4358368467994,1347.4491995742621
1000.6010948349739,730.5539526529944,1346.8571296157745
999.0139582851037,730.3903988273223,1346.3625414797243
997.259036762409,730.0847392467016,1345.9837773738195
995.4068559501665,729.8519405225932,1345.7072816124326
993.4965639771076,729.7498872596459,1345.5078253808738
991.5439216468513,729.73124758792,1345.345626849055
989.5750700905091,729.8014213578222,1345.1795268167425
987.6182865376879,729.9810589971952,1345.0098835639349
985.6989784668882,730.248805412608,1344.882182084383
983.8557186436889,730.5886706559437,1344.8593882878142
982.1219025994595,730.9946791416311,1345.009616769643
980.4897930808147,731.4382498832746,1345.3656366592395
978.9137910696279,731.8830094604011,1345.8664108380717
977.3397893194378,732.3108068290762,1346.380482349453
975.7294592060607,732.7261552020667,1346.7943915001088
974.0747169272863,733.1458220797911,1347.0646837138765
972.3996232715317,733.5803408978431,1347.2068746541568
970.7532518667269,734.0390667341862,1347.2470410744993
969.1919836473319,734.541625375218,1347.1932233758516
967.7513026886734,735.089366701955,1347.0656157768267
966.4328278607293,735.6424635806443,1346.9226266594414
965.2201790450157,736.1520914925568,1346.8298970549897
964.0997117796319,736.598169302314,1346.826934710106
963.0674124650026,736.9877165600991,1346.9299273498084
962.12585970718,737.3314958804444,1347.1413873449255
961.2768444444885,737.6288756859112,1347.4531579536633
960.5151870290017,737.8739639444889,1347.8510409528762
959.8284438582307,738.067980503126,1348.319025005238
959.2022447134372,738.222730898282,1348.8390802511437
958.6306572721049,738.3611607867417,1349.3852131233994
958.1198013155424,738.5113097177709,1349.922158825306
957.6729261152667,738.685323948282,1350.4258436259056
957.2869327173621,738.8775231877594,1350.8911281381036
956.9759687739611,739.0973921870245,1351.2984746008408
956.7717009610027,739.3714776539516,1351.6089982016615
956.6924985097321,739.7012274833492,1351.8108625326815
956.7338589831775,740.0543792624487,1351.9339643087906
956.8835895708758,740.39608905286,1352.0160305892198
957.1328408650209,740.7036558247239,1352.0775390359
957.4771251135567,740.9623715212365,1352.1209441524293
957.9169594846774,741.1696605206391,1352.1313568520388
958.464624754866,741.3408132104267,1352.0750928279722
959.1402723929142,741.4864698736753,1351.9205304456095
959.9510894466903,741.5801695488562,1351.6727376741678
960.8889107852726,741.5821258191202,1351.3678102787228
961.9536614659505,741.500011084583,1351.0297671048884
963.1557689995373,741.3827361993823,1350.6634201099782
964.4865379874894,741.2526743905477,1350.2916865812115
965.9032485039887,741.086466095437,1349.9607807616806
967.3497795979259,740.8548457018122,1349.7012401703812
968.7827741457122,740.543505051119,1349.5125615938014
970.1813681159149,740.1453889392811,1349.3835498242206
971.5507501679334,739.6681517631212,1349.3030393393904
972.920986007692,739.1463487718685,1349.263280969098
974.3271172641424,738.6216367806435,1349.2836457059868
975.7852008129984,738.119488351023,1349.4164997748476
977.284248324596,737.6515663276421,1349.7059186074857
978.791094261365,737.2201129035808,1350.1461448877692
980.2715399594524,736.8207911603964,1350.6727370007325
981.7143536323371,736.4526223489133,1351.1851681739738
983.1328257477212,736.1262249442666,1351.5886232715327
984.5503369714968,735.8608433683094,1351.826089224018
985.9812545542642,735.6688937049397,1351.8831519218961
987.4160859074269,735.5464262694185,1351.7697812877477
988.8272233871091,735.4775449704148,1351.5041120546887
990.1892251161473,735.4341209939331,1351.1209064506966
991.4892803683056,735.3793465582554,1350.678450039463
992.7226210135944,735.2985728406819,1350.2366123051497
993.883969713551,735.2131454743721,1349.8342415024115
994.9542455994166,735.1043767879362,1349.4946168565086
995.8999348761498,734.8645685349572,1349.2459994809155
996.7069940941445,734.4353237328579,1349.1195108336744
997.3931853526877,733.8813921499562,1349.1219469288105
997.9801851713906,733.2721948036293,1349.2218952351043
998.4899896926647,732.6718269545644,1349.3655524382382
998.9393958229476,732.1418776033523,1349.516809504673
999.3161297906951,731.6387702462541,1349.6758232657412
999.5941141280532,731.0564908714136,1349.8486752040026
999.7602622819231,730.3305859514062,1350.0274544836918
999.8153811019422,729.4419226763288,1350.1988984050247
999.776274769582,728.4302493144601,1350.3334048121578
999.6885719370672,727.4462864637342,1350.3571348710268
999.6104958742237,726.7003139391801,1350.1837820034061
999.5503297583995,726.2526036192069,1349.8088722734835
999.4431565229455,725.9264762174038,1349.3227896447108
999.2121250156206,725.5051834155183,1348.8151496600703
998.8198822430586,724.9031455446407,1348.3156944087627
998.2621787499695,724.1519001869503,1347.8094876004382
997.5583862101195,723.3825431295797,1347.2589178006892
996.7488145080364,722.8012386597172,1346.6269852910618
995.8590563298684,722.519316833736,1345.9189360107205
994.8687546528649,722.4438303079772,1345.196239349389
993.7401732849122,722.4204124329045,1344.545315911912
992.4607625344001,722.3829265918238,1344.038326918775
991.047471883283,722.3534448452087,1343.6993784166957
989.5220028856708,722.3851173107581,1343.506308526739
987.8942151485758,722.5120916362309,1343.4251664046592
986.1710418961345,722.7312223054196,1343.430216228112
984.3681493616041,723.0111160179094,1343.5102765340068
982.5150778410651,723.3211187021617,1343.66902773557
980.6544273830798,723.6498112834719,1343.9252011815076
978.8296904435309,723.9925099056063,1344.3134953804492
977.0667051773332,724.3315907333531,1344.8616900947452
975.3595233152959,724.6216087540012,1345.555539696939
973.6766938581341,724.799027345464,1346.3343549298038
971.9929797230461,724.8432858590899,1347.1218817639672
970.3170396915466,724.831055685789,1347.8561671657512
968.6721739962895,724.8565435234786,1348.495831986174
967.0648713932962,724.9149903897334,1349.0133530650999
965.5153685841794,724.9918900838543,1349.3838553134008
964.0866865139659,725.1811449760615,1349.5815896270053
962.818490474376,725.5205700364099,1349.6057049741607
961.6592010015039,725.8039392085814,1349.5006590861697
960.5196448686144,725.7591617256958,1349.3284870504835
959.3743282494445,725.3659240722021,1349.1332788177037
958.2645272127581,724.8441011084066,1348.9390992673752
957.2255583741885,724.3852970881619,1348.7675910634123
956.2599048073022,724.026803854938,1348.6512065514821
955.3651418056396,723.7241006772144,1348.625916790309
954.5526256883613,723.4360702285132,1348.7147074077486
953.8394582692188,723.1538348585138,1348.9255268486218
953.2324532868761,722.8937303975919,1349.25368342879
952.7315525147027,722.6841010631592,1349.6702741906176
952.3497305504304,722.5625228279529,1350.1148934696828
952.1079554641465,722.5572658516512,1350.522810479177
952.0089918055231,722.6528688572608,1350.866220753701
952.0359586212808,722.7968820193857,1351.1535312166302
952.1726507602648,722.9452972418171,1351.3903203838033
952.4147184734613,723.0892901811045,1351.5569957210544
952.7663699105296,723.2477872425534,1351.6228098158992
953.2272193499774,723.4345913366654,1351.5767421821758
953.7866222835634,723.6342324964692,1351.4402046788437
954.4370015257739,723.8198978661682,1351.2432546787993
955.1809820987232,723.9779589441903,1350.9983461475597
956.0227699130946,724.1047458157483,1350.7042176733694
956.9659399543153,724.1969426047632,1350.3632334456736
958.0256170409293,724.272136576401,1349.9914938725217
959.238461081988,724.4124740398888,1349.6176221723556
960.6469452188132,724.7525710647775,1349.2678546262086
962.2581223237764,725.3567671221001,1348.9522313871355
964.0166460343597,726.0971133828389,1348.6686687596596
965.839674290392,726.7380519948254,1348.4168061429748
967.6821032411953,727.1560560105306,1348.2101232049465
969.5454990884944,727.3960649908088,1348.0811931702094
971.4355661389527,727.5630066762601,1348.0701726037228
973.3361531400084,727.7527541477673,1348.1896633218078
975.21054627135,728.0324872243784,1348.4026354323064
977.0109337213196,728.3987237265854,1348.6634154383323
978.7036181500071,728.7782610873653,1348.965233862927
980.296631568136,729.1119426489366,1349.3238599556178
981.8282391192068,729.4045564976243,1349.7470405083695
983.3330127572207,729.6916314497637,1350.2218647323393
984.8330385841658,730.0119910920752,1350.6973623380773
986.343319290016,730.4114633534946,1351.0893716696335
987.862342303611,730.9102102078299,1351.3345951810652
989.3664433688645,731.4612257298085,1351.434747941424
990.8270542795374,731.9937172710254,1351.4264190219872
992.2284825701116,732.4881719828147,1351.32998902154
993.5695246346202,732.9720780136554,1351.1509481916792
994.8511210363,733.4566920292566,1350.9028639125033
996.059161663345,733.9075429687763,1350.6080088039605
997.1657142287295,734.2748755183163,1350.2901446015837
998.1507182985181,734.5342954612927,1349.9730729456244
999.0170372266857,734.6960850543092,1349.6786797044263
999.7841015691944,734.785507198909,1349.4241558240142
1000.4686468389403,734.8222185989783,1349.2202747381107
1001.074429621,734.8191431371457,1349.0720536770482
1001.5970635425069,734.7922379681066,1348.9790577305746
1002.0285283926922,734.7638446083299,1348.9311613859566
1002.3556406890874,734.7508261937389,1348.913208535657
1002.5579827455573,734.7472079631382,1348.9244977230132
1002.6130195817484,734.7309150054424,1348.9819948599472
1002.5063060018854,734.6885254930417,1349.0946093414598
1002.2351204132667,734.619964427218,1349.2457285038959
1001.8082196282995,734.5368375799462,1349.3999337516693
1001.2444093453394,734.4702757097484,1349.5120592678063
1000.5612687853426,734.4528817341298,1349.5367259653522
999.7625423993175,734.4901187359358,1349.4439030727567
998.8419009831857,734.5721280612889,1349.2269414493537
997.7928605188253,734.6975492300461,1348.8972060359242
996.6077680033301,734.8626967068224,1348.4739757868128
995.2768165513601,735.0398493329268,1347.9820280241458
993.7947017735108,735.1832669619464,1347.457651107195
992.1679225788669,735.2727972592866,1346.9447212022205
990.4231360117404,735.3781582119274,1346.482353553783
988.5998268014996,735.6346356160084,1346.1085385836338
986.7180281912956,736.0721821819848,1345.8584799339524
984.7671098877022,736.536444271395,1345.7341186837002
982.7360361447456,736.8674973976282,1345.6963251742986
980.6439788938314,737.0873308074114,1345.6940696433983
978.5429448399569,737.3511028048275,1345.6902567010195
976.4936285378706,737.7630514913628,1345.688003486497
974.5416833459359,738.3004856240723,1345.7439705955785
972.7145665313594,738.89274742577,1345.9290281754813
971.0161099894251,739.4996955951108,1346.263154104438
969.4089998079661,740.0961163896043,1346.6946364872204
967.8191096330913,740.6369254760502,1347.130555183583
966.1795223373834,741.0894903166985,1347.4770193576337
964.4799518486852,741.4830583400466,1347.6809577293086
962.7809333834857,741.9027813025386,1347.7509913341523
961.1805964326816,742.4369803190413,1347.7369928375301
959.757062888215,743.1163495978703,1347.7131416309069
958.5409837807367,743.8988218532479,1347.7672623906121
957.5315698302129,744.7178864852747,1347.9623043437155
956.7164561486661,745.5364478676534,1348.3046118236139
956.0805672382481,746.3535416872965,1348.7538557962287
955.6053699541678,747.1665027120047,1349.2597437956222
955.2617348345143,747.9419780272488,1349.7881322814123
955.0150516190877,748.6369827271411,1350.314116531477
954.8407378429372,749.2338261857716,1350.8125378675077
954.7312697759797,749.7465976491784,1351.2645050474766
954.6869350451974,750.2041989716622,1351.6589232102092
954.699907587285,750.6315728326864,1351.986217034817
954.7531860215098,751.0424175286953,1352.2353772685883
954.8370847672709,751.4393668218556,1352.3978487507343
954.9602197523114,751.8167808529649,1352.4760530218928
955.1410360748599,752.1675424531161,1352.4860633119363
955.3978582891322,752.4985706353355,1352.4418243338046
955.7536210173745,752.8470872881713,1352.3336654798309
956.2347121804912,753.2609963705289,1352.1429256480417
956.8525561118383,753.7497779265484,1351.8834358324516
957.5973443811943,754.2772438921305,1351.6016345075418
958.4557387709766,754.8036538502204,1351.3356671666093
959.4273303282541,755.3123537127866,1351.09403251243
960.5266553154626,755.8058807505332,1350.8647792312354
961.7795231365934,756.302745145102,1350.6291295776098
963.214750882612,756.8344507851748,1350.3737765662365
964.8427364446989,757.4213285709315,1350.1126458317262
966.6388547585055,758.0519586291332,1349.8931432004429
968.5554394804167,758.698345173563,1349.7608495575148
970.5420436258286,759.3379387139353,1349.7240292599904
972.5561317704913,759.9614105847419,1349.7505570117419
974.5715837299182,760.5766528701458,1349.7873479541784
976.5783907453294,761.1980980715167,1349.7980024343951
978.5772330156292,761.8352915504162,1349.786576601476
980.579886008622,762.5002281196209,1349.784098327222
982.5988165598587,763.196857739818,1349.8391482837806
984.6297366796163,763.9001807891673,1350.0112474960617
986.6503497729857,764.5692010121297,1350.3328396933512
988.6288403103993,765.170000305032,1350.7806744497266
990.5373347158712,765.6864910382784,1351.2854096630003
992.3728522001627,766.1372865273382,1351.7463707040781
994.1652022102045,766.5799470120617,1352.052530620354
995.9521222795618,767.0646795135043,1352.1337926058973
997.745991478731,767.5883296540931,1351.99381899027
999.5300535589218,768.1166211223905,1351.6759452395754
1001.2756027108816,768.6258544456286,1351.2188455048577
1002.9589186510168,769.1087577395482,1350.6534847133912
1004.5709684146905,769.5712536031775,1350.0164733096794
1006.1101226397391,770.0283868185461,1349.3527583771997
1007.5604185442878,770.4508392202956,1348.7119761197555
1008.8835214623055,770.7253476333609,1348.145482040541
1010.0487480959983,770.7712604172863,1347.694546037513
1011.0585852330499,770.6588061595107,1347.37768522009
1011.9243638053937,770.5122198615506,1347.19665785221
1012.639126402068,770.3754870652725,1347.1509631540534
1013.1877211351361,770.2208920341934,1347.2448901538482
1013.5670770507045,770.0105105451742,1347.4818932145554
1013.7931554781271,769.729247757755,1347.8452754184866
1013.8948366484994,769.3938094915832,1348.2797241831297
1013.9010551314617,769.0417466820358,1348.7012887414496
1013.8281288962937,768.6975366206938,1349.0403527798726
1013.6777738758839,768.352958341037,1349.2694493531696
1013.4475544308982,767.9916011998015,1349.3857635224338
1013.1364374452653,767.6137584787623,1349.389327656695
1012.7373781347916,767.2304427371974,1349.283508389248
1012.2314884784171,766.8448021704874,1349.0795151762238
1011.5956332835059,766.4431152063171,1348.7952838356457
1010.8156137494057,766.0125572221843,1348.444660864118
1009.8875815572117,765.5674482792472,1348.0228789742825
1008.8069325866782,765.140430158101,1347.5207255844784
1007.5674126921376,764.7522247180368,1346.9578378360513
1006.1728237376724,764.4072411469283,1346.3826016588685
1004.6330821629363,764.102242133994,1345.8534992104112
1002.95056663284,763.8267252687151,1345.4364710273626
1001.1272192733081,763.5731223723687,1345.1913769729836
999.1800185251553,763.3477800224481,1345.1438607101
997.1374678703037,763.1679345257036,1345.269222313683
995.0269551470535,763.0517641469903,1345.4962854105138
992.8770793297887,763.0063126228213,1345.738556422179
990.7325240999828,763.0350493859596,1345.935526047822
988.6533882053183,763.1503621438367,1346.0825069471823
986.6899270665363,763.3511145304913,1346.2403388014593
984.8629197642236,763.6046005954806,1346.4882646566898
983.1630271678898,763.8650473260419,1346.8388862622392
981.5534224808655,764.0940453836402,1347.2103894313514
979.9822710035068,764.2738254597989,1347.480370744343
978.4122885463074,764.4197522613039,1347.5580193844053
976.8448212545445,764.5766611175206,1347.4242864006949
975.319306546165,764.7927365808113,1347.1319008521355
973.891497902308,765.0909323093601,1346.7768021195566
972.6115863958227,765.4650699899325,1346.4626917686417
971.5184033552368,765.8970032875648,1346.2767125994394
970.6357329323077,766.3688064022253,1346.2744264038943
969.9581564635047,766.8605912634991,1346.4721021427522
969.4472325785702,767.3410945566594,1346.8502787953405
969.0522973250921,767.7646432115466,1347.3643984633866
968.7369956963071,768.0850228923501,1347.9567639218865
968.4887728965796,768.2764420816925,1348.568614708397
968.3056318007378,768.3390092200644,1349.1545245034138
968.176511247368,768.2864640512569,1349.6927484431892
968.0816031188498,768.1425874190527,1350.174911499244
968.0109680251967,767.9482173732906,1350.5866425812055
967.9722559716172,767.7481397357867,1350.911167592236
967.9857392928324,767.5760191046026,1351.1345350877593
968.0819391370642,767.4613814914621,1351.2360205693212
968.2877351972472,767.416606692695,1351.2120611217276
968.6064265708187,767.4183736140443,1351.1043529193196
969.0258946247129,767.442436117435,1350.96139476408
969.5426672320848,767.5011335785252,1350.7935175988673
970.1695330112202,767.6232583271315,1350.5884764147088
970.9283407300576,767.8221158336551,1350.340197564946
971.8333366410295,768.0879299271579,1350.0545539238872
972.8759672546197,768.3902621760001,1349.749824301522
974.0381443805445,768.6939390847168,1349.450183203955
975.320246516565,768.9804412657028,1349.1737946144576
976.7388156017886,769.2551902610643,1348.9294922955469
978.3001130378556,769.5392628320527,1348.7192381710274
979.9881207263908,769.8421516083686,1348.545588701991
981.7745393824317,770.1484593575332,1348.4079399996353
983.6365503500983,770.4501372419148,1348.2827875416544
985.5607123623325,770.7730704984139,1348.1347280831192
987.5320404685707,771.1651969862828,1347.9547962006845
989.528364905394,771.6715273679489,1347.7699526600309
991.5062726277564,772.2752203716647,1347.6254949598926
993.3884773989905,772.850135308479,1347.5634914787495
995.1051633855977,773.2684330325876,1347.5983067664063
996.6486220894388,773.5556488195923,1347.706408726733
998.0652715333396,773.862560598726,1347.8427657341422
999.4163349351419,774.337502621063,1347.9607878216975
1000.7528081842399,775.0606673676743,1348.017334636471
1002.0967647659544,776.0145217423909,1347.9752764037182
1003.4323762016645,777.0636858838997,1347.8162779639595
1004.7303361177368,778.0331456903365,1347.5438185463977
1005.9863319562603,778.8619869830262,1347.1631837186485
1007.2156413974436,779.6132577500721,1346.6833220051199
1008.4146876692341,780.3405935613221,1346.150833505092
1009.5530994805813,781.0405527240409,1345.648671597703
1010.5994773883127,781.7087799547802,1345.2494481702497
1011.5382387471898,782.3658033307626,1344.9893859271544
1012.3604082664317,783.0318916097481,1344.8850021066976
1013.0492107936349,783.7006706298844,1344.9533483666867
1013.5867209773323,784.3408219320527,1345.2092681201473
1013.9726404008311,784.9279127705353,1345.6503791980467
1014.2214306714454,785.4565164815676,1346.2544903996334
1014.3438189646729,785.9212214054058,1346.988981477275
1014.3501645567259,786.331254278452,1347.8040291517086
1014.2618979687259,786.7242991426322,1348.6301822765843
1014.0996209057286,787.1194237816621,1349.413283335803
1013.8699157432638,787.5100259371252,1350.1251077183674
1013.5709004292648,787.9194561720137,1350.7303976697583
1013.2002662153855,788.3861075163974,1351.1910068400762
1012.7536135848039,788.9064029809979,1351.4934203917974
1012.2190753123386,789.4396053141478,1351.6443374408902
1011.5767766287313,789.9360713833414,1351.6559565505477
1010.7995228151649,790.344866320439,1351.5339459008296
1009.8517984853106,790.6120476746441,1351.2774808894226
1008.7058272651215,790.7099354560978,1350.905907416429
1007.3696372432945,790.6862685168794,1350.469003477499
1005.8793391456844,790.6245797474003,1350.0218669238511
1004.2696660029761,790.5864853845335,1349.609270738488
1002.5685647956856,790.6383846274832,1349.2667575892726
1000.7940044561681,790.8316532083265,1349.0199864463198
998.9474180576899,791.1511765141954,1348.8795878739443
997.0290350752566,791.5457941143018,1348.8298276929631
995.0606421473615,791.9742824294692,1348.8269665036596
993.0874544107626,792.4157405997225,1348.8208247826806
991.1557439266287,792.8614026715794,1348.78272629888
989.2913051023442,793.2990396593561,1348.7178753467124
987.500671081694,793.711419730412,1348.6608583546135
985.7843624226458,794.0953638788773,1348.6628434195984
984.1448683999396,794.4722661489116,1348.7669036929876
982.5863010860098,794.859070041977,1348.980476539808
981.1064005766422,795.2285964544717,1349.2670916170605
979.69207119909,795.5232258652766,1349.5549959512284
978.3281124694422,795.7077721413984,1349.7609585751377
977.0116179495847,795.795855246421,1349.8235306054066
975.7593911749472,795.8333098080878,1349.7186224198863
974.599129631882,795.8621914038761,1349.4564757026058
973.5514647513974,795.8946771120226,1349.0837193048278
972.623387403904,795.9157607806849,1348.6833876518942
971.8209420437956,795.9118605089401,1348.345332814653
971.1610076651433,795.8949823529989,1348.1310596513558
970.6623254657613,795.893599366655,1348.0691370710306
970.3278156193297,795.9194552626681,1348.162974238581
970.1393760796074,795.9455446212003,1348.3969363136625
970.0702990517728,795.92391900909,1348.7454118191079
970.1039136944536,795.8324254796369,1349.1722397849092
970.242290528493,795.7028453503806,1349.6217832129753
970.4976395702984,795.5913932099318,1350.032554102575
970.8730111801224,795.5190468604576,1350.3701351525044
971.3551497609416,795.4589634684199,1350.6303463982404
971.932871390855,795.3816147401268,1350.8088489916133
972.6154703841879,795.2870513174574,1350.883235158094
973.4222995828401,795.1903446946824,1350.8262184185448
974.361945546429,795.0985219233139,1350.6282464034732
975.4333471505826,795.0103602444162,1350.299282822048
976.6390453866711,794.9245376288658,1349.850513230424
977.985974849799,794.8389547761636,1349.285626144511
979.4791548591111,794.74798516388,1348.6085919683178
981.1214316543909,794.6471151152683,1347.8322137595976
982.9145674632717,794.5401977031526,1346.984016281225
984.8567472142589,794.4403383880195,1346.1042409674476
986.9392325513612,794.3642294069051,1345.2284878067353
989.143188366183,794.3249625961547,1344.3737928305477
991.4400271822597,794.3272639457094,1343.5428230882153
993.7995002622199,794.3676936181564,1342.7344478408131
996.1966448191577,794.4373805645903,1341.9632798913894
998.6099502859722,794.5234442046218,1341.2880475371844
1001.0212195858843,794.6151857115882,1340.8118097131564
1003.4133912648945,794.7128353294661,1340.6394096368972
1005.7522460786008,794.8154547173921,1340.827045978238
1007.978039042666,794.8944567297034,1341.3568591338012
1010.0380670928591,794.9018525496671,1342.141613064881
1011.9303382770695,794.8211225988138,1343.0526891734894
1013.7073890403711,794.7044180888249,1343.9596079524165
1015.4390452736078,794.6492205068698,1344.7595981981667
1017.1721228485901,794.727613632747,1345.392097976184
1018.9174858912847,794.9395509670683,1345.8409550534327
1020.6631527939039,795.2322540428979,1346.1144491623218
1022.3869710997499,795.5397880396902,1346.221886615781
1024.060127733758,795.8045085191878,1346.1746882504021
1025.6577640636433,795.9901538876658,1345.9948021544976
1027.1728554944343,796.0891342164986,1345.7056089923697
1028.6113131122538,796.116374978164,1345.3233622859416
1029.9731014430638,796.0935657101305,1344.8664652661403
1031.2456588605385,796.0402910456141,1344.3592009668346
1032.4120161160838,795.973358359628,1343.8247828295137
1033.463391054672,795.9093699935651,1343.2835450755495
1034.4097653826882,795.872813436207,1342.7508067235672
1035.2720624931046,795.8899265538188,1342.2351380597095
1036.062415334722,795.9688623469425,1341.744496491883
1036.776269068301,796.0967057158758,1341.2932228429468
1037.394539921881,796.2479184224735,1340.903527825073
1037.8906412160738,796.3961209769574,1340.5995796003576
1038.2426269790387,796.5348982272783,1340.3923682224142
1038.4392527350058,796.6747709582145,1340.273405899144
1038.478283467322,796.8167118698198,1340.2277691080571
1038.3644872225143,796.9597645062659,1340.2367839556255
1038.1063697407287,797.1201922323963,1340.2732193548368
1037.7118728677665,797.3092349794331,1340.3194593220899
1037.1847943112434,797.5139716799248,1340.3780343936012
1036.5270676205673,797.7161661713973,1340.4464795240822
1035.7430842731076,797.9064162487475,1340.5010789670944
1034.833707145185,798.0743837500587,1340.515614675909
1033.7918642081531,798.2040193763962,1340.4782134601558
1032.6097623453375,798.2831763712705,1340.3882425801532
1031.2867847834714,798.3100689096,1340.2526280676325
1029.8307170791654,798.289248375545,1340.0894535498912
1028.253051913991,798.2260482228987,1339.9286685181332
1026.5658026703138,798.1303037399816,1339.80146939361
1024.780324776444,798.019034826361,1339.7297039094008
1022.9018523225794,797.9030693635575,1339.729547939935
1020.9296728626366,797.782710553468,1339.8087288588401
1018.866780244134,797.6638662417317,1339.9527011231257
1016.7211286954353,797.5559435329334,1340.1415395739427
1014.5042445118765,797.4576742569993,1340.3837566881925
1012.2417296978176,797.3669898803427,1340.7197812102997
1009.9759355334518,797.2950281341832,1341.2032415610515
1007.7454585953661,797.2565006824344,1341.8716165103633
1005.5618461895601,797.250160330167,1342.7108703462568
1003.4100374415231,797.2567704553046,1343.645734062621
1001.2673711837408,797.2573155982976,1344.5738710384567
999.1195215414646,797.2514520323654,1345.4101935991825
996.9692497421132,797.2620868847507,1346.0956126800477
994.8377619700495,797.3212529572505,1346.580080883246
992.7553018131985,797.4456762417524,1346.8238799717844
990.7494642830918,797.6227393029479,1346.8217197219365
988.842549872908,797.8162209878292,1346.6153384308714
987.053827672186,797.985243293508,1346.281434469558
985.3989606271615,798.1015103904604,1345.9124289116796
983.892076137887,798.1527850345303,1345.5965677362312
982.5479848317713,798.1381736114068,1345.4009592802718
981.373015939371,798.0635183008079,1345.3723418861791
980.3553032757111,797.938862531677,1345.5427594810142
979.4750163423815,797.785272048234,1345.9138765029259
978.7215582502913,797.6369563258921,1346.4420518714455
978.0879739786582,797.5151711665687,1347.0635005181625
977.5574599688887,797.4140690441361,1347.7278204185525
977.1108663243513,797.3295626015918,1348.395987834053
976.7385103743388,797.2701739004914,1349.0343249606997
976.4403905504234,797.2357951014178,1349.6169594142445
976.2238131175525,797.2191534386017,1350.115545393583
976.100575563058,797.2199594141574,1350.4981545641072
976.0843795710277,797.2408856911233,1350.7423405854465
976.1886831071586,797.2793665300715,1350.8395078159365
976.4209798075623,797.3286664343138,1350.7964140042661
976.7775505823588,797.3811503243604,1350.6374366524847
977.2505935027459,797.4298527661635,1350.3919397247419
977.8424098611431,797.4719944042062,1350.077031954387
978.5655068758344,797.508626057381,1349.7004740222258
979.43443175847,797.5367496131373,1349.271490496687
980.4616201410059,797.5445801422629,1348.8043281554296
981.6525594613946,797.5240503276694,1348.3176286708806
983.0056676613085,797.4903167991084,1347.8287698581405
984.5169653630296,797.4770535070036,1347.3545663296231
986.1789444280965,797.5132539077031,1346.9151877220156
987.9724560437179,797.6067951698691,1346.5267298883755
989.8629423031967,797.743815716094,1346.1931265714386
991.8113573798988,797.9080986341219,1345.9033259757919
993.7862581091163,798.097841619243,1345.6339458126026
995.762745599345,798.320705843953,1345.362853218032
997.7161782059725,798.584452725648,1345.0885048256414
999.618915070049,798.8897611448353,1344.839068765132
1001.4402770507835,799.217547879031,1344.6588703692187
1003.1526520147402,799.5260905972269,1344.581719756172
1004.7451055977817,799.7768805623499,1344.6100705157469
1006.2301319131642,799.9662307795669,1344.7088604946746
1007.6316810862003,800.1253421155071,1344.8172243872891
1008.9719710829131,800.2979758265269,1344.8724471564478
1010.273062841526,800.5243868581796,1344.829212385994
1011.5556862071555,800.8303315721814,1344.6631437018625
1012.8278530846088,801.2172335752693,1344.3658032770113
1014.0847457353248,801.6645624587192,1343.943476184632
1015.3174678227192,802.1405828303914,1343.420388929535
1016.5120151131447,802.6104848298289,1342.8414797678297
1017.6439774870989,803.0422001173008,1342.2723018218633
1018.6798485857125,803.4092668337345,1341.7905828193027
1019.5885470255457,803.6939272465384,1341.4660007948664
1020.3556588882847,803.8909653129134,1341.3395896506283
1020.9815674915726,804.0034408071367,1341.420928701998
1021.4669869322079,804.0341127482941,1341.7010153714282
1021.8093995907542,803.9793361586278,1342.1605594614753
1022.0149755783149,803.831513421186,1342.7653655549893
1022.1066941476876,803.5966222615994,1343.4602661231725
1022.115475993535,803.3065321174232,1344.178794225252
1022.0672136585825,803.006760367465,1344.8634665598024
1021.9781560435881,802.734312946089,1345.4730997468478
1021.8538896978395,802.5047382383892,1345.975122797204
1021.6892637319709,802.3136718540493,1346.3394592321515
1021.4718012056774,802.1482411084367,1346.544363441249
1021.188449037865,801.998177018025,1346.5889547155168
1020.8297841076095,801.8585491222128,1346.4948976090675
1020.3838517705378,801.7224442566267,1346.2917017343425
1019.8271989592962,801.5806605571893,1345.998922228684
1019.1334311555723,801.4381827439571,1345.618524158168
1018.2907477539494,801.3114303038025,1345.147043394685
1017.2989717426972,801.2008924544333,1344.5974420639154
1016.1556498457059,801.0895969720647,1344.004736730019
1014.8583652276787,800.9675824753853,1343.418703853517
1013.4177340319848,800.8493120451417,1342.8930388139217
1011.8608141593796,800.7734611583435,1342.4723958771035
1010.2161604163073,800.7762089119369,1342.1969098765496
1008.4988145529142,800.8661358622918,1342.1118456326283
1006.7174701714295,801.0372070620073,1342.2476686221344
1004.8855883486196,801.2876979378744,1342.5919848391454
1003.0171851481077,801.6159629275197,1343.0889055547132
1001.1263173082446,802.020258627366,1343.6548717017818
999.2371960206315,802.5056697966111,1344.2034657895024
997.3793065465387,803.0667497680466,1344.6875082425015
995.5688398508541,803.669970982568,1345.114950981776
993.8039267472104,804.2744468994605,1345.5047589957655
992.0695503158677,804.8564894108569,1345.8464656295691
990.3416101887459,805.409272536556,1346.110505483841
988.5954416698446,805.9367524292727,1346.2730017445738
986.8150700983549,806.4521259623334,1346.3250808267157
985.0043036625556,806.9807450389958,1346.268346901491
983.196371719644,807.5573493901426,1346.1151372743116
981.4420690052084,808.2023836301754,1345.908963600965
979.7875802913397,808.9038733354862,1345.7278434274717
978.270795744944,809.6342525751636,1345.6447757956569
976.9241464406786,810.3726720439291,1345.6977512771898
975.7685740602179,811.1067627174546,1345.8978087232795
974.8106101286487,811.8287332565061,1346.2409995442003
974.044302395745,812.5365104343456,1346.7088261532501
973.4516189890547,813.2341427956223,1347.2694832118302
973.0029432215794,813.9256495302158,1347.8853400292649
972.659622024122,814.6071384276737,1348.5225585353405
972.3799852850585,815.2637585966789,1349.1599085053113
972.1297424330864,815.8766792354816,1349.7915680707545
971.8964107031773,816.4445315168693,1350.4123395429788
971.6963352513286,816.9981287496347,1350.9942324374897
971.560083297183,817.5858777771072,1351.4868264950694
971.5086607562232,818.2398909494159,1351.8525061574696
971.5451745659664,818.9509761096009,1352.099186931587
971.6663917774715,819.6887863206671,1352.2617089406087
971.8758904800071,820.4491214951146,1352.353321370822
972.1838077527547,821.2541081022824,1352.3590504376136
972.603006920099,822.109614488822,1352.2716357625143
973.1466735556751,822.9911907403944,1352.1069632855279
973.818265713682,823.8608938649634,1351.8887944545475
974.6111567599035,824.6836351535422,1351.6364919987245
975.5318675384528,825.4479931372761,1351.355856072777
976.608583811443,826.172111247674,1351.0371425408819
977.8645194236623,826.8781627664557,1350.6757233564736
979.2966734200627,827.5769900242882,1350.287489964294
980.8827005407592,828.2774378341633,1349.9019579956273
982.5933272361642,828.9894582221427,1349.5488831421508
984.3913915635857,829.7127831392172,1349.241198015231
986.229838730553,830.4339611743003,1348.9609347090693
988.0661355636828,831.1461096358189,1348.6657716291438
989.8765287118787,831.8641130843706,1348.3185155403924
991.6539769622004,832.6098591003499,1347.9212556086154
993.4040609454307,833.3924795592121,1347.5332653233265
995.1378259301223,834.205820857889,1347.25782899532
996.8463957271838,835.0276745430765,1347.1924997778863
998.4846272424003,835.825247119812,1347.3641120361572
999.9964478853407,836.5763455954897,1347.7006998643205
1001.3549997570803,837.2784436359359,1348.0742361767057
1002.5819689267887,837.9495350379148,1348.3709543989612
1003.7382036334863,838.6344689647581,1348.5254371445092
1004.886622217771,839.3834769640116,1348.515799266184
1006.0529252242626,840.2075291439289,1348.3493606704683
1007.2190977439033,841.0663016672308,1348.0525277491001
1008.3499000283158,841.9011291163775,1347.6642883150066
1009.4203020883872,842.6691759572308,1347.2282031779887
1010.4220812947458,843.3566920445803,1346.7786244965646
1011.3564202252693,843.9779410860336,1346.3403092158162
1012.2223374945689,844.5512350888825,1345.9495735590635
1013.007813595047,845.0715166361562,1345.6585941005023
1013.6931697343075,845.5162764029058,1345.5121294736791
1014.2606631163601,845.8647427849696,1345.529570477991
1014.7004680214455,846.1054288304404,1345.7033517463192
1015.0153283708212,846.248608122624,1346.0015579055453
1015.219271501536,846.3381167570536,1346.3703469935601
1015.3255913060477,846.4264763636537,1346.7534127046322
1015.3355172283477,846.5283360782357,1347.1262699758806
1015.2417709753155,846.6187579334772,1347.4951564651062
1015.0422939485071,846.6786665554059,1347.8556619711685
1014.7451079209978,846.7217984631876,1348.173907755492
1014.3597803252359,846.7795505344728,1348.4087588054117
1013.8862428389813,846.8733479746975,1348.5353746955807
1013.3127010792074,847.0048918146416,1348.5467360804096
1012.6262267348245,847.167497563142,1348.445196044048
1011.8189996373064,847.3571917018859,1348.237816550383
1010.881852320638,847.5736379686703,1347.934601108491
1009.8027875442053,847.8203253387974,1347.5495334962293
1008.5736368051693,848.1034029604479,1347.1053111597132
1007.1913584040469,848.4237591569618,1346.6398728289882
1005.6541752824505,848.7711574522899,1346.2118573433365
1003.9642107343932,849.1309156578776,1345.8902308397892
1002.1366943866891,849.5020867286022,1345.7197629468471
1000.2020672288916,849.9053229359415,1345.694086368218
998.1928374126472,850.3574627780397,1345.772903985786
996.128346420304,850.8454537518428,1345.9170859218025
994.0183647414249,851.3417746504631,1346.0945156306223
991.8737478075691,851.8317861147171,1346.2713294595787
989.7069158120178,852.3198420289509,1346.420208073639
987.5328821972985,852.8198090759024,1346.5418981103203
985.3714250858925,853.3376406724071,1346.6807041714874
983.2445326493486,853.8634756766362,1346.9088858460218
981.1768224072357,854.3815748089941,1347.2727620094092
979.1958847677486,854.8760104737856,1347.74616620899
977.3186111199858,855.3182203436154,1348.24793341499
975.5378997039072,855.6678756822929,1348.700114841422
973.8349906190738,855.9053353666002,1349.063419782914
972.1995057363761,856.0463072955046,1349.340277392638
970.6340008157347,856.1149481677228,1349.5549225966752
969.1482729686843,856.1159342211936,1349.7203065384908
967.7484419374905,856.0387526131344,1349.8200342855416
966.4287013393524,855.8833634077469,1349.8239253082756
965.1732681380307,855.6630521500994,1349.7288446374582
963.9641843909983,855.3851393667194,1349.5753313927742
962.7909854839916,855.0535873112341,1349.414544502848
961.6572377405502,854.683534356623,1349.279578272896
960.5749972202382,854.2959293990405,1349.1906931785268
959.553181688949,853.906318596892,1349.1635632527887
958.6015188279946,853.5346293805189,1349.2021677365055
957.7450548253312,853.2246897179972,1349.2873068956528
957.0190075582161,853.0295804868333,1349.388243089303
956.446528713517,852.9683828764389,1349.4953254452987
956.0311935665798,853.0197958905732,1349.6235248508272
955.7720501496506,853.1580600454234,1349.7794408783302
955.6754451205603,853.3721500724445,1349.9446024348013
955.7461459956212,853.654509273014,1350.0921752938632
955.9791409679206,853.9881751088496,1350.2071400632994
956.3691588911872,854.3451831992991,1350.289867515686
956.9168930784037,854.6948912885501,1350.3474007330253
957.6254560674092,855.0261105308521,1350.3767388333895
958.5056253089365,855.3677586228414,1350.3434221791208
959.581722282033,855.7664899565499,1350.1892288371205
960.874413261992,856.2332486689619,1349.8875270233732
962.3724208305464,856.7271404949469,1349.4862308601055
964.0335679041117,857.1937914408578,1349.0758981501526
965.818598903613,857.610889833948,1348.714467897368
967.708229553285,857.9944273070608,1348.3954349814178
969.6834897352646,858.3683170532335,1348.0847976044288
971.7153283078889,858.7465400337072,1347.7614960678902
973.7827487195154,859.1417561720901,1347.4211500813449
975.8828672305561,859.5693831176559,1347.07473419506
978.0170830117385,860.0367803486419,1346.7629592090484
980.1737023010587,860.5323531181838,1346.5584996191662
982.3260295073807,861.0302919583684,1346.5272311266103
984.4422727186595,861.5024786473971,1346.6797032294526
986.4931673585202,861.9287186305787,1346.9591122247834
988.4556000824133,862.3082320880158,1347.2692975547109
990.3203705697899,862.6571062889502,1347.5259335908418
992.1028036726666,862.996608444156,1347.68845646814
993.8347015877453,863.3518397262447,1347.7463456374448
995.534716314831,863.7508836771216,1347.6930624997099
997.1926582543053,864.2156867026276,1347.5187237094162
998.782005365076,864.7415051589454,1347.2279118535432
1000.2779776693951,865.2778814439603,1346.8596540511269
1001.665174562573,865.7524630191685,1346.4664860757944
1002.9335849929303,866.1172646070413,1346.082417430513
1004.0711868707964,866.3506189572333,1345.7346303793151
1005.0664420345147,866.4382213697731,1345.4559992230484
1005.9164546792406,866.3862795639641,1345.2600697285193
1006.6261565742091,866.2321998693802,1345.1294597933195
1007.2026952812926,866.0165253754243,1345.041545958864
1007.6534202713445,865.7578058574742,1344.9887977331948
1007.9844694527474,865.4660925904304,1344.9729383078384
1008.2004058429435,865.1657529180992,1344.9904803349152
1008.3088572043705,864.8926831108621,1345.0245856708375
1008.322418230801,864.6674074138673,1345.0551940697753
1008.2500189513831,864.4818310712678,1345.0717888538315
1008.0865166180184,864.3190747156382,1345.066626236383
1007.8072044210276,864.1677243644199,1345.0359756240455
1007.3744456905669,864.0188692582758,1344.9926099889385
1006.7621310975713,863.8704510217487,1344.9538889628423
1005.9693871064857,863.72851964922,1344.9202907998679
1005.0041100295003,863.5953687198512,1344.8778537772428
1003.865373242701,863.4641118002442,1344.8163242519781
1002.5455925797822,863.3255129429124,1344.7389147914075
1001.04030018631,863.1759738482039,1344.6522182435317
999.3513030900756,863.0217744988013,1344.5557046451484
997.4858145841062,862.8763334885871,1344.4557067832322
995.4575182943154,862.7508812562214,1344.3804783036826
993.2867852148053,862.6515773347708,1344.3683164091665
990.9994174479986,862.5865772648392,1344.4486394208798
988.6220943767,862.5663691196503,1344.6359624320316
986.1767521742614,862.5974280392394,1344.9257302101732
983.6835186272434,862.6864803697265,1345.2841711931085
981.1670993464631,862.8470064326186,1345.652427226319
978.6543386486289,863.0855745207627,1345.9864282170538
976.1736195542874,863.3907154699692,1346.300129474487
973.7636900448317,863.7507984059498,1346.6617816908838
971.4679827644111,864.1619774679546,1347.1492831571695
969.3108963677446,864.6070998357719,1347.799442486843
967.2845184509022,865.0469766140166,1348.5809281500701
965.3551850794835,865.4425643148031,1349.4096829203488
963.4796223870145,865.7849316769798,1350.1934778424106
961.6227797190005,866.0995236957655,1350.8683636722458
959.7705549034863,866.416893087464,1351.4030265470615
957.931704366383,866.7520746899365,1351.7791355109714
956.1287824360347,867.1138337898024,1351.981911274525
954.3837445187154,867.502281974816,1352.0250550151989
952.7135636048802,867.8973673227662,1351.9709337759605
951.1446725391173,868.2831197964558,1351.8983485552812
949.7202965036595,868.6724018270514,1351.8605156699261
948.47373042583,869.0806724917524,1351.8930049147134
947.3990198771401,869.4956819250814,1352.035407690957
946.4636110617632,869.8936263178956,1352.3146534583732
945.6413511707538,870.2657351413708,1352.7214351784592
944.9234136768216,870.6195629852248,1353.2196271471885
944.3092476454959,870.9679285247363,1353.7692375029624
943.7939519816748,871.3180682300219,1354.3369457391677
943.3629046164189,871.6649368133783,1354.8962976294697
943.0044579502662,871.9973100913443,1355.4219600280699
942.7224658241603,872.3113831824107,1355.8828848367996
942.5274470874979,872.6123625055596,1356.244786047212
942.4258529418956,872.9010212504264,1356.4834543850736
942.4212292177294,873.1643643392264,1356.601317454173
942.5152563146626,873.3862810629644,1356.627977017339
942.7082251247699,873.5700558976481,1356.592066215785
943.0040357566024,873.7441150163521,1356.4951077554554
943.4116586951516,873.9340224757971,1356.3247171632793
943.9418861723847,874.1418624053151,1356.0775172255167
944.6071168768768,874.3653004651683,1355.7547319629643
945.4196583460116,874.6026845378733,1355.363520432873
946.3872298210453,874.8353620939954,1354.9322615140609
947.5138932576056,875.0429311606767,1354.5035363086092
948.8023456281329,875.2281339169664,1354.114862641045
950.2501545228829,875.4084740796379,1353.790685051417
951.8466850352872,875.602700351151,1353.5377660683805
953.5760424653452,875.8312071729409,1353.3424955639675
955.4212072881998,876.1064254651842,1353.1883015189158
957.3690905802805,876.4254338346957,1353.0798675582632
959.4071840186558,876.786770224282,1353.040602973613
961.504388023609,877.1971059905353,1353.095471904876
963.6049476681981,877.6522761148041,1353.2583352279214
965.6515072643357,878.126113042133,1353.5192775810715
967.6142560606988,878.5896935377981,1353.8384110928891
969.504270768485,879.0441099795993,1354.1574853466211
971.3576322665009,879.5180996298207,1354.4281927822517
973.201673839731,880.0253294994939,1354.6300052861138
975.037726962014,880.5430721344288,1354.7538116244834
976.8511204019101,881.0359083595135,1354.7810359685525
978.6290148456775,881.4837139504084,1354.6862387177
980.3676166054106,881.8925277401105,1354.4446356149188
982.0669025128025,882.286227023259,1354.0385708407584
983.7194485055486,882.6728142548129,1353.4748304612995
985.3045685516541,883.0258317918338,1352.7923562739827
986.7932366623196,883.3078868159134,1352.0460733724437
988.1558486761622,883.4840699887426,1351.2962418017523
989.3715475871298,883.5186336953233,1350.604169353813
990.4369536192052,883.3978003975151,1350.0106962680582
991.363504923991,883.1456217203582,1349.5241954034889
992.1674585507527,882.7949350166928,1349.1363879058838
992.863341307393,882.3638681209372,1348.8346968839808
993.4618567450876,881.8751650763356,1348.6023669034516
993.9687713634646,881.3696583394158,1348.4256377416918
994.383796159138,880.8868259261656,1348.301879044625
994.7012263731574,880.4502054522168,1348.2326388448805
994.9108214979126,880.0669419618757,1348.2124997605902
994.997145766585,879.7272799126597,1348.2270962320197
994.940310138055,879.4143536178449,1348.2550665684248
994.723011537064,879.1194695200124,1348.2729355905465
994.340611897079,878.8382413460898,1348.2678798884674
993.7998670929969,878.5593388089951,1348.2387449297494
993.1069089617283,878.276456025823,1348.1709139734116
992.262054092041,878.0038766834191,1348.0247754469037
991.261564900127,877.7611313443093,1347.7654415636569
990.098578286046,877.5537900895297,1347.3907858113132
988.7676067372325,877.3819471029416,1346.9258331082106
987.2706068122422,877.2479314934687,1346.413025259004
985.617386390324,877.1518094034477,1345.910422649324
983.8225493791925,877.104343356924,1345.4705178644138
981.90167770778,877.1368804403364,1345.1138702122776
979.8684083709593,877.2705286922571,1344.8389867344952
977.7365774466242,877.491717179223,1344.6429327184683
975.5241535989709,877.7799211970522,1344.509292173454
973.2517760235921,878.1349375819195,1344.3956956768002
970.9388958326571,878.5646453837918,1344.258931949388
968.6110667489255,879.072076701874,1344.0976151635712
966.3168286403713,879.6582131294579,1343.9778868195976
964.1234261051077,880.3157902856987,1344.0133633955231
962.0846544894112,881.01409541053,1344.293646201365
960.2160671456235,881.6978338915752,1344.8158884869672
958.4940714949103,882.3164559976894,1345.4886029632326
956.8725215787309,882.8625429870343,1346.1964104676124
955.3095149358979,883.3721161079663,1346.8522255093549
953.7864800002202,883.8896564437861,1347.4076146312439
952.3092545223168,884.4412638467091,1347.8441362208405
950.8993826255607,885.0319609136704,1348.1592684993318
949.5814597998549,885.6537038807562,1348.357215085861
948.3681064248141,886.2910842348027,1348.457226502188
947.2537384039392,886.9271382054065,1348.5025758138518
946.2243813507063,887.5501621549816,1348.549001244897
945.2702585705695,888.1531713708173,1348.6430143408636
944.3909837547415,888.7330200129705,1348.8083193121172
943.5951821213987,889.2948887660805,1349.0480783436565
942.8949020963628,889.8480944423354,1349.356476225681
942.2998538856928,890.4004708854433,1349.7205256447967
941.8161698620465,890.9635086809035,1350.1197922301303
941.4527906008892,891.5505913877512,1350.5507543970236
941.2306907668433,892.1724933203503,1351.037193837804
941.1680461215315,892.8391499226432,1351.581900171981
941.2551656454009,893.552502672802,1352.1353565568868
941.4673921779157,894.3047317847986,1352.6352071691783
941.7929169701479,895.0908306979334,1353.0418079921935
942.2340859248183,895.9110105988057,1353.3330501202772
942.7962199943574,896.755755326757,1353.5009817674777
943.479852149188,897.5919684820444,1353.5605174437505
944.2804137693795,898.3775404000897,1353.5388908270145
945.1960419748812,899.0929601273779,1353.448837283317
946.2316383981538,899.746696822072,1353.2814278072685
947.3941424031125,900.3543372524902,1353.0198232108326
948.6895529459456,900.9172209720382,1352.6563010056118
950.1271770825582,901.4237871966254,1352.1978133973262
951.7184118462285,901.8744045069933,1351.6595226877705
953.463280942295,902.2846954513318,1351.073480617572
955.3442934308566,902.6632241375816,1350.4973652541107
957.3371775966706,903.0084071813196,1349.9867846455581
959.4191060792405,903.3251582527168,1349.560269086575
961.56507684694,903.628908466682,1349.1984747387423
963.742455858326,903.9294939737283,1348.86935060198
965.9179864646876,904.2272832054263,1348.5494350590734
968.0780046554535,904.53658965096,1348.2316127923823
970.2323692502308,904.8908018347336,1347.9314723585087
972.3892547217612,905.3047776828613,1347.6935080528524
974.5344138218038,905.7485218174596,1347.5749790799036
976.6386000143222,906.1713122331676,1347.6057705596756
978.679453427747,906.5405732546909,1347.7652534147383
980.6579555623911,906.8638498489622,1347.9929140699621
982.596363527295,907.1917331585405,1348.2086096078417
984.5168520435888,907.5888902935405,1348.3373201959287
986.4232742278999,908.0929310715062,1348.335119907464
988.3062007966698,908.7094557333456,1348.1917577703655
990.1569493742128,909.4256389948927,1347.9158473292032
991.9675049399877,910.2062983389404,1347.5249062698515
993.7209627787117,910.994137351084,1347.0416597626004
995.3869938726428,911.7221033439143,1346.5011616118197
996.9297437567368,912.3233477021256,1345.958153271637
998.3247621944097,912.7500800483879,1345.4708694347257
999.5665719167149,912.997019125888,1345.0768734427884
1000.6616799064602,913.0978664866955,1344.7916851931416
1001.6202876623912,913.0932757549505,1344.6243557468608
1002.4515780754053,913.0065581703399,1344.5824940526554
1003.1614278136578,912.8483724967716,1344.662388048697
1003.753693750437,912.6339199137901,1344.8449318697021
1004.233977547551,912.3884669187416,1345.10218298249
1004.6124636439026,912.1397276436029,1345.402599069303
1004.9026885389645,911.9084111412068,1345.7149334303892
1005.1168248287903,911.7032208481401,1346.0109716292611
1005.260796682748,911.526293273474,1346.2633050279017
1005.3296924797592,911.3814720916075,1346.4474642832665
1005.3074892825971,911.2702164203642,1346.5492097797912
1005.177409943267,911.1859430699637,1346.5648687446733
1004.9305454670076,911.1248296508168,1346.4938992825766
1004.5593142812288,911.0981835200165,1346.3304179901463
1004.0499644988529,911.1193744748437,1346.0690292229974
1003.3844582190665,911.1797936214641,1345.724209287967
1002.5432793787212,911.2513104783175,1345.3265922984958
1001.5090324911918,911.3129880663463,1344.8934759242748
1000.273386432259,911.3664380688487,1344.4227440357572
998.8423195305814,911.4237174931344,1343.9219998694307
997.2362354159254,911.491632898835,1343.4288520130888
995.4804411943363,911.5713877757107,1343.0010199762394
993.5927528910539,911.6626980694427,1342.6952702787355
991.5891260795702,911.7715031410827,1342.546309063347
989.4962047589277,911.9117318349398,1342.5560141446665
987.3453033265164,912.0905899305994,1342.6999198201672
985.1616839313847,912.310629583068,1342.932456387855
982.9659022551461,912.5828889343903,1343.1968860794364
980.7803159682076,912.9103521135025,1343.4589163431513
978.6292745167079,913.2735533091692,1343.736620123957
976.5320550869295,913.6487629608857,1344.0936618994285
974.500337646323,914.0166352770962,1344.5957272363441
972.5365719402133,914.347872284253,1345.2564059636027
970.6261478936328,914.6111648750373,1346.0144479718556
968.7367690537874,914.803477721633,1346.762864958094
966.8345803527428,914.9517474565574,1347.4082196421032
964.9106469205153,915.0893578523383,1347.9126470921808
963.0027078149076,915.2466780289234,1348.2931448809716
961.189094112845,915.4467254362401,1348.5933690367265
959.5415291347972,915.6852749358793,1348.849551112564
958.0822912828249,915.9250835596915,1349.0770647508327
956.7989891233867,916.1324721708409,1349.283309813291
955.6768109035996,916.306754677976,1349.4797018764891
954.6977753197231,916.4566548598215,1349.690098845962
953.8347182485657,916.5738481530557,1349.9515309684616
953.0659838479523,916.6499718405928,1350.2900209163176
952.3873939608129,916.698016859331,1350.7007122039067
951.8033838341837,916.7412501485585,1351.1606594288596
951.3153854265977,916.7962938283343,1351.64675294263
950.9202186175954,916.8724660892369,1352.1379857287754
950.6072460773994,916.9715651681619,1352.6163575427802
950.3600046657334,917.0905315577612,1353.0633078053088
950.1753610383734,917.2380476888727,1353.446942226136
950.075708813575,917.4350276125349,1353.7310906997777
950.0899549566846,917.6872026564928,1353.90943625482
950.2295289198812,917.9769615744483,1354.0123964024433
950.4894791853862,918.2858622591066,1354.075146106381
950.8619027788609,918.603226242682,1354.1180967146931
951.3427761114237,918.9158521282525,1354.155109624383
951.9366471345409,919.2152566981184,1354.1939011319512
952.6595133095466,919.5120184097999,1354.2241004296145
953.5288524620406,919.8130646063838,1354.2269843008914
954.5510537911341,920.0937163792986,1354.1949430930938
955.7260094433767,920.3235810841586,1354.1191094437147
957.061396044199,920.5107088466278,1353.9690227769538
958.5763240655525,920.7023690895496,1353.7052267669699
960.2905017562192,920.9459671956328,1353.3070551796757
962.2091682432869,921.2523974871963,1352.7857526519547
964.3126977408998,921.5924324061034,1352.1750218418283
966.5624006184395,921.9236642581259,1351.5059613972285
968.9221916170894,922.2227368425168,1350.799726497963
971.3607969151424,922.488534571609,1350.0961231472104
973.8294741667646,922.719240859866,1349.4698113246218
976.2623263342144,922.909561871776,1348.9956767741385
978.5987054534414,923.0574493810387,1348.713965721354
980.797946216079,923.1462964775139,1348.6376917421057
982.8549344559307,923.1541573831829,1348.7619333710434
984.8045989939436,923.1017417872565,1349.0575746376041
986.6949548785026,923.0496871675501,1349.4748170899056
988.5575192966458,923.0406747509094,1349.950176503455
990.4023777767198,923.076922532957,1350.4132821789183
992.2315836177622,923.1517222181942,1350.8016857199143
994.0493830540122,923.2704103341575,1351.0730448362178
995.8572631294427,923.4287391909063,1351.208798374848
997.646562656373,923.5917018131549,1351.2110901263422
999.3987755357798,923.7125441782282,1351.0919911408512
1001.0907727489309,923.7681694783962,1350.863107228473
1002.7006233672148,923.7636661684662,1350.5390133785515
1004.2110909494318,923.7076035363949,1350.149218781666
1005.6122111208738,923.597594733677,1349.7406699376913
1006.902777973017,923.4252444311462,1349.3646591148029
1008.0873310055592,923.1897067409525,1349.052118324293
1009.168873825886,922.9086297973627,1348.802187287713
1010.143133914659,922.6056452482711,1348.604606146043
1010.9981605175464,922.2853699318679,1348.4637891672091
1011.7214450903034,921.9350218115816,1348.3923435974425
1012.3114391621657,921.555508419676,1348.38496070226
1012.776453878703,921.1751278897975,1348.4058203533903
1013.1192499898301,920.8190187897852,1348.4141758381054
1013.3327082667431,920.4821857512993,1348.3968826714504
1013.4121739898319,920.1468118608145,1348.3623408273897
1013.3598196866828,919.8096996576022,1348.3132116618856
1013.1763942825515,919.4828141612732,1348.2385160373976
1012.8609840473725,919.1807411149894,1348.1264945514286
1012.4181491904131,918.9138925028295,1347.9749298368467
1011.8552256638731,918.6807895601219,1347.7867030676423
1011.1759348435351,918.4717302629861,1347.5559241701985
1010.3813228238589,918.2929215165514,1347.2616401502896
1009.4641515769208,918.1599494094376,1346.887016157362
1008.4010837104047,918.0602616446479,1346.4471596360406
1007.1708969091185,917.9603739163548,1345.9845081583785
1005.7791191032024,917.8475529411371,1345.5391987194828
1004.2501820050653,917.7415526140429,1345.1358093935887
1002.6057882055588,917.6743255356017,1344.795129023433
1000.8619188558129,917.6703281990455,1344.5498567654054
999.0350107404687,917.7417785784553,1344.4415934719516
997.1385657120593,917.8885318719082,1344.4969181705317
995.1769723993863,918.1043386062679,1344.7046366407308
993.1484373161102,918.3896867851548,1345.0171912866524
991.0564701085948,918.7501347160163,1345.3748906534217
988.9242195557819,919.1857105264468,1345.7287417541243
986.7922384063647,919.6880766521754,1346.0528221673649
984.6962841174766,920.2404221048455,1346.3534196417236
982.6575260383155,920.8194513808289,1346.6626308033651
980.6841918376624,921.4001467160508,1347.0088440953773
978.7624750887982,921.9593856252325,1347.387998707332
976.8630463167417,922.4899449185805,1347.7563628392854
974.9728522638327,923.0172625544866,1348.0507510467921
973.106631888798,923.5812194282573,1348.2292087762726
971.2899770667633,924.2006211316444,1348.2949498899093
969.5478133618365,924.8689307816951,1348.2831173122975
967.901587529153,925.5669335168158,1348.2392905411407
966.3662284354962,926.2718230532189,1348.203925601467
964.9534918459984,926.9691064132795,1348.1998207363981
963.6769964901714,927.6504816356683,1348.2396833765488
962.5475494679974,928.3010958770462,1348.3430712726672
961.563603979374,928.9044047287448,1348.5326233383241
960.7104248945257,929.4527128993495,1348.8197676973857
959.9702040311289,929.9469968908936,1349.196021169723
959.3290692257676,930.3889694689829,1349.6337958545532
958.7733549319165,930.7675430278492,1350.1030005937928
958.283128742564,931.0562159222377,1350.586423417254
957.8388148128879,931.2400335663666,1351.0669020489433
957.4438097930099,931.352096122423,1351.4974128626745
957.1291585957041,931.460378123806,1351.8101452425371
956.9221626937169,931.6032840736586,1351.9742880712438
956.8227661844575,931.7655275806801,1352.018034765525
956.81975686631,931.9209163490228,1351.9849574464413
956.9156561313464,932.064605395321,1351.8973059519642
957.1308822771233,932.2119753619206,1351.7559812775712
957.4908340483855,932.3910549993964,1351.554420648402
958.0035782174311,932.6175709870089,1351.2996213536435
958.652296793907,932.8726136244194,1351.019480251329
959.4218137135024,933.1288416276682,1350.73693511234
960.3226136943177,933.3916784066937,1350.445689825185
961.3790075152665,933.6955107703112,1350.1229171039715
962.6083758828022,934.0635440305512,1349.763247070194
964.0155425464385,934.4859628845635,1349.3942543138587
965.5916280547117,934.9410927211264,1349.052657443376
967.3145819389612,935.4259510208351,1348.7464526663157
969.1542944262114,935.9566677662575,1348.444682290842
971.0745948788987,936.5335706768382,1348.1037927341176
973.0370898241421,937.1225561243817,1347.6960537078535
975.0124316024827,937.6965039745047,1347.2098230022282
976.9869835357563,938.2656130960855,1346.6525427742363
978.9591352603389,938.8403045432499,1346.0828988770713
980.9271959305984,939.4033657884903,1345.6127995324284
982.8747448855581,939.9362965611895,1345.3389050378505
984.7702579142244,940.4454766009367,1345.2707329152447
986.5847792424281,940.9500048257615,1345.3335743521707
988.3074746382313,941.4504990424518,1345.4374718366817
989.9468671918452,941.9325734089286,1345.526193881252
991.5220524831394,942.406526294856,1345.5641301541336
993.048557902867,942.912895400634,1345.5150028425794
994.5280453398669,943.4809291797601,1345.3512928996727
995.9520167520784,944.09839799884,1345.071891315305
997.3151454656523,944.7207638526106,1344.7003330764574
998.6213914262232,945.2928241855084,1344.2684184546956
999.8742987684014,945.7649243048968,1343.8018910484243
1001.065507473523,946.1164275959055,1343.315484117165
1002.1757336456485,946.3628721856894,1342.827145203708
1003.1814973905883,946.5232636292202,1342.3790446399441
1004.0583391101621,946.5943969023491,1342.0317951607394
1004.7850673887664,946.5648676129599,1341.833711103469
1005.3544734568068,946.4407430730591,1341.7994260430678
1005.7765645529781,946.2516891192056,1341.9160276682824
1006.0623942510131,946.0335400722449,1342.1589422124744
1006.2101453102482,945.815288615626,1342.4947373503637
1006.2119325397886,945.6237082439263,1342.8825184923392
1006.0665104053439,945.477853270085,1343.2880712821714
1005.7820965425947,945.3772231178716,1343.6901035927624
1005.3722450432376,945.3179535755148,1344.0665167552809
1004.8516752025637,945.316155567909,1344.3852486080386
1004.2319861510773,945.3959605047075,1344.616551833655
1003.5153976950289,945.5645310796822,1344.7459324223457
1002.6921309345257,945.8130562784227,1344.767368645974
1001.746219660954,946.1264653939284,1344.6758565744674
1000.6583721585367,946.4798676451383,1344.477025343332
999.4037419575218,946.8402728710287,1344.1919797897078
997.9614543075191,947.181876140937,1343.8478011750888
996.3284760061707,947.4970016690027,1343.4783613284546
994.5203275131686,947.7966529231436,1343.1326490667282
992.5670296326584,948.1042207954625,1342.8639564047048
990.505693124411,948.4408212882047,1342.7104377694702
988.3652824329739,948.813519865615,1342.6881298110493
986.1644406471929,949.2219216920136,1342.7859876710888
983.9272260661008,949.6663535468304,1342.9635159514332
981.6880648986848,950.1428859625406,1343.168207611748
979.4815185556987,950.6444940155169,1343.3614306928669
977.3392729230482,951.169951296766,1343.5378296819622
975.29556648309,951.7284491416098,1343.732930112818
973.3838500952853,952.334221432642,1344.008514279303
971.6194761079842,952.9774904609656,1344.4194425172745
969.9894133037799,953.6068881695222,1344.9687351697107
968.463295927022,954.1651266596716,1345.5773952198722
967.003001255789,954.6317755527044,1346.1170398123822
965.5666672631104,955.0301257060399,1346.4869445939255
964.131056725626,955.41264010494,1346.657923796894
962.7163766051543,955.8357195635846,1346.6600607956343
961.3816939888038,956.3333361856188,1346.5584759035787
960.1974121402878,956.9106958325531,1346.4371007912503
959.2163038434576,957.5552796293634,1346.3780323291555
958.4551348222911,958.2401945664147,1346.4443279553795
957.8952860346709,958.9230385112241,1346.6743668213178
957.4987329911169,959.5562511873202,1347.082399142412
957.2246031010993,960.105681102908,1347.654703190328
957.0425929905584,960.570025494155,1348.3399922979327
956.9403184730988,960.9750106668735,1349.0645978168802
956.9178003622034,961.3429041336562,1349.767117393865
956.9773426103048,961.6844210649292,1350.4079921318614
957.1164203551863,962.0039547818577,1350.9676915748885
957.3264027207604,962.2932736787017,1351.4511766689275
957.6021063851377,962.5427556922683,1351.8689570818287
957.9509123927072,962.7620907961575,1352.2080321658257
958.3880091263411,962.9726432775476,1352.438650297894
958.9242475536831,963.1817635325143,1352.545133402614
959.5606252630267,963.3705796183599,1352.5329740744796
960.2949949257825,963.5106459362946,1352.4066300650488
961.1381592365397,963.6004913074381,1352.159457439078
962.125303313682,963.6853181902777,1351.7902941989353
963.2961643587292,963.8193312277243,1351.3171396949515
964.6612453109245,964.0043981338558,1350.7840090351306
966.2035726150528,964.1960475974231,1350.2620897880827
967.9013671482065,964.3711335518328,1349.81887014009
969.7323969374742,964.5599461231099,1349.4780522529468
971.6662043186301,964.8077136764134,1349.2201247633177
973.664461602532,965.1302243397336,1349.0064195325913
975.6937249273506,965.5182302330053,1348.788812373199
977.7370290621342,965.9562041784642,1348.52033901155
979.7931441500634,966.4258793121193,1348.1822910542335
981.8691564445729,966.9202049456343,1347.8035487437144
983.9696561739906,967.4542887498442,1347.457881813787
986.0781864747237,968.0403702504359,1347.2380630713853
988.1421369069906,968.6532648257211,1347.2048453802038
990.0848083726291,969.2234464429602,1347.3467694017577
991.8455798335425,969.667561727279,1347.5926753387064
993.4178788791291,969.947124651626,1347.8563674624588
994.8521194703678,970.104082876117,1348.065002295018
996.2168910374251,970.2331004634295,1348.1583367098403
997.5521424097773,970.420430168939,1348.0927840556237
998.8597623832405,970.6988895169357,1347.8668036510337
1000.127909019206,971.0455220485666,1347.524233324203
1001.3484897770796,971.4081694879441,1347.1245848925241
1002.5159367435904,971.7300736386496,1346.7205369837413
1003.6229214109317,971.9764686856311,1346.3482833758676
1004.658164729524,972.1521730621597,1346.029241078736
1005.6046027144246,972.2815557179092,1345.7891321939815
1006.4410718244972,972.3861077967632,1345.6622618679453
1007.145860404884,972.4829056361312,1345.675675867049
1007.7048631458306,972.5753223356198,1345.849232901464
1008.1239042482274,972.6514556170366,1346.1996118587012
1008.4215552684069,972.706783333169,1346.7224047418229
1008.608311804348,972.7589518019101,1347.3761982590875
1008.6896085693154,972.8381198317136,1348.0960991251973
1008.6798138331319,972.965081865223,1348.8227571687366
1008.5946161191825,973.1353038766136,1349.5168045126536
1008.436758353355,973.3209059025107,1350.1561254133085
1008.1952206834059,973.4908842245067,1350.7264147426927
1007.8542291398552,973.6353578406813,1351.209866351143
1007.4057170558908,973.7634469303223,1351.5873924160435
1006.8532967028642,973.8736573769175,1351.8537543846264
1006.2026804864274,973.9475106684356,1352.0167711433355
1005.4505663818073,973.9802540305285,1352.0795746822387
1004.5808721024806,973.9872071589311,1352.038321082416
1003.5724608032631,973.9729309835716,1351.8967061685105
1002.4094155896596,973.9232840312555,1351.672138810045
1001.0807349295384,973.8250579674411,1351.3927160815767
999.582162186295,973.6815619955685,1351.091044856071
997.9239354322707,973.5179707505469,1350.795287357883
996.127709102116,973.367419646281,1350.5278033071024
994.2157103262032,973.2450113662444,1350.3160541349039
992.2043447253537,973.1409963926203,1350.1959119566511
990.1047803439071,973.0466547535348,1350.1893136382243
987.9284124407543,972.9762704984585,1350.2876098466572
985.6938031634904,972.9588839175602,1350.4593000465795
983.4284411672253,973.0280656064838,1350.6506403604365
981.1599819483905,973.2076087296246,1350.794951489667
978.9100664371663,973.4843615353303,1350.8609249436452
976.699805322313,973.8090822578027,1350.89294234656
974.5494105628815,974.1330377206036,1350.9839063805648
972.46623504226,974.4318324585769,1351.2020839398965
970.44113621356,974.6972400328208,1351.5424790210634
968.4594886496475,974.9246308794773,1351.9302357911447
966.5108335257448,975.1068981924999,1352.264425742891
964.5908780660285,975.2360251154035,1352.4705866319982
962.70374612971,975.3150450036409,1352.5183127503542
960.865616300827,975.3621481749155,1352.405780045699
959.1045728449269,975.4002070062472,1352.1459043679743
957.455452586907,975.4432973140629,1351.771222185975
955.951645592394,975.4902372789052,1351.3478926561356
954.6154912427211,975.5294743547215,1350.9695786309226
953.4548945981137,975.5513926632148,1350.7246018722874
952.4690967425491,975.5597914383882,1350.6639013864715
951.6511849948789,975.5761449987172,1350.78534462309
950.9853058971671,975.6284216700578,1351.0405506989475
950.4469236806158,975.7230614106401,1351.3702983509752
950.0068089068267,975.8343146704077,1351.7405493595359
949.6394907479097,975.9258088041476,1352.14533010393
949.333136026875,975.9739181678306,1352.581347278959
949.0878411182628,975.9786075751431,1353.022572010219
948.9023534843179,975.9562633651442,1353.4208399929632
948.7698745633763,975.9223482802838,1353.7302671727557
948.687672394775,975.8823600791883,1353.9280309264686
948.6654106850184,975.8289132454677,1354.013340006229
948.7248982313896,975.7493493363062,1353.990657744781
948.8897026885561,975.6376128919907,1353.863938649805
949.1709912167659,975.494151311022,1353.6476791752173
949.5668081548258,975.3326542344605,1353.358674834515
950.0763766382979,975.1887752286467,1352.994543670082
950.705900541618,975.0917161767705,1352.5494021362501
951.4607465235462,975.0265662969725,1352.0437107275088
952.3452918807286,974.9480548914566,1351.512159344606
953.3687525188736,974.8242055492561,1350.9779098681815
954.5441296935339,974.6539620262349,1350.4594061054956
955.8829918130324,974.4572571860957,1349.983995294681
957.3850436462965,974.2604829043092,1349.576471916304
959.0282130054945,974.0857087447989,1349.2419160608124
960.7735037992798,973.94647838477,1348.964118557299
962.5753239502174,973.8540594726866,1348.7101065528668
964.3854545585866,973.8159845208647,1348.4426864929294
966.1622124582652,973.8173246189358,1348.1476160967666
967.8861108543176,973.8299206740629,1347.844933659093
969.5637726163791,973.8523809252949,1347.5747811181948
971.2129940283573,973.9170743490846,1347.3859099473848
972.8376929857884,974.0521845271104,1347.3280839747124
974.4109834198794,974.2425551227061,1347.4317071540636
975.8878699334749,974.4325975672607,1347.6789181906609
977.2393298584539,974.5727444744027,1347.9958621512365
978.4694616239356,974.6610356927175,1348.280412075979
979.6061410666682,974.7436753102293,1348.4420936254216
980.6887305313239,974.8809835843301,1348.4305774357383
981.753900593143,975.1116722928186,1348.2389681451928
982.8139494956523,975.4403251354785,1347.8890746355523
983.852056431606,975.8447252104968,1347.4218266866137
984.8420206759944,976.2857417098614,1346.8928809517126
985.7650150044765,976.7145157712464,1346.3584404396206
986.6101920078493,977.0877547676512,1345.8589803243756
987.3674219751799,977.3782958538751,1345.4295955594098
988.0224621239299,977.5702874175632,1345.119880450803
988.5585785086492,977.6604046461935,1344.9798822123582
988.9601248454961,977.6612310720516,1345.0361723813023
989.2158377402768,977.5883239831453,1345.2934412726122
989.3196393239878,977.4489523357722,1345.7384379477026
989.2680099547321,977.2451418031844,1346.3376176196932
989.0649359662738,976.9795398847367,1347.0474446567725
988.7337966989322,976.664697962302,1347.8206428566423
988.3093089817153,976.3236242094373,1348.6014247174878
987.8097318951936,975.9761279155596,1349.3324605090934
987.2320103632752,975.6367911486334,1349.969048120803
986.5732952539277,975.3173444528904,1350.4886771239642
985.8369304233306,975.023222271506,1350.887043059034
985.0191814060088,974.7635640048615,1351.1544109744436
984.105355944913,974.5569065655209,1351.2642235588473
983.0784528652622,974.4146359694153,1351.195136037407
981.9249681528704,974.3262887609742,1350.9558837786037
980.6341774218008,974.2588897393927,1350.587301821302
979.1993476675693,974.1782131570872,1350.1442617214225
977.6215900915278,974.0821923702072,1349.6724882690983
975.9096129471272,973.9994499787086,1349.2020696116128
974.0770949164037,973.9546441897018,1348.7615467215367
972.1396943884077,973.9525315712199,1348.3871806500208
970.1150900549649,973.9902799544075,1348.1081284415818
968.0304972350466,974.0634336642196,1347.925019223248
965.9243815704937,974.161681435442,1347.8028662062195
963.8319889916454,974.2798587397091,1347.6757930796307
961.7774544606207,974.4303940418996,1347.474883416715
959.7876029560994,974.625229360562,1347.1888491073796
957.9004133578587,974.8467956039673,1346.9005367846344
956.1554236130679,975.0577088806491,1346.7266239071578
954.5775929151702,975.2255488940135,1346.7093508526327
953.1585565274786,975.3080038164144,1346.7854133782794
951.8541388298096,975.2541045229306,1346.8435984685461
950.6103936135913,975.0626766765396,1346.7930385957507
949.3990929026229,974.809131979949,1346.6025209923116
948.2364732235515,974.5973940838529,1346.300713268544
947.1675883115768,974.4953766611526,1345.9487069644745
946.2319631118916,974.5104445261295,1345.615186132766
945.4481093593494,974.6175731770729,1345.3640799187997
944.8215252189708,974.7985945794791,1345.2445925840568
944.3477075372564,975.0483682507662,1345.2759431245122
944.0034181044398,975.3515114664484,1345.4454020363287
943.7507384187869,975.66625990693,1345.7304634315713
943.558546688277,975.9474808631213,1346.1109614952443
943.4177791976531,976.1830809609542,1346.5597363216143
943.3362807901143,976.3911097869074,1347.0409696595066
943.3228952725068,976.5884622567718,1347.5209317154763
943.3795436707488,976.7789170522799,1347.9750748592649
943.5044739397503,976.962650492631,1348.3849079359684
943.6987641646281,977.1427759694454,1348.730364446797
943.9716942561146,977.3254817430014,1348.9906551691847
944.3391445369522,977.5169302035156,1349.152825147048
944.8144313442925,977.7142775129721,1349.215845654935
945.4038159496874,977.9035388240178,1349.1866971981995
946.1113706431402,978.0782671267442,1349.0710883078582
946.940592258556,978.2502834020045,1348.869715167511
947.8913994736497,978.4255239665248,1348.587415955508
948.9618878019227,978.5839680160453,1348.240042066663
950.1547689257376,978.7026135923793,1347.8462346227068
951.4828493971386,978.7886917317543,1347.4188737153859
952.9642031463537,978.8729823806298,1346.9766322521157
954.6072734033958,978.9781507265832,1346.5606093455492
956.3969064639518,979.1108534040148,1346.225344085446
958.2935849119164,979.2751871850436,1346.0121174594008
960.2518025000325,979.4781515198478,1345.929795961887
962.2370573238985,979.7261580349243,1345.9498961001837
964.2247541949885,980.0229472457067,1346.019511667454
966.1982279537068,980.3708532005196,1346.094889154786
968.1519258162051,980.771886281525,1346.1722421488173
970.0819033855691,981.2264495608486,1346.2872907135607
971.9672982468485,981.7309360591175,1346.4909285893978
973.7672530751124,982.2747382902695,1346.8175515978621
975.440241183101,982.8306864365509,1347.2587072079718
976.9672699203726,983.3512790078153,1347.76474808439
978.3577220417073,983.798690154654,1348.2721248003659
979.6398010894991,984.1809790437391,1348.727274882528
980.8463520365467,984.5425288470549,1349.0938026111094
981.997814861025,984.9272684124143,1349.3469548992175
983.0994710484258,985.3618067972832,1349.46769719919
984.1574467238217,985.8592563536507,1349.4495103582785
985.1836407528019,986.4235395818245,1349.3060092617138
986.1839325626627,987.0458729541905,1349.065491298936
987.1496174427507,987.6939943049916,1348.7661350198794
988.0568486777915,988.3144927107151,1348.4522578718543
988.8715247472214,988.861694402738,1348.1612381601258
989.5625248536619,989.3176881498911,1347.9198114681972
990.1146337614626,989.6794507489712,1347.7569332011913
990.5276681617305,989.9437336923338,1347.7089287436277
990.8091592765885,990.1091596531463,1347.8082316203547
990.9676955630322,990.1793073068642,1348.0671881672895
991.0045757448966,990.1557491732731,1348.4684382285334
990.9139869326223,990.0342434491964,1348.9708989215965
990.6994280095842,989.81797545754,1349.5277985025425
990.3859757262383,989.5286905681301,1350.1008130299977
990.0035516827156,989.1969695120785,1350.6605836069748
989.5598174159007,988.8519527489914,1351.1775070823985
989.0414266401813,988.5181630081513,1351.6192645393762
988.43706596014,988.2059537202617,1351.9627336726971
987.7475077625793,987.9127212550362,1352.1999015047907
986.9767788499938,987.6413425538939,1352.329631008183
986.1229823343936,987.4043545716346,1352.3526713425217
985.1759828651716,987.210503603513,1352.270756364393
984.1177834647176,987.058165599889,1352.0836687081492
982.9261118322396,986.9404661409546,1351.7897076709821
981.5826217792351,986.8497066224501,1351.3924298069426
980.0793354774814,986.7766975008692,1350.9093554712074
978.4163741526792,986.7173212566342,1350.3736964039588
976.5970900969829,986.6808955705771,1349.8304129387218
974.6247972244778,986.680807208621,1349.3320283261999
972.5002864140472,986.7190789288805,1348.9289240919557
970.2263416804682,986.787191184937,1348.6517581877515
967.8164663971983,986.8832471862416,1348.493540892145
965.2955452941521,987.0192172229545,1348.4106547785616
962.6922950338908,987.2070500101659,1348.3525998403093
960.0436985382039,987.4578343395907,1348.3008517904832
957.4082048029259,987.7919045506297,1348.289757971119
954.849281667123,988.2188087243428,1348.3884207161768
952.4003381441528,988.7098964158848,1348.6464398680591
950.0596332483541,989.2161853011042,1349.0426684102
947.8077293944422,989.705654117093,1349.4851600022846
945.6180347299698,990.1659199830922,1349.8701034517924
943.4644415260316,990.5931546202129,1350.136899005678
941.3328009188207,990.9969821218234,1350.2649527318451
939.2310561239404,991.4009854752892,1350.2523161877127
937.1875611889257,991.829960294822,1350.1262327548072
935.2336601472747,992.2985662995577,1349.9530246387023
933.3890854127487,992.8067039548911,1349.8121127474992
931.6645454383995,993.3397107253238,1349.7603159713356
930.0689297415106,993.8721855324746,1349.8182943484667
928.6080868900663,994.3718794915371,1349.9853100629746
927.281043144663,994.8019777023429,1350.2618956517465
926.0791204334046,995.1317932410044,1350.6496258734646
924.9865811011267,995.3559706953898,1351.1348978086721
923.9872680061335,995.4940890019922,1351.6849820805905
923.0694153796975,995.565865064993,1352.2574791688608
922.2191305084473,995.579824765587,1352.813727727473
921.4230339897151,995.5447249873446,1353.3308967603396
920.6827339707047,995.4766649137124,1353.8020349234184
920.0144927811531,995.3993001118397,1354.2211287443643
919.4388105208287,995.3413005897385,1354.5692785236024
918.9753911385505,995.3226913825882,1354.8195945237962
918.6389175154987,995.3460275121913,1354.953963052067
918.4376595853214,995.4074753019695,1354.9719395840075
918.376169020596,995.5091165651545,1354.886373639202
918.4545801949057,995.6570456996146,1354.7146146717942
918.6689746817026,995.8504080409203,1354.4765795198848
919.0195047476758,996.0730848470921,1354.1971345941638
919.5172708590208,996.3054037585295,1353.8980287947377
920.1802926693176,996.5462110135533,1353.5860777180144
921.0226306184968,996.8090892897968,1353.2600886419107
922.0475788739146,997.1011402397585,1352.9252511592647
923.2520882352976,997.4193335376067,1352.5912996208133
924.636224875109,997.7644763037239,1352.2638970058954
926.2026751672339,998.1477651993285,1351.9446495687876
927.9446122019065,998.5782865015948,1351.6361622280665
929.8381652369916,999.0535025573337,1351.3423277473398
931.8484060837139,999.5627265727676,1351.06293463088
933.9414663794897,1000.0931696430181,1350.7879748907633
936.0969945598393,1000.6461309480629,1350.499997574156
938.3109439372037,1001.2420079243502,1350.2020898452133
940.579530493085,1001.8927640847216,1349.9541496753745
942.8825482402831,1002.5935827847447,1349.8584901100733
945.1822169449133,1003.3432716994969,1349.9978760305444
947.4319533973143,1004.1365314161098,1350.3870966716072
949.5913382088394,1004.9431020961077,1350.9652470504493
951.6425019662489,1005.7250939118046,1351.627197148646
953.5978602645087,1006.479928797818,1352.2672705856553
955.4894169208674,1007.2488030608614,1352.8000954511265
957.3441609403587,1008.069473635106,1353.1686218999841
959.1705565465884,1008.9359379712056,1353.3551703626338
960.9643729990846,1009.8113254332675,1353.3783171693606
962.7141815512231,1010.6568879878391,1353.2670672568568
964.4011550958,1011.4359347819901,1353.037422820717
966.0055693326711,1012.101679307516,1352.698511236935
967.5128001853101,1012.5966002609281,1352.2780590983546
968.9083150182732,1012.8733737693427,1351.828546954978
970.1770230519337,1012.9215675828525,1351.3994469033642
971.3152288791514,1012.773483159466,1351.0093467209513
972.3352087869212,1012.4810637857358,1350.6470843193792
973.2541822014944,1012.0903797464139,1350.288018424115
974.0878826842875,1011.6420518470875,1349.912174201617
974.8496889879666,1011.184066720373,1349.5186871708786
975.5428080020347,1010.7695823722772,1349.1189069569173
976.1592012965854,1010.4415703512659,1348.718757580987
976.6889981981789,1010.2196194390718,1348.3180628112289
977.1223243182809,1010.0969454942782,1347.9218199169004
977.4393629940128,1010.0434134267098,1347.547978405518
977.6041064789138,1010.0112715726284,1347.222693062746
977.5777320877962,1009.9532582966839,1346.960349255705
977.3387429248155,1009.8406414249496,1346.749989669406
976.8844927752625,1009.662359034277,1346.5681119986884
976.2193882307809,1009.4247163325709,1346.3996567978966
975.3481657583005,1009.1561218988945,1346.2385438359356
974.2761465882861,1008.8957309026465,1346.0763308034032
973.0101960440967,1008.6729030579608,1345.907266563952
971.5584740430714,1008.4962300023884,1345.7449655775154
969.9328508332727,1008.3606069220046,1345.6231002727673
968.152140199151,1008.2646027476369,1345.579416148907
966.2400323712001,1008.2164548307178,1345.6422178449961
964.2201287234946,1008.2297733282644,1345.8202463155753
962.1131863227062,1008.3234121919818,1346.0910030488708
959.9369466235494,1008.5167261768738,1346.4031173827614
957.706349143706,1008.8133678485984,1346.7022896362053
955.4377593522624,1009.194603961439,1346.9573319924375
953.1606185163054,1009.636413756491,1347.1696957315871
950.9213841703879,1010.1224054351223,1347.380511746225
948.7708710051395,1010.629677010242,1347.6655211954828
946.7479400340226,1011.1185777201641,1348.0838861922766
944.864543019308,1011.5471656146868,1348.614162109945
943.0973030098021,1011.888535381766,1349.1582142021211
941.4011143429722,1012.143287217038,1349.6065577254676
939.7388099359516,1012.3454671402197,1349.8866222865963
938.0986466371561,1012.5391738364394,1349.9689976536877
936.4925688137411,1012.7409523748308,1349.8616129956422
934.9501045445727,1012.9452925206949,1349.6051054031136
933.5051069563654,1013.1600522104137,1349.2598907156369
932.179951444077,1013.4045618871662,1348.8907788019399
930.9900135557897,1013.6837251834921,1348.5640842704297
929.9523107941332,1013.9845343333544,1348.3476050310271
929.074749255774,1014.2855470032215,1348.2953787940662
928.3495830337456,1014.5688085351031,1348.4238450157527
927.7598066086105,1014.823842085872,1348.7075030970207
927.2816536544964,1015.0381885719931,1349.1023843366727
926.8942178790487,1015.2078293409106,1349.567053485823
926.58947241442,1015.3544057634132,1350.0641014710623
926.361204083334,1015.5097204346731,1350.5574610844862
926.1970900157534,1015.6932328986559,1351.0151435184475
926.0880700280695,1015.9085181847096,1351.4151937433408
926.0327143752893,1016.1478789508262,1351.746029946809
926.0350851269113,1016.3983510288516,1351.995851998173
926.1068550038011,1016.6496605259684,1352.1479227923016
926.2647614339719,1016.8987793257423,1352.195238393477
926.5199261932595,1017.1462838774592,1352.152297363615
926.8754477309107,1017.3946162735783,1352.040232514795
927.3349622564125,1017.6495080030904,1351.8681047392074
927.9050131301109,1017.9111817536237,1351.6392461472883
928.588330791978,1018.1673035606306,1351.3637538396342
929.3828847835646,1018.4079154627277,1351.05138781128
930.2909741433141,1018.6406077363949,1350.7017442683814
931.3248961501005,1018.8771341401666,1350.3159970922457
932.5019767740156,1019.1166191415654,1349.9093961092549
933.8381593522893,1019.3588283937037,1349.4993438729152
935.344055357117,1019.6217166035702,1349.0925097434265
937.0211213573336,1019.9311573708349,1348.6891334882484
938.8610128147149,1020.3032335352389,1348.2871780627283
940.8469475550917,1020.7439774302184,1347.886316830895
942.954054282963,1021.2583165993764,1347.5057662997233
945.1461690701963,1021.8525151129886,1347.1951854858553
947.3678638283301,1022.5260232749582,1347.0113177799105
949.5450919815044,1023.2552238717733,1346.9855818021838
951.6085825868371,1023.9927316219795,1347.1142228131046
953.525110112872,1024.7019297752017,1347.3644595089374
955.3058480904224,1025.3862258750805,1347.6943000784895
956.9869139690062,1026.0719788375109,1348.0723801132287
958.602984489014,1026.7736179925223,1348.4692196244387
960.171869354862,1027.4873004959868,1348.8402906567756
961.6957021425977,1028.2045224685219,1349.1381109703898
963.1743585885384,1028.9169317226836,1349.33364425879
964.6166470656555,1029.6212610679315,1349.4110568603835
966.0360481187627,1030.3255143385454,1349.3544451466914
967.4387493820734,1031.0334279326398,1349.159729510372
968.818415032001,1031.7186489116045,1348.851551753327
970.158464380593,1032.329244753789,1348.4724735879897
971.4389732824627,1032.8238945874486,1348.0650620771469
972.6441529698071,1033.1999775239417,1347.670548021558
973.7647684622871,1033.4863609572126,1347.3297453506955
974.7961553854035,1033.711861459754,1347.0796332978473
975.7358257550919,1033.8873329448545,1346.9487076149167
976.5805530462048,1034.0144525027563,1346.9535583244801
977.3234650953912,1034.1006614708103,1347.0975428798315
977.953392405447,1034.1631451089438,1347.3666449287157
978.4565514875758,1034.2175080288448,1347.729658214664
978.8238963586547,1034.263940984068,1348.1498109995368
979.0584403011793,1034.2852812242813,1348.5976035182416
979.1722113521394,1034.258981123372,1349.0487028073321
979.1782136825024,1034.1771949776312,1349.4704811734819
979.0843429699893,1034.0584433294284,1349.82049739093
978.8907008629909,1033.9370469288897,1350.0617196396365
978.5902919725495,1033.8370225492376,1350.1763876563136
978.1722218777505,1033.7532530010383,1350.1671279067036
977.6264879077349,1033.659108349405,1350.0489321885498
976.9448596132579,1033.5349112424517,1349.8390256714138
976.1177454718991,1033.3833664390445,1349.5492744130322
975.1346149492506,1033.2185291561245,1349.186431913452
973.9878961515293,1033.0555530999275,1348.7625784387853
972.6775123948552,1032.9076233864437,1348.3083681603166
971.2127236810529,1032.7799742626805,1347.8759696274687
969.6061373349,1032.6738225784436,1347.522093655559
967.8693150329511,1032.598974070901,1347.2872692964843
966.0164687404467,1032.5707245947797,1347.1977787008445
964.0642004094389,1032.597211576388,1347.269071724815
962.0287704120732,1032.6864399444955,1347.485358268154
959.9315724410093,1032.8570124813746,1347.792831799762
957.803286141432,1033.1184314620357,1348.1378061220382
955.6800504644109,1033.4527380615327,1348.510837556437
953.600013748005,1033.8392586893185,1348.9482279361662
951.5955807748954,1034.2821492608084,1349.4932151686317
949.6788430442188,1034.7907829835713,1350.147919565645
947.8380248439809,1035.3476347685544,1350.8517054214135
946.0473874020771,1035.9215687938013,1351.5090549339175
944.2775019489671,1036.506703781948,1352.0410050569203
942.5086781496483,1037.1247965203108,1352.4120651716084
940.7457605962971,1037.7891732949543,1352.6260985180954
939.0195054304137,1038.4877102258408,1352.7098002267953
937.3752605082891,1039.2043965736393,1352.6980096936036
935.8552342707999,1039.926635827732,1352.635689349306
934.4829384157481,1040.6248427362584,1352.584570201253
933.2658581875382,1041.256326248195,1352.6100966782556
932.206854967251,1041.7897459139617,1352.7599756139907
931.3048801290815,1042.2151657496152,1353.0504810988261
930.5495484531435,1042.5417650696766,1353.4639413535704
929.917565036344,1042.784754501181,1353.967116314224
929.3785819696184,1042.957149327337,1354.535111626257
928.9107642754144,1043.0813684071898,1355.1496631460732
928.5060080052839,1043.1882506704474,1355.7855787192516
928.1624055005035,1043.2982855586495,1356.413633724407
927.881088707513,1043.4237408061435,1357.0048590134415
927.6669765148672,1043.5777829227295,1357.5227191561582
927.5275845213015,1043.7648430879783,1357.9264861583154
927.473852745426,1043.9809023710447,1358.1939428920768
927.5254656056285,1044.2274419922846,1358.3339208837788
927.7091299475011,1044.5098492183295,1358.3696750791091
928.0406181985334,1044.8278234773466,1358.3178804019813
928.5162533266205,1045.1742638819233,1358.191084103266
929.1293359669704,1045.5368430568908,1358.0054911817774
929.8815161607208,1045.9043074910792,1357.771472827411
930.7794493053718,1046.2758433789975,1357.489414774348
931.8343372548242,1046.656677844719,1357.16520201033
933.0572439630826,1047.048302390822,1356.8163364620227
934.4470376048309,1047.4540444671209,1356.455728727643
935.9897792102583,1047.8874370510284,1356.0816585736861
937.6658116488038,1048.3645029064546,1355.6892220559293
939.4514856828273,1048.8937259393533,1355.2777972746787
941.3237954548649,1049.4785389473282,1354.8441588975684
943.269791756105,1050.1229019723296,1354.387514128653
945.2875248847162,1050.8308621981625,1353.930429550223
947.3764915535154,1051.601463537115,1353.5299650402303
949.5271690146211,1052.4234455797207,1353.2692553150384
951.714699267018,1053.2775697664451,1353.233029521513
953.8980075367491,1054.148121702819,1353.4692410629664
956.0309475571097,1055.0281550891411,1353.9525093771413
958.0855383251554,1055.9116936593105,1354.5810082524767
960.066014290212,1056.7917166921277,1355.2193506527897
962.0003849660819,1057.6764993715365,1355.7502303141696
963.921483514408,1058.6023492723923,1356.093723431051
965.8507739025417,1059.6150651076946,1356.198744185344
967.7917758790812,1060.7360431363277,1356.0346098381253
969.7311626071257,1061.942890196344,1355.599379636574
971.6419721829993,1063.168977109461,1354.9295234710191
973.4924722205556,1064.326744427754,1354.0927237689436
975.2567321220063,1065.3460929641628,1353.1754074572352
976.9129093980769,1066.1910390981839,1352.270718299743
978.4339747046345,1066.8484815294457,1351.4606540482746
979.7913743886778,1067.3216845561462,1350.8031012281353
980.9700202189587,1067.6331695130643,1350.332389091146
981.9708439361343,1067.8150916506213,1350.0627469571978
982.7979995451344,1067.8946665530752,1349.991183510334
983.4519013881954,1067.8949318351465,1350.103697701859
983.9354169786185,1067.8428100236654,1350.3763088118349
984.2587986037844,1067.7690220285504,1350.769488635435
984.435710841236,1067.7003469086726,1351.2281776697228
984.4795373684218,1067.6543416597033,1351.6927255795322
984.4044544416587,1067.641890281852,1352.1119167073075
984.2266662287385,1067.669940766151,1352.4470851747446
983.9604269755459,1067.7390384918597,1352.672535880887
983.6082753359915,1067.842485371088,1352.7759995353615
983.1594518709093,1067.972468683996,1352.751317035294
982.5981484157414,1068.1242433881002,1352.591304420456
981.9025848835034,1068.2902713702006,1352.291843709026
981.0410983758476,1068.4536121615952,1351.8602760405295
979.9828209042442,1068.5918403150417,1351.3199478872264
978.7125008279796,1068.6925089785877,1350.70693266382
977.2350106719718,1068.7637900363493,1350.06270357429
975.5699957068156,1068.823026522608,1349.4312017789991
973.7423834395245,1068.8769198574353,1348.856866082761
971.7783508892273,1068.9203463507095,1348.3783731606566
969.711570780852,1068.957849309265,1348.0200998553912
967.5882518186073,1069.0148404675065,1347.786197758026
965.4582247305885,1069.1185664450013,1347.6622450780856
963.3584986320664,1069.2807206363846,1347.6241938673866
961.306046252772,1069.5002109175211,1347.6540929800203
959.3040627763401,1069.7698961813735,1347.757181291417
957.3515433932781,1070.0787485662909,1347.9611273118555
955.4493501775363,1070.4107610435592,1348.288772218772
953.6004695419139,1070.7439725495026,1348.7224614424726
951.8012316949043,1071.054203412314,1349.1863799293722
950.0316853028108,1071.3257186807712,1349.563406908172
948.2642940775536,1071.5656952596266,1349.743013407951
946.4924679542497,1071.809463054716,1349.6727545195286
944.7508599443216,1072.1047428794477,1349.3808099965754
943.1060505389431,1072.48429654931,1348.9614361630636
941.6267854391162,1072.9455980414216,1348.53990287047
940.3555941087808,1073.4523836166006,1348.2343147242366
939.2969195212719,1073.963549683113,1348.1208592114945
938.4227490517868,1074.4609637241742,1348.2177343238982
937.6929087158906,1074.9445162984732,1348.5041321546712
937.0774951803115,1075.4102694728508,1348.9476258250015
936.5592257487855,1075.8435466817018,1349.5088274443185
936.1225443134495,1076.2289325168645,1350.1408102663509
935.7513510947231,1076.5615340742095,1350.796420762532
935.4325333724832,1076.8505319105918,1351.4312911579527
935.1571715976864,1077.1132154170796,1352.007003200512
934.9195758854584,1077.3634256507207,1352.4973759373624
934.7141999462721,1077.6020011664864,1352.8849457691078
934.5409137354944,1077.820301128519,1353.1548635626887
934.4184688748825,1078.018004997108,1353.300997303902
934.3791700359457,1078.2116765228736,1353.3302124142615
934.4472878513562,1078.4246366085245,1353.2532544343767
934.6334325446055,1078.6763722555058,1353.0775058159475
934.9412055149335,1078.9770124273273,1352.8116999591848
935.368557950677,1079.3215979312079,1352.475428770662
935.9144626236065,1079.6909343806462,1352.0971441815593
936.5915338867194,1080.0690706391447,1351.6969052077732
937.4248408545714,1080.464487549744,1351.283359315849
938.4368874689224,1080.9076851947311,1350.8749237114785
939.6328691971297,1081.4275109285536,1350.5061373093622
940.9958834304538,1082.0343431781666,1350.2067666142084
942.4958844110624,1082.7199787061345,1349.9830161752373
944.1024669517874,1083.4643303001233,1349.817445823891
945.7922152145702,1084.2485998302698,1349.6884857942043
947.5527056860316,1085.0745190792782,1349.5942301871014
949.3809239055585,1085.9681252746,1349.563288659481
951.2702703581044,1086.9565494172791,1349.654753950862
953.1917937149572,1088.0399631970931,1349.9396295622676
955.088510596271,1089.1798313780077,1350.4625978855213
956.8951042784349,1090.309582508822,1351.2115610156568
958.5690548561223,1091.370057629496,1352.1113038516194
960.1112861206877,1092.3488859744675,1353.0452733208124
961.5643364089237,1093.2883708123438,1353.8972193433156
962.9811599343963,1094.2548142778041,1354.5787943853595
964.3865281036357,1095.2955298742047,1355.0322845618
965.7724547394671,1096.4146314636926,1355.2325605526319
967.1225728357298,1097.5770027266426,1355.190346942846
968.4268175106599,1098.728851394392,1354.9407973137586
969.6770608806063,1099.8158643240781,1354.528501188901
970.859348013385,1100.7876313380268,1354.0037854126365
971.9554611124161,1101.6006961094613,1353.4196346242566
972.9519067951089,1102.2338442215846,1352.8247484333613
973.8434596156371,1102.7039890226608,1352.2620707266528
974.6285538442028,1103.059921640588,1351.770801171589
975.305671857572,1103.352012273213,1351.381552935096
975.8740663942409,1103.608019457546,1351.1094456538888
976.3339018254001,1103.8370378129732,1350.960562199199
976.6833849438085,1104.045893510489,1350.942909025164
976.9147395288032,1104.2434219851593,1351.0610286552994
977.0166892357165,1104.4329869758792,1351.3025696109355
976.990158682858,1104.6116595072097,1351.636878797545
976.8562078839573,1104.776974917271,1352.0211898846444
976.6382949763455,1104.9284423063045,1352.4023929414368
976.3472526391337,1105.0684856677658,1352.7238650591098
975.9865819864799,1105.2067059754277,1352.9437839711463
975.5570315673701,1105.354734934152,1353.0446384631048
975.0536291507987,1105.5126209296243,1353.023690998205
974.4679034241373,1105.6674732608378,1352.8824978088721
973.7925775904587,1105.8071975143037,1352.6242879785575
973.0153339730631,1105.9248706619403,1352.2537857281895
972.1161184804948,1106.0116933988008,1351.7834435690509
971.0846602911498,1106.0601910490666,1351.242693181636
969.929795183605,1106.070386001926,1350.673648298877
968.6642529846862,1106.046955485562,1350.1159523076194
967.2964342632981,1105.9978690841776,1349.6019044664683
965.8387011038849,1105.9342848398069,1349.1630530354562
964.3064075848911,1105.8658113619626,1348.8234212612317
962.7078937077315,1105.797229444228,1348.576335706459
961.0482179990362,1105.730344322344,1348.3791119105424
959.3423167587688,1105.6685607313793,1348.1829535507686
957.6205478505859,1105.6231455086,1347.9796148818352
955.9290692900895,1105.6169117533282,1347.83536735362
954.3193934292003,1105.6746425492036,1347.8727637698503
952.819411700212,1105.797523758549,1348.1870531087493
951.4118392940551,1105.9428744510167,1348.762035905744
950.042824160765,1106.0417819042912,1349.4650896771593
948.652209680884,1106.057679651918,1350.1216343146616
947.2052944576919,1106.032467833316,1350.6022593228893
945.7041681666735,1106.0604461609778,1350.858214764406
944.1748519540139,1106.2142818021832,1350.9014897402806
942.6519180113153,1106.502631476742,1350.775375705146
941.1719328258188,1106.8821466596437,1350.5415360623026
939.7673184472982,1107.29112102305,1350.2718977020581
938.4587487435016,1107.682355370749,1350.0338509767132
937.2526602593151,1108.0381698396232,1349.8791726368624
936.147973481938,1108.3596763239132,1349.8439745913404
935.1471283783285,1108.6529528884141,1349.948306625971
934.2575969336363,1108.927053502528,1350.1951721707037
933.4818932246807,1109.1953334001591,1350.575515854063
932.810058660258,1109.4740959275068,1351.0733601628096
932.2211293496886,1109.7781568287926,1351.6666709452186
931.6903541315161,1110.1168507817654,1352.3249529845389
931.1976486813852,1110.4937995933183,1353.0091650071788
930.7324367585973,1110.9059499443968,1353.6768504844927
930.2962605698326,1111.3447525423314,1354.2888952424064
929.903569202147,1111.802517619435,1354.8180373747841
929.5724502464841,1112.270230977762,1355.2502006628224
929.3100090729275,1112.7338600481064,1355.575227519148
929.1139564918709,1113.1861901234677,1355.7874163428842
928.9902800548423,1113.6342645843795,1355.8926348540372
928.9602881447934,1114.090761519348,1355.9037695746806
929.0484346329689,1114.5679921338328,1355.8371956252158
929.2679037600852,1115.0755341266536,1355.7141140476954
929.6187782054076,1115.6147243806956,1355.5521449622704
930.0978316555502,1116.1785382447092,1355.357264466459
930.7063746420145,1116.7562659288465,1355.1319462372082
931.4467406039367,1117.3388338749055,1354.8886623481715
932.3144586151906,1117.9282800829524,1354.650240101075
933.299689808782,1118.5405446478594,1354.4398698766363
934.3924237888286,1119.1903412520987,1354.2729044140065
935.5821466720922,1119.873909198769,1354.1515497356859
936.8613426374013,1120.5742586385575,1354.06257678492
938.2253666868123,1121.279450167678,1353.9814247405993
939.6593768935122,1121.9876514207203,1353.8807278472636
941.139691296916,1122.7091980387784,1353.7394625655197
942.6541934235598,1123.4689231805432,1353.5569680530234
944.2078826193635,1124.2881278538684,1353.3694365204703
945.8054809168017,1125.1669697354316,1353.2476654057361
947.4278912986879,1126.0892665089577,1353.2661239041709
949.0240623751506,1127.025753511384,1353.461087773705
950.5339282811158,1127.9294771094676,1353.80748188446
951.9228481670214,1128.7511935671453,1354.231957444474
953.1936909975291,1129.4751563967716,1354.6459922634444
954.3724231800288,1130.1331117379314,1354.9724359820048
955.4867461618064,1130.774824805247,1355.1627907726388
956.5538852649581,1131.4272741797408,1355.2058479556606
957.5795374660198,1132.0795453250064,1355.1204555838701
958.5619741777239,1132.6986147029415,1354.9401430355188
959.497013630265,1133.2526440811812,1354.7014141870864
960.3800840645639,1133.7165941579663,1354.435597656431
961.2059990687984,1134.069025102263,1354.1641540773362
961.9705870184338,1134.300136904403,1353.8994387042003
962.6709253468641,1134.4211460138927,1353.6482042693274
963.3066896882634,1134.4589371453278,1353.413855965514
963.8810782462114,1134.4401971624698,1353.1974820798007
964.3926699703263,1134.380858049482,1353.0003141051825
964.8358802748412,1134.292967351691,1352.8251693930083
965.2144469044651,1134.1960145335597,1352.6733562519134
965.5399212856458,1134.1122738140646,1352.543246570442
965.8147771413963,1134.0516276187896,1352.4322108645836
966.0238710210701,1134.0047336671853,1352.3358997327168
966.1436027535685,1133.9521782330703,1352.2474491551252
966.1531286045656,1133.8776318934108,1352.158293723219
966.0355967405487,1133.7741353924234,1352.0589410918676
965.7854607675375,1133.6479053537369,1351.9416243235785
965.4144427412332,1133.5163663270982,1351.8011027312036
964.9333273673171,1133.3953548903164,1351.631896953193
964.3347015120469,1133.2888394925747,1351.4267743680352
963.606482520092,1133.1939763384303,1351.1776969957782
962.7519443270435,1133.11173059091,1350.8807317181431
961.7833104665301,1133.0452368847905,1350.5433581160148
960.7066740143958,1132.9923118406443,1350.18733066341
959.5221599774083,1132.946449985299,1349.843523945371
958.228057254288,1132.899986531275,1349.538751892906
956.8237641964694,1132.844602458193,1349.284836846
955.3174458053343,1132.7743727196212,1349.0809904420262
953.7318670734526,1132.6884170693988,1348.91918150422
952.0991195615518,1132.589438529181,1348.7793997928266
950.446022745316,1132.483907299682,1348.6255252580963
948.7887627446777,1132.3858736876757,1348.4196126320617
947.1443829105838,1132.313250305066,1348.1502561251873
945.5380209113,1132.2759190869722,1347.8585489234547
943.9962345619508,1132.2735304880453,1347.642950094793
942.5342675387284,1132.2981735944118,1347.6187982111044
941.1472857195625,1132.3277778181853,1347.8468901084684
939.8193249130351,1132.3243863805733,1348.2918033128203
938.5392476217362,1132.2494257871767,1348.844107657248
937.3033212985513,1132.0917627157228,1349.3824698927754
936.110661935933,1131.8901374777,1349.8235319319053
934.9627734533431,1131.7171960681255,1350.1289899536237
933.8670177377442,1131.628171590988,1350.2887367675823
932.8340504025873,1131.6257439043861,1350.306691464843
931.8667352904356,1131.6708800986366,1350.1916353045933
930.9575194062594,1131.7169779906444,1349.9587074423753
930.0948911377657,1131.733116398073,1349.6417373646693
929.2641286486153,1131.705865553545,1349.2941365035472
928.4506360414522,1131.6325536450381,1348.9758754978784
927.6533357483963,1131.521996684173,1348.7426408246051
926.8915392797636,1131.3964519278509,1348.6366125660873
926.1930976283472,1131.280208325828,1348.6781184561837
925.5742689257429,1131.1874257262764,1348.8648701215882
925.036723892684,1131.1226101569944,1349.1793444103673
924.5831283932389,1131.0880304315988,1349.5984057009168
924.219656115198,1131.0933138382827,1350.0957047544678
923.9431029931434,1131.1546445092868,1350.6399306621875
923.7430040810405,1131.277200889829,1351.1999230738454
923.6155904713452,1131.4429509539798,1351.7485710639792
923.5648155160818,1131.6241859742518,1352.2570414925797
923.5967192850454,1131.807967233905,1352.6918019604955
923.7199896089661,1131.9983689642086,1353.0258741079035
923.9419849906063,1132.1959578514616,1353.254610193556
924.2606182651749,1132.3884104126676,1353.39271531168
924.6685639040177,1132.5674713729059,1353.452819584636
925.163874242994,1132.742891608232,1353.4343669414313
925.7523723397302,1132.9273203601356,1353.3324156703916
926.4441633927025,1133.1172848697206,1353.1502162124198
927.24896545335,1133.2973391401292,1352.905726531745
928.171078165175,1133.455778387571,1352.6310606987795
929.2071045549774,1133.5979273265252,1352.3660537382823
930.3477766179165,1133.7485198992633,1352.1504243287611
931.5798086904708,1133.9367352828076,1352.010977196592
932.8847707223921,1134.1805889015845,1351.945760541595
934.2406597212041,1134.4861711612768,1351.927098693519
935.6304295724385,1134.854103148389,1351.9214464483557
937.0476027383894,1135.2895100331273,1351.9035129473132
938.49128702129,1135.8053618696495,1351.8708297244375
939.9550796989188,1136.4030139322344,1351.8598937160623
941.4176249716149,1137.0539629349835,1351.9361825078927
942.8476025498471,1137.7082715021472,1352.1566875185938
944.2208121890042,1138.3103069676883,1352.5339957855558
945.5280214766324,1138.815906000978,1353.0220321618658
946.7719060702833,1139.218422117396,1353.535036148147
947.965569748989,1139.553065931295,1353.9873951510315
949.1307830495559,1139.8688729151272,1354.3169359457422
950.2878836509084,1140.2048940199572,1354.4836864880153
951.4433714418527,1140.5782899315318,1354.4680902879554
952.5879060636869,1140.972380224914,1354.2746484153508
953.7030310920686,1141.3416438170943,1353.928195163703
954.7689399620608,1141.6318142864232,1353.4660830069206
955.771173569601,1141.7928901565806,1352.9350011224942
956.7008643801373,1141.7897624659527,1352.385299185726
957.548582307132,1141.6126009436125,1351.8613635284457
958.3067685630475,1141.2797078631713,1351.3940266474926
958.9770774927526,1140.8320775592797,1351.0000859757718
959.566471650667,1140.3180391311735,1350.6920771605712
960.0824774667904,1139.779788516729,1350.4824907801164
960.5341761680448,1139.2524624356743,1350.3750813619172
960.9296216664347,1138.7629394513408,1350.3619681050313
961.2728116359103,1138.323136925469,1350.4307716267654
961.5644416492496,1137.9347109081464,1350.568648218598
961.8041464270501,1137.604485454798,1350.7601817038737
961.9911354918839,1137.3436341861916,1350.983010443173
962.1204287626557,1137.1497993089754,1351.204402952638
962.1818857208171,1137.0038726474354,1351.3865325800443
962.1687628270236,1136.8871670504882,1351.4989991760883
962.082218953407,1136.7941316638066,1351.5243589662082
961.9212028487727,1136.7312485727305,1351.455665308577
961.6772831901891,1136.709641403804,1351.2934464467749
961.3457216703306,1136.7346981577357,1351.0422833002335
960.929789627616,1136.7992472993774,1350.7091499231005
960.4284614145897,1136.8890622125562,1350.3034728666444
959.8282655154237,1136.991167167473,1349.8386013821466
959.1096517133354,1137.0931991958753,1349.3362865416855
958.2591959409376,1137.186096081989,1348.826596550444
957.2800637292603,1137.2734041608605,1348.344555385406
956.1919844344133,1137.3675777386036,1347.92881200592
955.0198734295748,1137.4780439431888,1347.6150630063655
953.7852017536045,1137.611383388093,1347.4259019005965
952.5046542097525,1137.774415199226,1347.360748946575
951.190859280051,1137.9693646103717,1347.3871029354425
949.8532181839909,1138.1948515150864,1347.4509864927102
948.4991207917881,1138.4554303558332,1347.5117110703868
947.1424553984134,1138.7665453948016,1347.5729449033365
945.8141215948896,1139.1480164336112,1347.6827432869923
944.5494256344798,1139.6060812818484,1347.9021201802698
943.3575103238344,1140.1163933788723,1348.2632715897678
942.2142490256482,1140.6282159441698,1348.7413150475923
941.0864793266375,1141.0928496311217,1349.2590244163187
939.9521315063802,1141.4946419104292,1349.7266659081893
938.8047438573712,1141.8573563870696,1350.0819231741764
937.6580882406699,1142.2188967153718,1350.298086240349
936.5435645976496,1142.5980502986638,1350.373953741266
935.4902978230554,1142.9800300598827,1350.3242122671895
934.509228495118,1143.324893932189,1350.1719187034641
933.5963694933828,1143.5900349408807,1349.9468950229345
932.7404458346037,1143.7522405232728,1349.6892486611255
931.9275970274437,1143.8159410172266,1349.4511687536128
931.1526939516883,1143.8024891842276,1349.2918308352619
930.4288520650223,1143.7333475256316,1349.2636720416317
929.7822454101038,1143.6324994023676,1349.396103023152
929.2417371339534,1143.5328607121005,1349.6886634162847
928.8264496802622,1143.4596607072017,1350.1198322175628
928.530612522804,1143.4185768414611,1350.6589177147096
928.3262080237522,1143.4087627799115,1351.2700927633095
928.1893204044063,1143.4366011069271,1351.9176093917135
928.1198886416848,1143.5130334701614,1352.5699572500102
928.1334712704904,1143.640558225211,1353.1922795838093
928.243267723271,1143.8082159728071,1353.7446948548404
928.4558286692697,1144.0000355407637,1354.1981960683088
928.7746588092458,1144.2008562125416,1354.5432994016821
929.1989076098791,1144.3940877196214,1354.780334622191
929.7242053744249,1144.5644905134445,1354.909962491099
930.3516821937358,1144.706366072999,1354.9325073055106
931.0937140589646,1144.821391211795,1354.851278456099
931.9692630574704,1144.9087771209438,1354.6776490597022
932.9937197865117,1144.9645910958723,1354.4335120786782
934.1688239528092,1144.9886824311475,1354.1455073056004
935.475229440374,1144.988660484054,1353.8351887474075
936.8682657378018,1144.9778213565687,1353.5152464016398
1008.8510470517932,564.2174185366531,1326.7359128253333
1008.7506124299908,564.2365117808575,1326.7641486648317
1008.6523745733238,564.2675805129353,1326.8014301121036
1008.561507721622,564.3160171250906,1326.8507392186114
1008.4839329351969,564.3775600268915,1326.9064067578113
1008.4209124158959,564.4430726345155,1326.9588107163158
1008.370131636921,564.5079103047337,1327.001971134092
1008.3307596519246,564.5780425177169,1327.0371914477441
1008.3037309214538,564.6658158292182,1327.0708986880059
1008.2882610720492,564.7795212009806,1327.1086777658409
1008.281876077035,564.9257419479331,1327.1493999612248
1008.2875887051629,565.1274372736983,1327.1839802121256
1008.3170990432587,565.4232941197433,1327.2018121678539
1008.371107261958,565.8084921869197,1327.204573304295
1008.4237382387223,566.1973602970724,1327.2103888030733
1008.4593183009525,566.5434774005541,1327.229059435767
1008.5008929358576,566.9245827003946,1327.2472011661816
1008.5631939137855,567.3821557531803,1327.259111814789
1008.6204301494071,567.8221819452219,1327.282774122023
1008.6445424326909,568.1541357887978,1327.329920626399
1008.6351793517335,568.3839703090367,1327.3898220952412
1008.6081240741325,568.5628071023742,1327.445460266526
1008.5790870092522,568.7330007959291,1327.4889779210746
1008.5606880982307,568.9178933160615,1327.523050064447
1008.5614776604606,569.1241339677717,1327.553060165281
1008.5805858927428,569.344084315859,1327.579228125869
1008.6101306897903,569.5669195703083,1327.5987219312524
1008.6478583272502,569.7937059602391,1327.6143569660721
1008.7013581750255,570.0370193815957,1327.6350376176335
1008.7777932032321,570.3050895685367,1327.66723391125
1008.8766895139796,570.5900157378386,1327.7110351316774
1008.9936824062329,570.8729488817569,1327.7643440626302
1009.1273431080028,571.1419498221397,1327.827774227155
1009.2835500452546,571.4030313445675,1327.90529167019
1009.4725052740026,571.670532681872,1328.0008096752726
1009.7010607606236,571.9496907022778,1328.1148691215271
1009.970859570313,572.2320461523725,1328.245350632902
1010.2810636627702,572.5070920207451,1328.3903039346128
1010.6292374089364,572.7751349487575,1328.5483605955862
1011.0121723312014,573.0442604035367,1328.7160716050798
1011.4293557427252,573.3181780824798,1328.886710529673
1011.8857867393442,573.5919916471986,1329.0536375389406
1012.3910964905197,573.8562579263083,1329.214026056888
1012.9559051792604,574.1014262657675,1329.3688843604486
1013.5840569571759,574.3120474091,1329.5217802625878
1014.2644864880392,574.4488282830067,1329.6790327744575
1014.9751789860019,574.4460449671794,1329.8487678692243
1015.7071534935427,574.2719595370118,1330.0324175299284
1016.491194449806,574.0191975996019,1330.2132038732213
1017.383605784717,573.8727739129079,1330.3622168528818
1018.4146427504561,573.9515117433737,1330.461034594651
1019.56295993082,574.2181282510776,1330.5173900691868
1020.7791027836262,574.5380389626487,1330.5633908070934
1022.0218909099952,574.7982594948126,1330.6369768741758
1023.2662461946568,574.9471915229116,1330.766893321429
1024.5003588266,574.9881950377562,1330.963755818773
1025.7485855551372,575.0474386080239,1331.1992133271258
1027.0596771208543,575.3228547217176,1331.4153728210988
1028.440591037985,575.8578442089748,1331.5790087848898
1029.846975532124,576.5108647740265,1331.7057262644664
1031.2420706974049,577.1628046775927,1331.8345153501928
1032.6212450256448,577.8172970775963,1332.0025933177217
1033.988725998248,578.5247867813034,1332.2354329602338
1035.3366710549858,579.3084660831294,1332.5373900835498
1036.644268992999,580.1599412834382,1332.8832295144118
1037.8921865759162,581.0611715233896,1333.223709052829
1039.0757742864173,581.999749771942,1333.5073362707803
1040.2059715532273,582.9790304989967,1333.7007845230255
1041.30095876597,584.0192356003179,1333.793140774687
1042.3625209821848,585.1254916598074,1333.7925367454873
1043.3496132726,586.2450455383678,1333.7255826969065
1044.1977814789216,587.2908398989512,1333.6277549608217
1044.873278802025,588.2153014765897,1333.52510295081
1045.3878176497358,589.0319017895586,1333.4324650525778
1045.769783041209,589.7813951474775,1333.3645736496155
1046.042409592347,590.5026929113056,1333.3346956801383
1046.220074783705,591.2217908035906,1333.3480723979617
1046.311112081422,591.9521734536237,1333.4051696769172
1046.3211767880807,592.6976053938198,1333.5054902028915
1046.2523156584864,593.4547474692008,1333.6475263313419
1046.1021205538373,594.2194248355293,1333.8279818107396
1045.8669953570281,594.9876595292666,1334.0384458118526
1045.5442901206611,595.747128738296,1334.2639753930612
1045.133447863557,596.4759069000648,1334.4856650682646
1044.6350752686253,597.1545743883461,1334.6827657141305
1044.0443422586889,597.765403179863,1334.836105076888
1043.3416319545333,598.271785609295,1334.9323503696146
1042.487794622857,598.6176014448566,1334.9635477236795
1041.449071572913,598.7768124346001,1334.921583253019
1040.2442034452692,598.8089297551795,1334.793553869788
1038.935959305056,598.8262657246181,1334.567803661616
1037.5639243888972,598.8966959722972,1334.2482274094607
1036.1182541175697,599.0137106921043,1333.860314376697
1034.5708693762876,599.1439401033474,1333.4460648611266
1032.9037565251203,599.26782398515,1333.0560652208696
1031.1172196446166,599.3891397654083,1332.7385291432283
1029.2263995093774,599.5277121679837,1332.5272035991482
1027.251309968647,599.703258895889,1332.4325163853812
1025.207457735946,599.9194882356122,1332.4338420586394
1023.1026055652129,600.1588711381515,1332.479818887514
1020.9429916399968,600.3836806085377,1332.5111726618763
1018.7419156130672,600.5348453503026,1332.502197847849
1016.5218000798702,600.5444738393902,1332.4985285178216
1014.3212109683102,600.3963381143434,1332.6216438630681
1012.2051276756541,600.1973471156368,1333.0156279387197
1010.2391005111718,600.1263397467851,1333.7583304816285
1008.4389070227736,600.2746220192022,1334.803425699146
1006.7671949391095,600.5882597011279,1335.995175370266
1005.1784411960931,600.9591216248666,1337.1425538344279
1003.6512085111283,601.3130182207867,1338.1006264720152
1002.188442324662,601.6271631948251,1338.806239303233
1000.8020938365636,601.9101036256098,1339.260436558584
999.4940261387766,602.1723406657802,1339.488844096938
998.2459545900381,602.4106919387873,1339.5140034396636
997.0286775447582,602.6153243503018,1339.3585947545032
995.8220799633064,602.7827241877802,1339.0665756077992
994.6248425201406,602.9203739305491,1338.7095707447925
993.4481804586652,603.0422117564352,1338.372514274836
992.3111439542894,603.1640558095478,1338.1368474021683
991.2430371377981,603.303634522942,1338.0644820423236
990.278369673881,603.4772877034354,1338.1819044194078
989.4438325437661,603.6944138544819,1338.4778715725843
988.7503569139769,603.9570479086196,1338.9179036344406
988.1946721261805,604.2641516839371,1339.4622943383642
987.7666178334445,604.6173711669508,1340.0739464896742
987.4551666906766,605.0207679101984,1340.7143029026408
987.2489784793762,605.4719705154213,1341.3409124877676
987.136906285239,605.9555384771036,1341.9135767174575
987.110481409085,606.4460710274918,1342.4001948406062
987.1616798235672,606.9178377861754,1342.778136117628
987.2795896999066,607.3534237131322,1343.036220315934
987.4548328593747,607.7461220123457,1343.177674259983
987.6850644932838,608.095859902793,1343.2173413323649
987.9719075607804,608.4019155914066,1343.1731321257082
988.3160529617612,608.6598427470338,1343.0613571272736
988.7198477252513,608.8658299013096,1342.8978602118002
989.1905007232723,609.0219481845005,1342.6962683416637
989.7370437371567,609.1354216893653,1342.4620966584564
990.3681699874321,609.2123617885487,1342.1930942921367
991.0935138606609,609.2544424312973,1341.8898216695743
991.9230610754445,609.263556460123,1341.563774929134
992.8651563268612,609.2486757139542,1341.2347393354603
993.924387723787,609.2251630964452,1340.9266981237802
995.0998780053749,609.2057214431404,1340.663978904785
996.3872838477026,609.1962590122475,1340.461738200041
997.7817700623817,609.1979551939486,1340.3240719681805
999.278411953714,609.2052719400871,1340.2597495703733
1000.8708182718182,609.214238901591,1340.2952080378764
1002.5436170690859,609.248400434427,1340.4626576488172
1004.2647790858119,609.3724699991196,1340.7656458388935
1005.9957164872708,609.6720772825131,1341.1465273634094
1007.703188883602,610.1711126540171,1341.498540492114
1009.3537890042777,610.7315046291191,1341.7313228623175
1010.9314847290145,611.151518401073,1341.817268613495
1012.4708580218397,611.4085879124809,1341.7779829999977
1014.0301741895732,611.6645098663992,1341.660975209586
1015.634028511648,612.063572189255,1341.5201721030114
1017.2586797594081,612.6215967873779,1341.3884819152588
1018.8543161608512,613.2482836053255,1341.2666836755855
1020.3835517338974,613.8487579860063,1341.1321957316677
1021.842744342034,614.3987333344011,1340.9570667676696
1023.2448888995606,614.9184411485779,1340.7242732513732
1024.5964874912106,615.4226403794303,1340.4293977653656
1025.8920548609858,615.9068477464829,1340.077514985565
1027.1197169871643,616.3587597573338,1339.683535986716
1028.2674533484203,616.7704357272162,1339.2692571478717
1029.328306925658,617.140276974285,1338.8583288170591
1030.3050789254478,617.4720516188061,1338.4728343035085
1031.2058283585072,617.7720345093228,1338.1272987470245
1032.0315901930999,618.0425822358931,1337.8238486302394
1032.7731411233488,618.2818233250654,1337.5577500126722
1033.4186575745193,618.4939363117787,1337.327673137326
1033.959012198564,618.6941554872212,1337.137998755404
1034.3888923759387,618.8980332414521,1336.9921514181788
1034.707968749123,619.1134245153693,1336.887285154231
1034.9184151932072,619.3447006533493,1336.8149339918355
1035.0203931861522,619.59433985042,1336.7629795562427
1035.0123985980272,619.8644891203836,1336.718272206018
1034.8927343793764,620.1624221339791,1336.668825082431
1034.6615593348436,620.4970206510736,1336.6045070629443
1034.325237011604,620.8714842517122,1336.5193197689562
1033.8917686025818,621.2831695280527,1336.4103500340611
1033.360346507488,621.7254532041842,1336.2713887413229
1032.7221331297924,622.188808490354,1336.0921594433978
1031.9683954902682,622.6626042800086,1335.8639520876097
1031.0911284346398,623.1377600331076,1335.5806144378544
1030.079468843449,623.6090379258287,1335.2371301807314
1028.9237070479946,624.06880469671,1334.8359257325176
1027.6211839632501,624.4916604306258,1334.3982536677092
1026.1726924612256,624.8268876011857,1333.9697662442907
1024.5747197895803,625.0130474421467,1333.6117384828874
1022.8272435741362,625.0352924881215,1333.374708444652
1020.9591553983826,624.9937087690723,1333.2676749904128
1019.0299511500814,625.0526366222666,1333.2530269857084
1017.0922109460734,625.2943077234397,1333.272007001077
1015.1665846920431,625.6801733037678,1333.2698823060468
1013.2548815888474,626.131312531764,1333.2079790993487
1011.3595466842835,626.5895901764434,1333.074768469233
1009.4897487521879,627.0307207684964,1332.9011306495186
1007.6635310091398,627.457979404156,1332.7691838792161
1005.9079148088731,627.8862832351532,1332.7923341304117
1004.2457976543733,628.3229395000362,1333.059043247194
1002.6773646143233,628.7567192469814,1333.5746449974988
1001.1796769018499,629.165186056212,1334.252309476031
999.7276709812193,629.5318897886849,1334.9631979030303
998.3147926105786,629.8560004869843,1335.6028680074428
996.9554579802376,630.1493831437464,1336.1262841840662
995.6712920138098,630.4266961711498,1336.5394794833473
994.4737863431222,630.6950249613777,1336.8694497927286
993.3570680171744,630.9518859640383,1337.1392802923826
992.3056296802861,631.1940039337396,1337.3607238001325
991.3070517705638,631.4244459250532,1337.5398523678164
990.3554746542688,631.6479177017889,1337.6816617640843
989.4463701803611,631.8632444550697,1337.7900706623961
988.5780757464418,632.0683209338553,1337.8711610761147
987.7600650714268,632.2708530598258,1337.9373093920533
987.011956676361,632.4876030862313,1338.0049282197713
986.3534782587365,632.7367908250139,1338.0885850626682
985.7988363963947,633.0361799316597,1338.1996750313806
985.3598263041314,633.4034276882218,1338.349422762386
985.048236761843,633.8520984423949,1338.5479786469725
984.8710536965211,634.3866179006006,1338.798685037553
984.8284622979096,635.0028538603747,1339.093796166617
984.9211478493929,635.6940429825186,1339.4159732203889
985.1550206577767,636.4543565442459,1339.7446261153718
985.5346328871217,637.2776021450223,1340.0609743242871
986.0559096491306,638.1564449335489,1340.3496022561776
986.7094126776544,639.0829482051402,1340.6006780510268
987.4862556034,640.0469185527306,1340.8116384307464
988.3785514294322,641.0347413549827,1340.9832859928722
989.3814352976578,642.0316471705454,1341.1117124492844
990.4977391856152,643.0222881111665,1341.1827981605986
991.735209933653,643.9885121084264,1341.1765325604538
993.0977148272771,644.912000728659,1341.0790304159532
994.5834345800027,645.783233187826,1340.8902527307619
996.1892479744367,646.606198869477,1340.6240601304767
997.91150948661,647.3926054572239,1340.3068269782432
999.743146530593,648.1545585313387,1339.9734984205563
1001.6701690787489,648.9020554892716,1339.6553132961867
1003.6728565287248,649.6413742832169,1339.366577377064
1005.7353128408058,650.3737990681198,1339.106355733828
1007.8558507110247,651.0988401198063,1338.8782165887396
1010.045061985875,651.8218747793479,1338.7168872014643
1012.3053216981007,652.5566779195992,1338.6996008814049
1014.6082428787023,653.3149217466558,1338.916954210591
1016.8976297905749,654.0894981026377,1339.413400550065
1019.12182187227,654.8507231658874,1340.148696336827
1021.2701927262252,655.5676681358079,1341.0132671934255
1023.3808988631849,656.2371500237109,1341.8775288323102
1025.510167369227,656.88898468912,1342.6345782709009
1027.6926402214722,657.5612969831321,1343.2143178708452
1029.9289060791652,658.2723392032208,1343.5738582350828
1032.2012723566759,659.0166284399997,1343.6848357494443
1034.4894250276068,659.7858437275881,1343.5337044967055
1036.7702044384714,660.5917015463697,1343.1315766171442
1039.013469038704,661.4563993878015,1342.5202463987303
1041.176390048293,662.3434751826147,1341.7696209262667
1043.2003342275625,663.1083082677716,1340.9661996889579
1045.0318443476358,663.581118336029,1340.190179081868
1046.6482797014457,663.6829821546567,1339.4934990420118
1048.0663977431984,663.458938018012,1338.8930684939937
1049.3395604741959,663.0514028934148,1338.3786510038506
1050.5285123393876,662.6063331360599,1337.9333847108346
1051.6635242991513,662.1900721135834,1337.5494086136075
1052.7402165894762,661.8096922192959,1337.223509934336
1053.742556327134,661.4629650183903,1336.95076281899
1054.6629497047306,661.1535077434211,1336.7281856644158
1055.5041247852691,660.8870956204702,1336.5574963971314
1056.2698851652256,660.664830609792,1336.4407651129434
1056.9587324694996,660.4791529525588,1336.374919165889
1057.563172859162,660.3171084859595,1336.3491960509477
1058.073434323281,660.1665911164683,1336.3437848646772
1058.4831106508166,660.0176201622655,1336.333522972211
1058.7891890843932,659.8583818820953,1336.296923971883
1058.987407992763,659.678142991768,1336.2214620569248
1059.072251038709,659.4791643973249,1336.1034807007063
1059.039962959852,659.2742284169682,1335.9453317710718
1058.8887638527967,659.0705252895982,1335.7514325423065
1058.616804937179,658.8658798070562,1335.525985792663
1058.2197501510957,658.6564385738175,1335.2719946071345
1057.6890494649317,658.4416642371892,1334.992123608129
1057.0125556491253,658.2218056319401,1334.689232446849
1056.1816224384768,657.9932654132274,1334.3648515176496
1055.1985390834907,657.7504233367745,1334.023827725059
1054.0725709825929,657.4887574893696,1333.683217209644
1052.8123968895613,657.2063998764495,1333.3722504261482
1051.4273762303985,656.9081131136822,1333.123373603055
1049.932468194677,656.606272090733,1332.9619881267179
1048.3465888938108,656.315198601027,1332.896968364633
1046.685844009836,656.0431839222047,1332.9131504638742
1044.961331416426,655.7889183259439,1332.9754976776555
1043.18411552164,655.5459576221529,1333.054005925585
1041.3696444891364,655.3106648628203,1333.1559479734444
1039.5367793303237,655.0878257213426,1333.3360928616576
1037.704965504271,654.8898791488426,1333.6666827894956
1035.8898791540928,654.7263722262619,1334.1794794974787
1034.0961933290012,654.5910632057406,1334.8243898019914
1032.317827574268,654.4638228189824,1335.4863233018134
1030.5527166107092,654.3293479920848,1336.0492935266163
1028.8169789571282,654.1898170594166,1336.4517636975252
1027.1416093158005,654.0540157042379,1336.6943220638268
1025.5572295661593,653.9188442512976,1336.809932483342
1024.081777414926,653.7672801903692,1336.833324561563
1022.7161802045907,653.5785270896339,1336.7915662137636
1021.4488177359437,653.3374870572873,1336.707835206688
1020.2651851773135,653.0416770168907,1336.604097183059
1019.1541852687362,652.7018097033783,1336.50013144046
1018.112155621238,652.3379500856695,1336.4123150459816
1017.1466942770089,651.976577641356,1336.3550646871142
1016.2747224743943,651.6453797522479,1336.3437205888392
1015.5151444554452,651.3673309935745,1336.3942873793708
1014.8819704536475,651.159732365185,1336.5192805333174
1014.3805552286051,651.0380828968047,1336.723018698639
1014.0062512900149,651.0186364351711,1336.997469318657
1013.7481436024749,651.1136268254415,1337.320771196656
1013.5994513327275,651.3246502139914,1337.6617869735157
1013.5644548380483,651.6431289922617,1337.988734447053
1013.6531859449572,652.0555459780613,1338.27697611932
1013.8703341667938,652.5461728747471,1338.5121685665074
1014.2116151478493,653.0967875641164,1338.6883031433879
1014.6709866280021,653.6885469874048,1338.8032421804874
1015.2470135790263,654.3075171339163,1338.855556872893
1015.9424420422001,654.9478715036387,1338.844192642403
1016.7640623715466,655.6083433433439,1338.7685382971727
1017.7227451093671,656.2870221301049,1338.6297815984258
1018.8301641095898,656.9813212953368,1338.4356467204805
1020.0942291242611,657.6932086566973,1338.206732580797
1021.5109383004111,658.4326317830298,1337.9788160329808
1023.05394693189,659.2109056977886,1337.7905082697323
1024.6755095680883,660.0282707378806,1337.660187605745
1026.32453418368,660.8727875644067,1337.57622264489
1027.9657266249528,661.7332019513126,1337.5104069347792
1029.585302337865,662.6051270170283,1337.4405757197246
1031.1878426619535,663.48445197138,1337.3675011293599
1032.790233995409,664.3645146888813,1337.3216094038407
1034.4113987659919,665.2389015843246,1337.3610297028922
1036.058586500314,666.1004476597236,1337.5587313347232
1037.7148934304412,666.9417666988736,1337.9738361828845
1039.339117656413,667.7592108938,1338.6147850602542
1040.887621353987,668.5495998180747,1339.4175778930455
1042.3448413654144,669.3066366977005,1340.2601337714477
1043.7356500996827,670.0308634978456,1341.0093390792733
1045.108137447851,670.7381145124992,1341.5666818889426
1046.4983065577258,671.4487724108069,1341.8811022215245
1047.906389170249,672.169278819108,1341.937045942586
1049.3043573554583,672.8816645814146,1341.7435994250663
1050.6576139174026,673.5449813421045,1341.3310368945433
1051.9375381849604,674.1136093060916,1340.7469998251133
1053.1268414682345,674.5706032227488,1340.0500734305647
1054.224290099321,674.950373760108,1339.3039525491095
1055.2387687513858,675.3121410516144,1338.572325087877
1056.1619962083068,675.6442193742446,1337.9118354024408
1056.9526238432684,675.8143918540482,1337.3626566218284
1057.5763944255195,675.7164363171132,1336.9416834616568
1058.0487165540203,675.416983397214,1336.646724369782
1058.4119926617423,675.0604879191433,1336.469113180528
1058.6966039572344,674.7256910251293,1336.3998929236354
1058.912127368179,674.4245600601628,1336.4256043188366
1059.054232377302,674.152900810261,1336.524548099619
1059.119782010709,673.9163018245374,1336.6701914484283
1059.1158167757656,673.7298986051967,1336.8363948230958
1059.04946652132,673.6016939069965,1336.9982924142337
1058.916787359879,673.5229483070073,1337.1317215731308
1058.7060031441488,673.4725295037151,1337.2159117352192
1058.4070125332894,673.4265020290251,1337.237720178673
1058.0156847578583,673.3726001012343,1337.19319733278
1057.5292381916267,673.3181741030402,1337.084017174945
1056.937929712835,673.2740514064043,1336.908639295712
1056.2253859086986,673.2337490189728,1336.656862462492
1055.3756439088866,673.1771828716938,1336.315825014795
1054.3740909988612,673.0877830013155,1335.8789100535746
1053.2094161582575,672.9603538959396,1335.3518966230952
1051.8825667552767,672.7991420995372,1334.7613787162293
1050.4083984426127,672.6127758830446,1334.1571435774295
1048.8078655459724,672.4114546357988,1333.5973230507757
1047.101636136354,672.2059444926016,1333.1250611972546
1045.3105744062943,672.0042206709479,1332.753550394468
1043.4594010379785,671.8109651639493,1332.4653565415592
1041.5724879205916,671.629321228453,1332.2204537549364
1039.6646423194015,671.4588216398583,1331.9703928461079
1037.7408276872598,671.2938256798682,1331.6794464464822
1035.8047439739457,671.1275323740895,1331.3474906053243
1033.8687652725114,670.9608386919697,1331.0235842766779
1031.9599444283076,670.8069417121274,1330.7963439944415
1030.1142884638843,670.6831539605023,1330.7559020035721
1028.360190863958,670.5955668485337,1330.9435601173695
1026.7055371700274,670.5291167525187,1331.3221040786639
1025.139372676379,670.4541117468455,1331.7921565107797
1023.6466523920495,670.3466639516046,1332.2455596275854
1022.22264356047,670.2018041456123,1332.613567233933
1020.8722409882928,670.0259707570721,1332.8754481055344
1019.5971404011981,669.8223472662405,1333.0366402948168
1018.3883860565734,669.588655307279,1333.1060907625128
1017.2320215617516,669.3253915001034,1333.0881869879622
1016.1182501055681,669.0387454155351,1332.9879629985662
1015.0449950103496,668.7372354362336,1332.8187891557013
1014.0159133424069,668.4323706850572,1332.6047018366812
1013.0384361839252,668.1398078484036,1332.3767901451968
1012.1249798578283,667.8737805994588,1332.1665455112616
1011.2912067055854,667.644677468418,1332.0029405585171
1010.5509933668894,667.4661418307743,1331.9127682122898
1009.9164244758935,667.3593731674912,1331.916597192181
1009.398886780665,667.3467550747529,1332.0235689986173
1009.0055885980432,667.4426376715858,1332.2303026221698
1008.7407026150554,667.6499338370736,1332.519996314754
1008.6122976623543,667.9638539352691,1332.8632499293806
1008.6305376821116,668.3783711738274,1333.2259216665962
1008.7972074258674,668.887621384517,1333.5802971356775
1009.1035716112909,669.482546510277,1333.9115433580366
1009.5390258948241,670.1497688163087,1334.2143390286158
1010.0965696314657,670.8719799921265,1334.4825624928892
1010.7710681385431,671.6302584901665,1334.7029138268604
1011.5597127563469,672.4092437687925,1334.858617953727
1012.4662811805141,673.198106744097,1334.9377346677113
1013.4998091968278,673.9884218283588,1334.9377063092638
1014.6683493499326,674.774231581986,1334.8654926033616
1015.9762875346237,675.5520909203083,1334.737716746987
1017.4210319014255,676.3217724393088,1334.5811262862705
1018.9864816347252,677.0882195612442,1334.4278569977353
1020.6452700854119,677.8585986597715,1334.302068068858
1022.3696816130932,678.6361518309402,1334.2092043469984
1024.1389755259215,679.4234313497984,1334.1413114732818
1025.9422827541403,680.2327510059868,1334.0925100728232
1027.7777923737285,681.0841988751365,1334.0724674965425
1029.6471321880686,681.9897437281924,1334.11309577827
1031.5521588063934,682.9444778119519,1334.2638025281424
1033.4933442125698,683.9318834091421,1334.5718740774291
1035.4602955365165,684.9321235655487,1335.0562448390924
1037.4246519531648,685.9277665126522,1335.6896991956567
1039.3539515085845,686.9089031478343,1336.397702764772
1041.2340328249059,687.8777028603986,1337.0762639345628
1043.072857410565,688.845970335404,1337.6233643014236
1044.886783346919,689.8215968878924,1337.9662683216543
1046.6855627830796,690.7925083629368,1338.0713040880619
1048.4617694582882,691.7237494201386,1337.9393765237007
1050.1897321591675,692.5725092319602,1337.5972005055796
1051.8389451945159,693.3071125274178,1337.0879336309588
1053.3889238944053,693.9144580542489,1336.4621860930492
1054.827646039213,694.3929133494227,1335.773900352333
1056.1437870660218,694.7440730312044,1335.0796939042614
1057.3308906960335,694.9770288460634,1334.4337785143987
1058.3930167535252,695.1133018948381,1333.8786442305618
1059.3399364578518,695.1799766256954,1333.4399003936576
1060.1791825802663,695.1982607123487,1333.1275435648884
1060.91168283328,695.1775281404516,1332.938478793275
1061.5337085072936,695.1217986252257,1332.8592586491638
1062.0438756997964,695.0416224017258,1332.8714714777022
1062.4469996768598,694.9533679375228,1332.9535281991284
1062.7506817716044,694.8667874567634,1333.0753167930657
1062.961090548914,694.7819933843465,1333.2002111235493
1063.0827593578274,694.6986494632495,1333.2981894527104
1063.1203733271677,694.6175378721739,1333.3514735468254
1063.07836758816,694.5341535705668,1333.3485886237045
1062.9552171684243,694.4408735523864,1333.281150892871
1062.7421972724176,694.3363192417323,1333.1474253794654
1062.4331247052162,694.2275202926213,1332.9541853711444
1062.0276166854228,694.1208367615629,1332.7111082941178
1061.5193137134304,694.013387567569,1332.4236730742073
1060.8887335062466,693.8959263066865,1332.0935568535951
1060.1133474397705,693.7603329388252,1331.7242309687908
1059.1809135280914,693.6007494047319,1331.3252201176872
1058.0909695270243,693.4111143027279,1330.9127360848393
1056.8491460511405,693.1870609703392,1330.5079415134612
1055.4669219892178,692.931800050364,1330.133955589378
1053.9643460856664,692.6561520449947,1329.8077584116159
1052.3648446510767,692.3707588261537,1329.530093743789
1050.6861232800584,692.083249745029,1329.2843996415293
1048.9358848274446,691.8019163631294,1329.0451126882676
1047.1152844211506,691.535869323498,1328.7901342825435
1045.2296362188529,691.2928979369647,1328.517508372795
1043.2959473999224,691.0776235092402,1328.2599518973834
1041.3398662604109,690.8886173757534,1328.0805669855508
1039.3885706710503,690.7199389960431,1328.041854021355
1037.465224214532,690.5677671190824,1328.1629047118038
1035.5834998122928,690.4319513618227,1328.3962375154372
1033.7447600324633,690.310237212338,1328.6472615142075
1031.9459084002176,690.1959775040532,1328.823952979582
1030.1929870355755,690.0816838093482,1328.8778819653153
1028.5023240661992,689.9596712239265,1328.810377729038
1026.8868336316555,689.8215696355462,1328.6538105751915
1025.3467970631875,689.6613503873288,1328.4527948999694
1023.8778370991276,689.4779442422953,1328.255195656052
1022.4838839775051,689.2787350659673,1328.11170413969
1021.1780452372436,689.0844922792597,1328.076286579726
1019.9774633531376,688.9270663900476,1328.195012614182
1018.9010817066544,688.8370332627953,1328.486793536399
1017.9631470813564,688.8313747361855,1328.936215960077
1017.1656744487069,688.9124339389306,1329.5051059522937
1016.5012593125548,689.0760549101761,1330.1487446044996
1015.9616451249312,689.3175749833596,1330.825682426342
1015.5408289402743,689.6317987950035,1331.5003435194844
1015.2340499350469,690.011802768862,1332.140189394923
1015.0405179391511,690.4495330576083,1332.7158003547197
1014.9631163044799,690.9369320237612,1333.208316500183
1014.9996476688551,691.4667933924233,1333.6134174802282
1015.1417510053705,692.0333893659288,1333.9359995710176
1015.3864594029708,692.6321305026579,1334.1826028281357
1015.7422774500228,693.2589746577213,1334.357821790027
1016.2227923002653,693.9110728950718,1334.4662688151716
1016.8383165817285,694.5867979626385,1334.5158400784496
1017.5924400160403,695.282970388758,1334.5150576292747
1018.4838195076347,695.9929712798814,1334.4671818048212
1019.5134654379664,696.7089421718683,1334.3701934727708
1020.6897105750708,697.4238520101103,1334.2225309931537
1022.0204742202146,698.1331976904944,1334.0299756634258
1023.5004401197954,698.8388065393385,1333.811263315167
1025.109541947709,699.5501279770316,1333.5963426427381
1026.8214444669115,700.2829250063272,1333.4143727126134
1028.6058126901958,701.0563879605211,1333.280190053829
1030.425898700162,701.8860777115898,1333.1895492951166
1032.2478479664362,702.7776031610124,1333.127343798301
1034.0562262916076,703.7250255121169,1333.0851929753774
1035.8580591182842,704.7131529344565,1333.0741749544538
1037.6704665620168,705.7217716232724,1333.1203806827698
1039.4996680452232,706.72728839473,1333.2489455695024
1041.328764069442,707.7027964943625,1333.4732172104632
1043.1222175162782,708.6198401334643,1333.7924731412702
1044.8376395200064,709.4512648718697,1334.1864413144892
1046.4374029186195,710.1760094193709,1334.6077632740664
1047.9003394297688,710.7838941272154,1334.9890033484814
1049.231205704012,711.2756946817034,1335.2682149371306
1050.4575524270374,711.6590284055121,1335.4138328637082
1051.6121519975122,711.944833985419,1335.430029938518
1052.7152571862734,712.1471706619959,1335.345477587952
1053.7686618867347,712.2818888635027,1335.1971991914636
1054.7639412498265,712.3614726959152,1335.0179612864372
1055.6969110820762,712.3942643166563,1334.832894504375
1056.5720208811606,712.389117243905,1334.6634139075247
1057.3911662605549,712.3545560008678,1334.5313419073484
1058.1448817378791,712.2967619089544,1334.4576702019679
1058.8202674902723,712.2240856747685,1334.4564276206959
1059.410662583934,712.1451954567046,1334.5303604791366
1059.9107859564833,712.0599779026822,1334.6711202065326
1060.3096035353137,711.9617417883991,1334.8609613413214
1060.5971632456274,711.8475059829331,1335.0753792490195
1060.7747759979611,711.7201012319232,1335.286465432114
1060.8546337691994,711.5865902900105,1335.4671001221457
1060.8515304418527,711.4593453041546,1335.5971989012091
1060.7731244331583,711.3520923010334,1335.6672963696153
1060.6172790956755,711.2721271421733,1335.6751343269523
1060.3772710817134,711.2175581699969,1335.6203566286842
1060.0457533104818,711.1813466767601,1335.503522146645
1059.6156212339188,711.1590136904505,1335.3274010480086
1059.0804481755204,711.1508984972546,1335.0953155282225
1058.433295439597,711.1552577459612,1334.8075328850234
1057.664600901913,711.1636749176845,1334.460737159769
1056.7622261761758,711.1640512283014,1334.0534469044585
1055.7130018573384,711.1433822353653,1333.5924185033657
1054.506088831868,711.0892523227324,1333.093933127442
1053.1370764702215,710.9947973633632,1332.585884461315
1051.6102794468932,710.8640551726527,1332.109721069532
1049.9416271538435,710.7116418793007,1331.7102596071893
1048.1575989928892,710.5577610421434,1331.419666973152
1046.2866617140187,710.4238848630501,1331.2501464993372
1044.3535498446486,710.3296946832738,1331.1938797550863
1042.3822638922638,710.2888707581485,1331.2251477340465
1040.4004975166008,710.3045771493748,1331.3067696530481
1038.4366105122442,710.3664720955001,1331.4053728418044
1036.5123114147395,710.4533387803783,1331.518549797971
1034.6411906433932,710.5440072967514,1331.6977640259604
1032.830301334989,710.6293454302682,1332.0315583695508
1031.076195741943,710.7165856612978,1332.5812323169798
1029.3600973977457,710.8216373522696,1333.3128865590074
1027.6538500791648,710.9556622359155,1334.0856054390972
1025.9377515701754,711.1242423720994,1334.7117170277588
1024.2152936757614,711.3367473136923,1335.0397829279705
1022.5125809683383,711.6044217289736,1335.0021823629268
1020.868387227233,711.9276912527539,1334.6161924732914
1019.3216396444835,712.2907278646669,1333.9626901161885
1017.8975094391834,712.6730077430873,1333.1638381596533
1016.6027343249331,713.0673414480182,1332.3607185678618
1015.4364335548034,713.4853739486427,1331.6850281840868
1014.4011223919343,713.9474956629053,1331.2284890468686
1013.500592694071,714.4647321232356,1331.0248530614156
1012.7320609478527,715.0281271699525,1331.0604945365615
1012.0849395728114,715.6200697957223,1331.3037763481295
1011.5455717311461,716.2295755384741,1331.7225361364424
1011.1002923961635,716.849189931602,1332.282547855619
1010.7360278508904,717.4662242078421,1332.9423260461774
1010.4399587875308,718.0652884101398,1333.6526347871795
1010.1997200508904,718.6361403968708,1334.3602948844339
1010.0068537902888,719.1750162949129,1335.012044040689
1009.8616869347092,719.6820542029151,1335.55949026166
1009.7749512310617,720.1609228049898,1335.9694237907036
1009.7634384373572,720.6164797936829,1336.231499991126
1009.8448890506884,721.0510140870878,1336.3554900629945
1010.0378774184919,721.4640189069054,1336.3632977433683
1010.3603415146572,721.8536006682319,1336.2815871111688
1010.8219948214304,722.2178353607342,1336.1365059521097
1011.4195730560815,722.556952810958,1335.950601081218
1012.1438069537181,722.8754646716849,1335.7406870333205
1012.9916275527917,723.1820076442539,1335.5168473975625
1013.9706441486475,723.486205419025,1335.283444790548
1015.0931521885911,723.7955254968035,1335.0422029948222
1016.3665168128904,724.1156061117647,1334.7977161026256
1017.789061690276,724.454163341647,1334.5641751637397
1019.3505791624171,724.8255824347082,1334.3671731999061
1021.0298778108822,725.248158465055,1334.2317202096015
1022.7945661181222,725.7327871994033,1334.1646836957962
1024.6092985700857,726.2784009419239,1334.1533510144322
1026.4443549614402,726.878171691396,1334.1776777345704
1028.2801570863655,727.5222429312975,1334.2193310969544
1030.1120560693496,728.1941654027231,1334.2689925662978
1031.950568646675,728.870205666622,1334.336000834357
1033.812140522071,729.5246047500102,1334.4502617598941
1035.7067350538666,730.1379606827255,1334.649001125239
1037.6243515738404,730.7046749836202,1334.9545013791435
1039.5260511846398,731.2334753643019,1335.3528686203588
1041.3570456685693,731.7395685691754,1335.7816630928005
1043.0800123466927,732.2354486658683,1336.137814268108
1044.6990452262935,732.7287662527766,1336.3128062788214
1046.2509426679921,733.2284083724232,1336.2359102731841
1047.7718156974047,733.7444811439414,1335.893975437404
1049.2707519184653,734.2718697610679,1335.322789455744
1050.7297959153127,734.7784879947299,1334.5884767201876
1052.1186191152235,735.2188227195517,1333.7709463134981
1053.4069339109421,735.5551344908529,1332.9508258330313
1054.5707075392706,735.7636180479799,1332.2009278043388
1055.593052227876,735.8315669143404,1331.5822956793145
1056.4623516077825,735.7566651954573,1331.1410035418094
1057.1749624460897,735.547547182775,1330.902660745205
1057.7417472388333,735.2238325065274,1330.8696772917572
1058.1838623053745,734.8142873750982,1331.027204021538
1058.5198283506402,734.3531998852276,1331.3494164843153
1058.7637521662223,733.8768185893191,1331.7972161039459
1058.9316013395241,733.4187571010386,1332.3182491913421
1059.0395722722315,733.0061533913201,1332.8596192446298
1059.0996354358426,732.6568256945978,1333.378178480712
1059.1192075142912,732.373980942242,1333.836113324679
1059.0986543209647,732.1460801710339,1334.1986596475554
1059.02844757936,731.9555522914371,1334.4419870689912
1058.8924763845764,731.7859799326754,1334.5567767702032
1058.6723490851837,731.6268424589763,1334.5459581393447
1058.3461627775416,731.4757848866471,1334.4221201868336
1057.88874838234,731.330594761143,1334.1999173827899
1057.2804250798613,731.1809400308998,1333.8851337927001
1056.5119186164113,731.0145423440265,1333.4731454404268
1055.5777083471173,730.826983280577,1332.961873907365
1054.471551120664,730.621879188692,1332.366993605375
1053.1916559803242,730.4070227542697,1331.7260520044383
1051.7460109323504,730.192076259889,1331.0906840703883
1050.1510587674434,729.9861320936282,1330.5118950811
1048.4285874973739,729.7970200280738,1330.026716856782
1046.6049639345927,729.6350008878808,1329.6527424903343
1044.7099970267113,729.5148282108814,1329.3862623408597
1042.7726782569007,729.4515562960687,1329.2009898889544
1040.8170686099847,729.4553691208089,1329.0561339424771
1038.8654045874941,729.5281727554932,1328.9203409535069
1036.9448386062006,729.6619255164052,1328.800835216643
1035.0871197497404,729.8410428641671,1328.75594372855
1033.319217935616,730.0490991769624,1328.8721846367819
1031.648497624448,730.2748539529856,1329.2056254154327
1030.050683617945,730.5095662120314,1329.7267994189785
1028.475427117359,730.7421431760978,1330.323458103439
1026.8743561142858,730.9670439994309,1330.8619284939248
1025.2316464447504,731.1955014225457,1331.251021850165
1023.5715909450507,731.4492950251847,1331.4639415670747
1021.9403598801993,731.740803388793,1331.521280060601
1020.3793416586407,732.0624489601955,1331.4645201639273
1018.9092488164933,732.394928408313,1331.3430259656484
1017.532930074085,732.7198323526494,1331.2125109174142
1016.2496616786176,733.024176885677,1331.127239781303
1015.0652364216143,733.3001474141294,1331.1246383315122
1013.9895411703768,733.5454557723691,1331.2196101885995
1013.0277448868414,733.7627494021984,1331.4121894054094
1012.1746060594554,733.9565100461268,1331.6975229904303
1011.4168294947164,734.1312945779933,1332.070790815985
1010.7404688439792,734.2934595936965,1332.523574882949
1010.1356152957712,734.4537491963563,1333.0381521845316
1009.5969157940287,734.6277519052328,1333.5893614572994
1009.122461495605,734.8311103464704,1334.149905303665
1008.7128635801796,735.0716045878726,1334.692585970311
1008.3719642729237,735.3473464920926,1335.1916223536334
1008.1078953028903,735.6529684085949,1335.6267485802164
1007.9313630037308,735.9851417588457,1335.9876269480205
1007.8515254722336,736.3425808355393,1336.2738515030212
1007.8752038133697,736.7229654285095,1336.4907804515328
1008.0100940040824,737.1206403629756,1336.6450220434797
1008.2647929615092,737.5269740827338,1336.743188541249
1008.6443411715934,737.9311267803641,1336.7912851831197
1009.1465498282244,738.3199358543861,1336.791757913338
1009.762518911821,738.6784894415509,1336.741596741455
1010.484983142445,738.9911921042622,1336.6326512650335
1011.3189861330588,739.2435091694975,1336.4547451563003
1012.2782780787857,739.4258948894696,1336.2037929728292
1013.3704067459129,739.5388098302744,1335.8921400534518
1014.5896570603454,739.5937230812872,1335.552914370266
1015.9186061799174,739.6057941751504,1335.2300127031033
1017.3286811898188,739.582273225929,1334.9584859334293
1018.7819280251406,739.5165396252967,1334.751223852523
1020.2394985065397,739.3936069034195,1334.5994847012944
1021.6742623680142,739.2033481185389,1334.4863269158486
1023.0822516209352,738.9495432406067,1334.4063391184231
1024.4850208092819,738.6474906683824,1334.3772306936762
1025.9134685532254,738.3172924680656,1334.4384428207804
1027.383573367159,737.9803410439449,1334.640504673628
1028.8875890263637,737.6565392010914,1335.0198623943497
1030.4023180583547,737.3617928243901,1335.5681878943224
1031.903922939683,737.1105780729763,1336.2232135449817
1033.3836143676638,736.9225044004033,1336.8861891642614
1034.8520140685723,736.8244290006115,1337.4525445982806
1036.3270235465823,736.8423040331916,1337.8428512702199
1037.8182406439453,736.9859835379898,1338.018107865801
1039.3190491045896,737.2362620820818,1337.9756820573434
1040.8074104788598,737.5432674339885,1337.7396183744709
1042.251075258471,737.837429006625,1337.3529246077549
1043.6125238905513,738.0460928255167,1336.870124816654
1044.8552933821802,738.1104162554873,1336.3508088464348
1045.955461675289,737.9983385752396,1335.854824001467
1046.911258488569,737.7058626191704,1335.4351980546758
1047.73835686365,737.2467032249651,1335.127238784503
1048.455316325643,736.6439690753597,1334.9429954945072
1049.074101659486,735.9298630969024,1334.8784775255172
1049.600320062466,735.1420458549828,1334.9226557174215
1050.0381341652148,734.3136489969687,1335.0583313998259
1050.391390014604,733.4691727688976,1335.2612783238799
1050.6638440141612,732.6273130278514,1335.500775608349
1050.8647307947601,731.8017739200453,1335.739206436747
1051.00787148661,731.0003357372906,1335.9347959648408
1051.1016980617514,730.224824522027,1336.0498966352643
1051.1463587130402,729.4717450063808,1336.0596261465585
1051.1396987010896,728.7353494657726,1335.9555259155095
1051.0797106137386,728.0115934957317,1335.7428399600476
1050.9587232592953,727.2986431802441,1335.4339190210992
1050.760340627739,726.5965232307774,1335.042610613736
1050.466811081438,725.9104016943239,1334.5800504701551
1050.0647544674416,725.2526957163228,1334.0504506144605
1049.5456150603409,724.6386329212439,1333.4521129185418
1048.906107008804,724.080742023753,1332.7856336840898
1048.1420978854323,723.5878250133005,1332.0609228311616
1047.2429626029455,723.165214066571,1331.3006346992609
1046.1990435861537,722.8136428125202,1330.543361020789
1045.0103995364589,722.5300415881552,1329.841019710163
1043.68714038352,722.312388984559,1329.2476599127751
1042.2455154964096,722.1625455341023,1328.8071158589069
1040.699790724316,722.0824351598194,1328.5439643425009
1039.0558052957624,722.0691081338242,1328.4563033548777
1037.3152028110342,722.1143761524557,1328.5126850425322
1035.4861333836716,722.2081610854354,1328.6629041415767
1033.594402982405,722.3412713558351,1328.8656481544738
1031.6878642380768,722.5053437460602,1329.11814302194
1029.822311286746,722.6914173673637,1329.4640024586352
1028.0350078650144,722.8894570439257,1329.9639455102013
1026.3288010127228,723.0863057264332,1330.642285526598
1024.6798968812457,723.2623741556191,1331.4546998927342
1023.0624647560211,723.4023812770172,1332.3107917278023
1021.4681186717041,723.5151514527997,1333.1236281546994
1019.9051394387458,723.6282465296348,1333.833746756715
1018.3873285068756,723.757784600869,1334.4012296179717
1016.9277051734448,723.8898004774417,1334.7963142465746
1015.5373556705888,723.9890060344399,1335.0051812882136
1014.2224217900623,724.0199096239314,1335.039934286342
1012.9793360753371,723.9592679182948,1334.9360844559756
1011.7969603202779,723.796292333718,1334.7402700177095
1010.6650650642275,723.530706121627,1334.5000679300442
1009.5786330178073,723.1728822878374,1334.2574826414793
1008.5374088271916,722.7428229310432,1334.046709313309
1007.5471460560841,722.267376807039,1333.8984022815496
1006.6226440864295,721.7796583896044,1333.8438715961747
1005.7871908555259,721.3212615328791,1333.9111288702957
1005.0641878191627,720.9402644330008,1334.115220239219
1004.4669477939797,720.6785156149493,1334.4499156087613
1003.9993738333609,720.5558835798839,1334.885578383768
1003.6643672308484,720.5684757556397,1335.3768740760893
1003.4661423463295,720.7013260923544,1335.8759378512111
1003.4063057144684,720.9377340931894,1336.3406290908747
1003.4793825885022,721.2570540540185,1336.7381797508372
1003.6731718253859,721.6321650375236,1337.0491053789747
1003.9765498314916,722.035667051305,1337.266641252859
1004.3830830470232,722.446925339831,1337.3894660317196
1004.8870755292635,722.8525896085969,1337.416171559338
1005.4822376639004,723.24483944562,1337.3476043951568
1006.164019126518,723.6198911310532,1337.1917963942315
1006.9342110842402,723.9761404770355,1336.9631137801007
1007.803112330844,724.3138367986824,1336.677005538983
1008.7824912540268,724.6352503525536,1336.34804312394
1009.8784260735642,724.9434980447904,1335.9928920445868
1011.0939522357446,725.2425629047539,1335.6331450755606
1012.4322187241393,725.5381032838425,1335.2937889373654
1013.8924638403871,725.8366549058956,1334.9953889800113
1015.4678850579639,726.1457769647822,1334.7450534041438
1017.1489885352071,726.4744991110608,1334.5376544546095
1018.9257747883571,726.8288653412724,1334.3664865953335
1020.7860311991763,727.2076099430841,1334.2361647504304
1022.7069673306207,727.6063365760779,1334.1732130586718
1024.6418700265322,728.0209718745912,1334.2169945300075
1026.5223026308151,728.4420573603418,1334.3869698174806
1028.291265621522,728.8529709832331,1334.6613818713902
1029.9399201301785,729.2410890317525,1334.9969050984146
1031.5063027498875,729.6095854174537,1335.3692611540903
1033.0382553950726,729.9755607441904,1335.785248548794
1034.5610904204598,730.3580534496097,1336.2522407898646
1036.0773283508108,730.7700701760675,1336.747185117887
1037.5847661087698,731.2175246118222,1337.2178587462781
1039.0827990061632,731.7006500942133,1337.6035636216209
1040.5640834956944,732.2188177175035,1337.8534684685335
1042.0133680973343,732.7734489734786,1337.938197721252
1043.415986678614,733.358470794835,1337.857258029704
1044.7582323297488,733.9468640224788,1337.637005370506
1046.0218017199468,734.4965187091175,1337.3173606035693
1047.1871825101027,734.9793315010688,1336.9403339218109
1048.2465946389443,735.4102893377586,1336.5451597244037
1049.2153562483006,735.8507363208562,1336.1614463974274
1050.1225485155412,736.370182190334,1335.8054783043656
1050.9738646327494,736.9544078779934,1335.487107295337
1051.72578299588,737.4353874153393,1335.2166039231577
1052.3236832620519,737.615912043982,1335.0039124925106
1052.7655724952124,737.4968582834126,1334.8531948907198
1053.0946829334755,737.2627262638431,1334.7604749825464
1053.3384592967413,737.0643679902518,1334.720852918493
1053.487472335112,736.9307619758357,1334.733515178062
1053.518861211228,736.8356659039276,1334.7942412348439
1053.41602203761,736.7560917807255,1334.8876607218535
1053.172664233413,736.6816543237734,1334.9888499958265
1052.7903662431504,736.607385106358,1335.068419870312
1052.2742390305443,736.5324675073605,1335.096047173914
1051.6276462222145,736.4634696624843,1335.0444222861215
1050.8501637318452,736.411789235889,1334.8945415881212
1049.9416706691372,736.3867909485059,1334.637470468182
1048.904672111835,736.3919075809871,1334.2704162021828
1047.739111792707,736.4262352722551,1333.7952835931083
1046.4387328869648,736.4872955076785,1333.2260619639324
1044.9976414996922,736.5731977086552,1332.596423675015
1043.4190163338624,736.6851303533118,1331.9570040931403
1041.714785818163,736.8254509794766,1331.3659618224515
1039.9001782605817,736.9936082061807,1330.8785234092386
1037.9921123120785,737.1874598873985,1330.5330433516642
1036.0114532885752,737.4075105290138,1330.3374358928938
1033.9823889307506,737.6579006829272,1330.2663227851538
1031.929016184337,737.9421800896667,1330.2695907534314
1029.8758507401692,738.2568417293988,1330.2905759932914
1027.8532987244964,738.588382127847,1330.2976168756143
1025.902248553376,738.9177752658302,1330.3174165606686
1024.0625244709395,739.2290721293962,1330.4343590122821
1022.3450299343971,739.5130010084495,1330.7339420781252
1020.718466502654,739.7620882738943,1331.2242801785612
1019.1257836062113,739.966753875856,1331.805421365225
1017.5140772610134,740.1270132625059,1332.3211072234271
1015.8630849885387,740.2727580787049,1332.6527729883846
1014.2015093638165,740.4633910271375,1332.7811234327269
1012.5988922155565,740.7583733749323,1332.7775199822947
1011.1356750334514,741.1856533323512,1332.749481942896
1009.8713558587011,741.7352099963707,1332.7890451684034
1008.8290959384295,742.3753186761626,1332.950067333462
1008.0000813165791,743.0718905213663,1333.2490310026642
1007.35797055664,743.7960792837356,1333.6721601681772
1006.8723679180805,744.5198218773118,1334.1824612286364
1006.5169438155914,745.2152408532024,1334.7306777926758
1006.2717880421907,745.8633430047394,1335.269245799366
1006.1197609761954,746.4580462447243,1335.763734948684
1006.0413404435046,747.0023571764646,1336.1963932065796
1006.0150832781173,747.503544292818,1336.5604510454145
1006.0240784983342,747.9691482557055,1336.852003959379
1006.0628616160996,748.4063926126987,1337.065437166735
1006.1387388899403,748.8237440073171,1337.1933830852104
1006.2670534106398,749.2305335457143,1337.2325679464725
1006.4667438411975,749.6368820233754,1337.1900218410733
1006.7569661331577,750.0528070364235,1337.0797195080002
1007.1508560590943,750.484971271139,1336.9148764455103
1007.6519097145484,750.9376223838404,1336.707689060563
1008.2595061429428,751.4181102369813,1336.4747150353203
1008.9764591428943,751.9374399536812,1336.2368809763543
1009.8096375515607,752.5041827540449,1336.010062129692
1010.7709145352326,753.1218040009775,1335.7963585167329
1011.8815952071743,753.7898201805182,1335.584362940178
1013.1653574462794,754.5024229262749,1335.357737232433
1014.6330443847742,755.2508322178298,1335.1092845457072
1016.2781575978088,756.0307286570794,1334.8531474554352
1018.0802788251333,756.8429185833783,1334.6248213268404
1020.007328523769,757.685463668116,1334.4623213091172
1022.0182145624594,758.5486952491209,1334.3807686940854
1024.0679372935278,759.4193455812733,1334.3637824621505
1026.1174643839468,760.2862307054232,1334.3745926097986
1028.1446584518665,761.1409212588082,1334.3776024313804
1030.1471765155509,761.9789523919043,1334.362140474152
1032.1373245524605,762.8035757830892,1334.3549777165179
1034.1324463207652,763.6224560200734,1334.4109885384496
1036.1425176501755,764.4361947836109,1334.584694814247
1038.158995654486,765.2362072303035,1334.9021113403132
1040.1526608780923,766.0174610486902,1335.3477204427631
1042.088286950641,766.7849069887787,1335.8626949696359
1043.9499099278237,767.545711028134,1336.35420643504
1045.7561010863715,768.3061887596905,1336.72066559969
1047.5481408413061,769.0773226234688,1336.884628426787
1049.356496138928,769.8697291433745,1336.8145047591654
1051.1760930897922,770.6782521098551,1336.5233507793284
1052.9698303128096,771.4748055979334,1336.0510197709468
1054.6892858768572,772.2134029333497,1335.4454496895512
1056.2982107737103,772.8455241507029,1334.753498387564
1057.7841804181983,773.3399876995971,1334.020329728718
1059.1470081276493,773.6894982558971,1333.2919444667168
1060.3841972376308,773.9018503654042,1332.6168187475942
1061.491979898825,773.9911711644254,1332.0421497473287
1062.467120479368,773.9750804337596,1331.605856289514
1063.3033539418363,773.8723445589941,1331.3311412712706
1063.9916708885207,773.6978081237415,1331.2255743882831
1064.5245319498465,773.4610670385996,1331.2824349884497
1064.901259648284,773.1702796303667,1331.4811702681075
1065.1312976018885,772.8316729033928,1331.7870935396024
1065.2322058810635,772.4468066965147,1332.1541776456202
1065.224489777373,772.01687358522,1332.5306604356701
1065.126715371248,771.5489694315606,1332.866141533546
1064.9514392998833,771.0564537371125,1333.118866534573
1064.7026616592177,770.5551817275114,1333.2589577046133
1064.3762290149361,770.0577869889011,1333.2690695238023
1063.9611522834737,769.5689188770207,1333.1468975650137
1063.44207928886,769.0862970336293,1332.9058611430648
1062.8040535177458,768.6053492362294,1332.5686439203475
1062.035036688093,768.1211447538427,1332.1552837440274
1061.1232571228925,767.6280915540935,1331.6760323556102
1060.0538494252532,767.1225302125838,1331.1406216959933
1058.8116101997962,766.6064441907339,1330.5745398100719
1057.3900800032786,766.0870002426682,1330.0194357207642
1055.7990125101812,765.5748153360721,1329.5205956071063
1054.0624665154533,765.0857040535386,1329.121361227762
1052.2092872626442,764.6428876413274,1328.8629389328498
1050.2655075374234,764.272383735394,1328.7751735037355
1048.2531028676285,763.9912200751107,1328.8584902059483
1046.1901279312217,763.7988776541292,1329.0720085367552
1044.091176842806,763.6798450762269,1329.3434565145853
1041.9757407022867,763.6140669001371,1329.604203550855
1039.8810584754426,763.5867411570417,1329.8320951044996
1037.8626016970152,763.591764011724,1330.0683769590798
1035.974200943585,763.6278223796174,1330.383357609231
1034.2372320323018,763.6875345507178,1330.8061120762802
1032.6234513260767,763.7500616501253,1331.2773791648203
1031.0723860379558,763.793318096447,1331.6729854067823
1029.5316930453844,763.8151839643249,1331.8754320679054
1027.9887025138528,763.8371663626597,1331.834199908192
1026.472939989675,763.8904893500255,1331.5839940404062
1025.0339938321108,764.0005373209533,1331.2240952531456
1023.7205513362495,764.1793165952586,1330.877100444854
1022.5751227001708,764.4307955034838,1330.6507019794797
1021.6306780980481,764.7587807495205,1330.6156618579976
1020.899592547593,765.1608620011224,1330.79763019803
1020.365011897367,765.6153848773877,1331.179648672324
1019.9856877017278,766.0794514264743,1331.7126853839416
1019.7145790924081,766.5006001673113,1332.3297300160516
1019.5171541856544,766.8343676788566,1332.9640709844723
1019.373251968852,767.0568387906917,1333.5660625377554
1019.269568947368,767.1683393807805,1334.109122682993
1019.1974676961377,767.1919581233886,1334.5854702324082
1019.1534932304373,767.1638542203946,1334.9938691078385
1019.1390185834341,767.1187168972774,1335.3284179760212
1019.1624718985902,767.0817704571926,1335.5775066604483
1019.2422968906459,767.0689576531863,1335.7290075921483
1019.4051282102914,767.0913233718237,1335.7779226145503
1019.6779072342568,767.1577650617762,1335.7308505930823
1020.0772169317647,767.273542886012,1335.6028502023782
1020.6053081007071,767.4399894507756,1335.413171826933
1021.2596200496191,767.6585603754307,1335.1833785760145
1022.0424449495767,767.9347917766025,1334.935060436467
1022.9557917260039,768.2752658116431,1334.6850104582209
1023.9946131045821,768.6782018285794,1334.4398045175794
1025.1533960292752,769.1303245002624,1334.1963923783937
1026.4344684141442,769.617777864904,1333.9518172824914
1027.8482013611824,770.1367173412914,1333.7135104121546
1029.4067136581643,770.6898177685827,1333.4986857426736
1031.1111482837118,771.2776452872399,1333.3231812637873
1032.942958723678,771.8949311498288,1333.188955503743
1034.869379502136,772.5329627112103,1333.0801242787984
1036.8552324441187,773.1850499098418,1332.968741694861
1038.8692975619213,773.8479765711364,1332.8279867430117
1040.8809428811712,774.5212067767436,1332.6544770095504
1042.8505388581912,775.2057665692153,1332.481315568229
1044.7263533439307,775.897027163312,1332.3586397686697
1046.4613568990067,776.5783417253956,1332.319672173357
1048.0407084992107,777.2281462600045,1332.3668622878038
1049.4888945185503,777.8368078391982,1332.4805819854023
1050.846852268116,778.4174687009378,1332.6292645291826
1052.145276560158,778.999180876586,1332.7702164111533
1053.3985156088165,779.6104865698727,1332.8499245581606
1054.6154036205626,780.2708899599821,1332.816974762439
1055.8060589133777,780.9875178260545,1332.640902669697
1056.9769596893673,781.7507236866909,1332.318049425644
1058.1262020058755,782.5384687712339,1331.8678639563436
1059.2444724017503,783.3291361906781,1331.3314618358247
1060.3169642657078,784.1094808235136,1330.7691271666977
1061.3255312740125,784.876980984284,1330.2542448432444
1062.253745836971,785.6458545210411,1329.8633043026848
1063.0888886439402,786.4448019177537,1329.661617650371
1063.8156476479983,787.2916154258746,1329.689854934949
1064.406747573093,788.1458220714511,1329.9539631338114
1064.8237587114202,788.8883627580053,1330.4240144399698
1065.0486764442303,789.4238475663748,1331.0519457161413
1065.1134272914692,789.7951584150665,1331.792722087829
1065.0748800199449,790.1188943600238,1332.6036876366304
1064.9736175018331,790.4678151128704,1333.4342010316216
1064.8234090029873,790.8568790055182,1334.2291042389697
1064.6201695938196,791.2774132283516,1334.942939520894
1064.355430024548,791.7207918452798,1335.5459548959618
1064.0209127831201,792.1783219548964,1336.0164131053782
1063.6039015860852,792.6329745029415,1336.3367639993419
1063.0881954501058,793.0653016744051,1336.4993687314359
1062.4574991523307,793.4621710212068,1336.5093501763915
1061.69483303931,793.8152772334412,1336.3811886571468
1060.7852568765725,794.1140606292166,1336.1311320238215
1059.7212861019473,794.3435858426981,1335.773205008577
1058.503151285732,794.4894523999519,1335.3291614019413
1057.134922162332,794.5458020023777,1334.8406514372434
1055.6203577146016,794.5241558953439,1334.365468076167
1053.9616976188356,794.4556490954242,1333.9619278358339
1052.1671491319921,794.3809186429801,1333.6730287782007
1050.2635763737123,794.3369331113054,1333.5165907840815
1048.2973475563301,794.3496541167626,1333.4809178168866
1046.3181785938796,794.4276452560567,1333.522111478214
1044.364004051996,794.559989059311,1333.5741735504425
1042.4573287615033,794.726768267492,1333.5793990127731
1040.607559612718,794.9105923536633,1333.5166862625315
1038.8177737824249,795.0980873624025,1333.4091882706236
1037.0917210155362,795.2778777715886,1333.31754884032
1035.4348795226254,795.4397315756214,1333.319491721209
1033.8531846028,795.5714569023445,1333.469178052621
1032.350447182379,795.6565485016705,1333.7566675255357
1030.923853071658,795.6781170765702,1334.1022856450022
1029.564745936665,795.627802665569,1334.3924130752853
1028.266015097661,795.514197983309,1334.5320696700744
1027.0303394514513,795.3585274857513,1334.4782407830667
1025.8729870942777,795.1780780433587,1334.2382280147876
1024.8140892592505,794.9790249631064,1333.85585286872
1023.8696122439575,794.7639128993048,1333.4040399246614
1023.052104778735,794.5412041951106,1332.9723644234489
1022.3748921618865,794.3301889643917,1332.6446387263902
1021.8510923478865,794.1549810206369,1332.4785939725177
1021.4870512233824,794.0283561457418,1332.4944872106146
1021.276175510463,793.9424981594959,1332.6746406878344
1021.2021318405447,793.8775755944688,1332.975505492337
1021.2497462050202,793.8174248371214,1333.3463012629181
1021.4110118724893,793.7568123143221,1333.744004605952
1021.6811772041613,793.6981113971053,1334.1380769282475
1022.0538759110026,793.6452577344405,1334.50452841198
1022.5246765362979,793.6016816765109,1334.8164773262665
1023.097937985105,793.571522551273,1335.0413839334287
1023.7845475898168,793.5580044437969,1335.1465549511233
1024.5933226398263,793.5590156705204,1335.1058853878849
1025.5296601980056,793.5683225584776,1334.9054091342337
1026.5983586921461,793.5818397649471,1334.5474464618114
1027.802330708114,793.5982999067714,1334.0481093422952
1029.1450117108425,793.6155810816052,1333.426882941951
1030.63335450565,793.6319740545255,1332.6981707708078
1032.2717097906336,793.6512484320775,1331.8766033427075
1034.0588011087207,793.6852418130508,1330.9891278673817
1035.99213038609,793.7505413273977,1330.0734248103709
1038.0662096718477,793.8610086010762,1329.1620964429044
1040.2650031321448,794.0216213394148,1328.269968624546
1042.5591781416917,794.227951923413,1327.3938055500544
1044.9118341470578,794.4719091053678,1326.526505375038
1047.2922256942807,794.7443888388143,1325.6810171465886
1049.6860758116486,795.0302886970978,1324.9083996588968
1052.0867151502152,795.308278447663,1324.2994854416427
1054.4770373901038,795.5593494265064,1323.9671063742585
1056.8203673997725,795.7730768286103,1324.004808653187
1059.0618432610988,795.9456103549194,1324.4365923129542
1061.1461004978817,796.0762089774125,1325.1938004529322
1063.0527984791706,796.1739463818922,1326.1373352176543
1064.8210645771658,796.2711990209552,1327.1107144352175
1066.5305576301955,796.4215951962829,1327.991856461768
1068.2515860769909,796.6722707935679,1328.7115375240703
1070.0084417842418,797.0325468254471,1329.237493790326
1071.7790484002721,797.4667894307042,1329.5544999161466
1073.520917057822,797.9129654599277,1329.659603020601
1075.1972127388094,798.3095062344504,1329.566754980806
1076.78551121185,798.6168903799747,1329.3094916182708
1078.276191020269,798.826742351374,1328.933749270013
1079.6690392194832,798.9544719625491,1328.4822061396178
1080.9667446090198,799.0237660511034,1327.9826221111434
1082.1713225660437,799.0601804855297,1327.448422936859
1083.2874874771303,799.0934289788644,1326.886383371409
1084.3218288342512,799.1518930359648,1326.3026326249326
1085.276655997794,799.2510855826974,1325.7044000666692
1086.14947593012,799.3910312295294,1325.1011483118984
1086.9340331898493,799.561298687966,1324.5081642703085
1087.6167993223473,799.7460425866384,1323.9488731511287
1088.1782001895078,799.929709851568,1323.4502078965684
1088.6033041046558,800.1009795805744,1323.0323467747235
1088.8896648411655,800.2508818723021,1322.7018533102862
1089.0418334408232,800.3729871678685,1322.456393322077
1089.0619775431794,800.4711479622323,1322.2947676278795
1088.9496354700589,800.5591104708751,1322.2155456866444
1088.7049565700963,800.6467813561803,1322.206135794415
1088.3254211707372,800.7353513958597,1322.2420261791312
1087.8049144653762,800.8248425696695,1322.2978810176646
1087.1433586406101,800.9152577688609,1322.3555121355803
1086.3503470502294,801.0004332021053,1322.4023098377982
1085.433891363622,801.0664582397613,1322.4246961527217
1084.3913358373575,801.0970901647306,1322.4055001521067
1083.2147474974895,801.0803409359777,1322.3292532405635
1081.9036037557773,801.0110113678898,1322.1909346648515
1080.4675540956912,800.8891482859674,1322.00273758166
1078.9169479731906,800.718767034142,1321.7957841545572
1077.257943103337,800.508614239695,1321.6139678188242
1075.4948760792133,800.2698598763266,1321.500221166285
1073.6306439779855,800.0103923537722,1321.4834468204504
1071.667382511656,799.7337032949013,1321.5734043467767
1069.6104465819146,799.4439318110029,1321.762034191747
1067.4719058869973,799.150944878392,1322.0300948208787
1065.2710111016625,798.8688926126201,1322.3606730112576
1063.0330824008265,798.6076302131161,1322.7580987812364
1060.7878451417557,798.3680182136773,1323.2614429092973
1058.56389953194,798.1477209693231,1323.9303504413724
1056.3792802005553,797.9465213328849,1324.7974209397437
1054.2356997660427,797.7619389734521,1325.8231147280526
1052.1201988053856,797.5858195413509,1326.898614838844
1050.011990705148,797.4158141298576,1327.8963935275003
1047.8983071846994,797.2698072593647,1328.7223707206215
1045.7923241804162,797.1778941321725,1329.329115417328
1043.7288839871633,797.1540388575856,1329.6940502431955
1041.7405946037322,797.1786559032527,1329.803985935537
1039.8450734704409,797.2100686376209,1329.670524233727
1038.053337416897,797.2092070153556,1329.3509240784758
1036.3814804745728,797.1561973958544,1328.943865643527
1034.8502898339075,797.0524842849856,1328.5636300381025
1033.4780472909194,796.9133954914613,1328.310501416108
1032.2771293334893,796.7600622818168,1328.248960481543
1031.250774772278,796.6133018219127,1328.399915057953
1030.3886940926313,796.4885587335921,1328.7491276286482
1029.6702627279071,796.3941335693086,1329.2644184278818
1029.0722594391016,796.3339576542154,1329.9078407544866
1028.574498049497,796.3117801125597,1330.6374535678024
1028.163835068898,796.3311032519931,1331.4051704782592
1027.834642983818,796.3914102124569,1332.1587828144982
1027.5860272221314,796.4856525306467,1332.8483918100685
1027.4193755727779,796.6024004135099,1333.4325517061375
1027.3389322493165,796.7324756300665,1333.882884164341
1027.3521699840799,796.871531138051,1334.1859428219555
1027.4663788770247,797.0157101263254,1334.340230687616
1027.6876801327157,797.1606673790047,1334.3530541163982
1028.0241883755918,797.3056398396965,1334.240559049094
1028.4860618689784,797.4542406562103,1334.0260710810935
1029.0817851205993,797.6124758088557,1333.7342945593884
1029.8177824845052,797.7854291065873,1333.3838459769988
1030.7011587380944,797.9716829007482,1332.983252568433
1031.7390699589218,798.1640202804001,1332.5356830972594
1032.9371723403146,798.3580450715912,1332.0495083177557
1034.3003993792536,798.5582728667204,1331.5460447721332
1035.8291448822142,798.7774540539344,1331.058618508975
1037.508909091178,799.0291259836162,1330.6204460319686
1039.3072492143922,799.3185428573381,1330.2486648053568
1041.1871538940018,799.6438654342547,1329.9393980811014
1043.1216182539179,800.0050108375507,1329.6730677649543
1045.092222792804,800.4047066578529,1329.420666399749
1047.0782930026417,800.841288808132,1329.1550169488992
1049.0498692579686,801.3050906369782,1328.8686929285882
1050.9679078763534,801.7796457611005,1328.5860508761962
1052.7920425107304,802.2421713684816,1328.3578205324284
1054.4919740834075,802.6666960288752,1328.2381276587448
1056.057265531283,803.0353504431995,1328.255124284617
1057.5036725232276,803.3519653957247,1328.392008706809
1058.8687647708646,803.646440345369,1328.5906275994053
1060.193630472154,803.9654927589946,1328.7752077903424
1061.5061754477913,804.3542172310504,1328.877189629303
1062.8177019062375,804.8380835835214,1328.8458953943234
1064.1259232745615,805.4157017508986,1328.651058284824
1065.4193943101136,806.063727231858,1328.2877141470435
1066.6807397799337,806.7443401309965,1327.7810969502252
1067.8859119846984,807.4106658217015,1327.18430241863
1069.0067748959389,808.0148864182185,1326.568991685268
1070.0185418595702,808.5191848832858,1326.014571684224
1070.9024097026222,808.9035158431458,1325.5983758782577
1071.6444516589536,809.1637300896252,1325.3850565764437
1072.2378161653064,809.3005137767357,1325.412706548899
1072.6850667106385,809.31417771808,1325.68216534575
1072.9968725647861,809.2134588734032,1326.160099391644
1073.189628168723,809.0219730632052,1326.7935114543675
1073.283322437768,808.7707477420629,1327.5226206637003
1073.2984072371542,808.4886852491994,1328.2854110493931
1073.2541483151902,808.2028820999941,1329.021725136554
1073.1674910694685,807.9398311324894,1329.6803218154841
1073.0469132292683,807.7143559159099,1330.220662048736
1072.8882754507033,807.5202344761983,1330.6134062947713
1072.6792411460249,807.3396434086382,1330.846304465335
1072.4048477313074,807.1576240654648,1330.9261246742126
1072.049549967222,806.9654760007261,1330.8703745783355
1071.5980989925445,806.7581885140593,1330.6955731898709
1071.038183638381,806.5356023709264,1330.4121369174031
1070.3619333088664,806.3045637669043,1330.027146287711
1069.5606633582659,806.0726575749279,1329.5476581855944
1068.618711046368,805.8390505671986,1328.9859264972924
1067.5164453763348,805.5960833474637,1328.3683050117122
1066.2425118298606,805.3387347356239,1327.7388086745264
1064.8069625187572,805.0726595576197,1327.1563767504238
1063.240652781099,804.8197778145352,1326.6897190034613
1061.5776691437993,804.6166226786173,1326.4041447489476
1059.842500143913,804.5001820506366,1326.3419965505752
1058.05328683924,804.4920879792803,1326.5108672744086
1056.2269531156758,804.5948762641993,1326.8836416400295
1054.379135180816,804.7990083872481,1327.4045543909276
1052.5227236785297,805.0910843643192,1328.002640268191
1050.668949974557,805.4551816988611,1328.6116960275833
1048.8316568138775,805.8687417634885,1329.1872052828903
1047.0256530050667,806.3024610315408,1329.711161230641
1045.257522804908,806.7276500417357,1330.178806642398
1043.5210901528628,807.1252951806409,1330.57741388206
1041.799941184359,807.4890352795362,1330.8787815342657
1040.0698114295947,807.8217710465968,1331.0503428763693
1038.3045916662804,808.13196648532,1331.0747098426457
1036.4925126250866,808.4324191242634,1330.9648421128013
1034.6529603546153,808.740165103117,1330.7642345245306
1032.8387090304195,809.0741090383653,1330.534120131712
1031.117761263053,809.4506032858073,1330.337865922029
1029.5484201641116,809.880935403007,1330.2294746254652
1028.1692425219455,810.3709995361519,1330.2476812347852
1026.9999050112654,810.9219995145075,1330.412144709654
1026.041900505928,811.530662350785,1330.722023037371
1025.2818961886085,812.1867040042669,1331.1610547394002
1024.6938922221261,812.8719126112343,1331.7037285086692
1024.2421270782193,813.5660670839261,1332.3168473613096
1023.8911023181863,814.2542404777286,1332.9637465268775
1023.6138937876874,814.9301322431845,1333.6135943361155
1023.3924341481895,815.5964513520103,1334.2449594254126
1023.2124026325864,816.2613673286787,1334.840040567028
1023.0642188583633,816.9334455717077,1335.3780900913935
1022.9533667349812,817.6221453974622,1335.836687615684
1022.8988445528196,818.340692411193,1336.2002020267144
1022.9187929231513,819.1020959388306,1336.4643279956404
1023.0270484468886,819.9110387430736,1336.632027012331
1023.2370807234203,820.7612777316183,1336.7087541060232
1023.5572452684376,821.642703979232,1336.7031245595995
1023.9886300256079,822.55007206614,1336.6293080440487
1024.5342275664927,823.4805236575837,1336.5027623086903
1025.203932670596,824.4279434274816,1336.3316191694998
1026.009849369007,825.3855215511612,1336.1148055349822
1026.9623949843547,826.3468268309308,1335.848087861345
1028.070997216637,827.3044476069498,1335.5293021211598
1029.3443171580016,828.254684712222,1335.1610812868603
1030.7859739826056,829.2008644458806,1334.7583828311294
1032.387419986896,830.1464464417443,1334.3526776729582
1034.1226420700214,831.088545586121,1333.9780572483078
1035.9475744270337,832.0230285292592,1333.6502163847608
1037.806893101272,832.9491383977027,1333.3545553638846
1039.6521035795952,833.8686421238036,1333.050336782431
1041.4602522448422,834.7899477379849,1332.697248572229
1043.2320484544139,835.7253216529809,1332.2890920041493
1044.9744389404814,836.6757703259235,1331.8688569874364
1046.6914553481738,837.6290445207876,1331.5213648288802
1048.380472402351,838.5736068167383,1331.3445476186694
1050.017494871986,839.5035415806615,1331.4003315377538
1051.5527797499367,840.4106671485131,1331.6714994446224
1052.9445226534706,841.2853904259562,1332.060656075795
1054.1979798082534,842.1352181414729,1332.437574825355
1055.363899034996,842.9960527443257,1332.6996765085278
1056.503921620721,843.9110075852485,1332.7979732573367
1057.654083427347,844.8932507382777,1332.7216993564668
1058.8108152660673,845.9117015136067,1332.477312491574
1059.9472202656332,846.9114011425568,1332.085071344175
1061.0366352607389,847.8440254630715,1331.5837974542183
1062.0605473596445,848.6817399434591,1331.028830484373
1063.0038039009833,849.4126279921938,1330.4824499246329
1063.8520839729626,850.0328204595498,1330.004347295826
1064.5977010344798,850.5445050306669,1329.644153304226
1065.2395457430428,850.9529180371344,1329.4326128988098
1065.7730338205556,851.2592085952232,1329.3758366233637
1066.188819826674,851.4621341915351,1329.4606099903442
1066.4823203651708,851.572160878743,1329.6661058553395
1066.6588917203549,851.6212695885407,1329.9709850450658
1066.73002578576,851.6512807539257,1330.350188299388
1066.7057006741748,851.688396037821,1330.7663389155637
1066.5905259936774,851.7340365037243,1331.1711553884184
1066.3863117461813,851.7801169068041,1331.5201801853004
1066.0961509630142,851.8252505185352,1331.7852775433587
1065.7239408094792,851.8753227056693,1331.9550758045402
1065.2678699849985,851.9342795738692,1332.0273186273753
1064.7170697643253,852.0008462868464,1332.0021442736138
1064.0568882506966,852.0747372869652,1331.8803221809655
1063.2732078391598,852.1596042495511,1331.6635965912658
1062.3515353113246,852.2589574302114,1331.355874186985
1061.2756803533011,852.3729892117369,1330.965977749099
1060.0326081808419,852.4995210647057,1330.5136745313794
1058.6239174388916,852.6374348548651,1330.036220746898
1057.0664517620767,852.7871321112627,1329.586174427234
1055.3795253303717,852.9485430702238,1329.2210306065613
1053.579162360525,853.1240447961477,1328.99040367583
1051.6790765100125,853.3206136534991,1328.9211051058658
1049.6903766814742,853.5438198457556,1329.007053851272
1047.6278261199648,853.7905772498784,1329.2092228869028
1045.518573840031,854.0494724559709,1329.4637821719737
1043.393096437811,854.3076742011128,1329.702213362383
1041.2644219137358,854.5549928504419,1329.878695432482
1039.129857147028,854.783710764212,1329.989790376048
1036.995356994454,854.9896277437232,1330.080408101134
1034.8844615490864,855.1723505868812,1330.2323859083644
1032.8240863626013,855.3307532898608,1330.52723277277
1030.8357664279677,855.4553712400434,1330.9921844908204
1028.9387267861498,855.5285787370979,1331.5725711808511
1027.145267526564,855.5383775551487,1332.1633672139199
1025.4510796543484,855.4910938553768,1332.672942237277
1023.8407662709126,855.4068739872612,1333.0629216653037
1022.3040385919169,855.3014396191415,1333.3390971681597
1020.8424443943277,855.1710053018016,1333.5165261426625
1019.4614403590836,854.9935712125967,1333.5995584327693
1018.1555061013703,854.7443684562318,1333.588734097406
1016.9033472021033,854.4126156603702,1333.4950951966748
1015.6828264323485,854.0087140801985,1333.344762296189
1014.4882787019059,853.5588007734764,1333.172199642201
1013.3326470205293,853.0938468379229,1333.0113532200587
1012.2369530641599,852.642843932347,1332.8921501045863
1011.2191957722813,852.2305816514333,1332.8380003515108
1010.2925553542382,851.8774378010113,1332.860793171421
1009.4710315430705,851.6011902620149,1332.9589989515862
1008.7713471166315,851.4195227503379,1333.1215875077016
1008.2080600976738,851.3507231611726,1333.3335672927215
1007.7927761746878,851.4100548897766,1333.578824926925
1007.5373156559275,851.6033203911678,1333.8394370636424
1007.4497220887506,851.9230983827815,1334.0942452337174
1007.5311588935969,852.3507417296772,1334.3213530920762
1007.7844152976521,852.8644229382536,1334.5054625103826
1008.2174644302598,853.4445910438191,1334.6399224216407
1008.8316394291617,854.0704630905335,1334.7185031017484
1009.6170833551839,854.7218712331747,1334.7321858958653
1010.5655030247076,855.3894324135078,1334.674203040748
1011.6792168430901,856.07469134149,1334.5392794028512
1012.966346728679,856.7804877443465,1334.3218388820412
1014.4323283970025,857.5036911358491,1334.0226579151476
1016.0719211783551,858.2329272322404,1333.6560743176585
1017.8618153586443,858.9534031916006,1333.249163428994
1019.7646712528197,859.6570094573295,1332.8328741783323
1021.744076774799,860.3462522666148,1332.429570194063
1023.7714863801349,861.0268431185298,1332.0442218185933
1025.82498650091,861.7026223070094,1331.669096772888
1027.8933065216918,862.3810614556436,1331.3025891761004
1029.9769100409464,863.0723740792054,1330.966607960599
1032.0761032310006,863.777666707599,1330.7098464926805
1034.178461832199,864.4859163963476,1330.5925633749034
1036.2567987596894,865.1816805434416,1330.6540958076598
1038.2776675728694,865.8510782611105,1330.8816646793102
1040.2169852241254,866.4867513469937,1331.2056749798837
1042.0695146191322,867.0964393198859,1331.5297901498247
1043.8453327404322,867.7072890490798,1331.7728098557009
1045.5621787208433,868.3541177628754,1331.8872593573744
1047.233537324663,869.0571866454159,1331.8535540204803
1048.8556521294606,869.8063395848352,1331.6711863765422
1050.4100009690665,870.5625091318545,1331.3540138163655
1051.8764645483834,871.2749435464192,1330.9303164092707
1053.238295558917,871.8981974115156,1330.4437615924228
1054.4796666474842,872.3984739612864,1329.945525251145
1055.585660986118,872.7562283754157,1329.4822464529402
1056.5448374743648,872.9679002196522,1329.088840145239
1057.3530016155821,873.041595772977,1328.7843189409452
1058.015611602628,872.9927631936398,1328.5715166331006
1058.5444097714537,872.8475996778079,1328.442836464609
1058.9535076714549,872.6439998607347,1328.3859183640013
1059.2570670565876,872.4191657040499,1328.382557154722
1059.464493619646,872.1966872387875,1328.4073472806626
1059.5783057008807,871.9886562785442,1328.4356793532913
1059.5964743817046,871.8015217279851,1328.4517593529545
1059.514160196868,871.6335956800426,1328.4477159129356
1059.3254975664922,871.47465242141,1328.4217929170863
1059.022593423848,871.3114117792859,1328.3783556081746
1058.5896486088911,871.1299003063191,1328.3248192822837
1058.0038688475797,870.9184126953778,1328.267760650675
1057.2464353121443,870.6756889177867,1328.2128214272038
1056.3082594393147,870.4107041529418,1328.1643434791104
1055.1854695936586,870.1300201235126,1328.1205102411031
1053.8758697454837,869.8317432289045,1328.0718356126997
1052.3802587626158,869.5119171326878,1328.0089919195798
1050.703757045478,869.1714180970921,1327.932601656543
1048.8553908904141,868.8185357126388,1327.8568334244112
1046.8487993255083,868.4673075799736,1327.8067150229795
1044.7060579761614,868.1347152141001,1327.8129064381944
1042.4549644877115,867.8388370059371,1327.9052627650756
1040.11770529766,867.5967700402507,1328.1050341269251
1037.7100244249718,867.4242528103482,1328.4165128874463
1035.2510509136325,867.3332618327873,1328.8199888041229
1032.765044195697,867.3271721184518,1329.2737036709602
1030.2781745075083,867.3997169639229,1329.7314145368791
1027.8213744078257,867.5341856699737,1330.1699130622676
1025.4337437778593,867.7055149351274,1330.6130282048682
1023.1560754674362,867.8934855948164,1331.131897043325
1021.0147235537697,868.0906939202029,1331.8032342450736
1019.0089592773865,868.2899909719894,1332.6454028388966
1017.1102637710902,868.4744438221944,1333.592488496854
1015.2732943946177,868.6319528999722,1334.5333770547236
1013.460038557894,868.7737656575536,1335.369081380608
1011.6600737964495,868.9285904827715,1336.0380858486583
1009.8825264620468,869.1185271924262,1336.5117194290078
1008.1359989024161,869.3418132676854,1336.7841894140254
1006.4272909664604,869.5761109571188,1336.8726814379563
1004.7730377545315,869.796359218531,1336.824363244228
1003.2029821416145,869.9910575440539,1336.7151579254312
1001.7518988482698,870.167074693562,1336.6324302480589
1000.4466390432584,870.3435429031183,1336.648143319039
999.2961237900719,870.5413353145233,1336.8000822446309
998.2954854890693,870.7741654159184,1337.0919064596358
997.4378432049243,871.0440780952835,1337.5040714943718
996.7160121192323,871.3457942960669,1338.0069453601532
996.1192100244414,871.6762048973651,1338.5718525870157
995.6309774624423,872.0341151822948,1339.1723670566555
995.2294557628352,872.4131084454069,1339.7788993893737
994.9007873668855,872.8043931085167,1340.3590252242984
994.6495222965711,873.2032429139173,1340.8822125907586
994.4859149455127,873.6048848030941,1341.3212864641164
994.4115277463978,873.9992627387097,1341.6536196728312
994.4209425335935,874.3741644973757,1341.8642915100475
994.5116520447896,874.7220651059193,1341.948799381295
994.6928738563271,875.0465714475233,1341.9152720034124
994.9831023601921,875.3624883932473,1341.7842677745653
995.3973845156922,875.6866246131743,1341.582710834375
995.9409470496084,876.026607198949,1341.332020591589
996.6146975771162,876.3776892290704,1341.0409611261698
997.4237326577498,876.73192940591,1340.712568344561
998.3799062202863,877.0891148531294,1340.3545727888884
999.4957377201417,877.4574599460083,1339.9834817842889
1000.7768262931252,877.848657614828,1339.6247127742095
1002.2189482788436,878.2740450121217,1339.3084161896502
1003.8077317783774,878.7411085653873,1339.0586099929128
1005.5231187568049,879.2512445071578,1338.8801914821388
1007.3485823126477,879.7996478590317,1338.7576629486337
1009.2730032608711,880.3759135733261,1338.6708181035667
1011.2829308298766,880.9704500310771,1338.61524952352
1013.3544311870173,881.5847678367701,1338.6113792338926
1015.4444024616936,882.2269805287076,1338.6889345248553
1017.4911654371579,882.8948785456871,1338.8568288160063
1019.4450737802994,883.5736852570848,1339.0908805966726
1021.3061923672651,884.249588652442,1339.3497348645299
1023.118072952849,884.9197153839864,1339.5989097630898
1024.9213752393414,885.5933677172673,1339.8199326259682
1026.7223609206876,886.2849030977604,1339.9950306939622
1028.5044827697634,887.0040353580354,1340.0862194095025
1030.2579915454348,887.7531700494678,1340.0364201448137
1031.9891513149234,888.5264330508933,1339.7925814634323
1033.7003303783235,889.3033652774428,1339.3312118344513
1035.3701757333636,890.0437658837748,1338.6679419283516
1036.9604239481957,890.6931099199902,1337.849418565219
1038.4348359446785,891.1979194125039,1336.9417684805903
1039.7668022092043,891.5191452178458,1336.0201275759557
1040.9401972091775,891.638110690474,1335.1564675935838
1041.9523024630241,891.5593803401428,1334.4081198443628
1042.814399511884,891.308311112791,1333.8066458321796
1043.5478216412585,890.9234272210269,1333.3507396752343
1044.178123481307,890.4515728419732,1333.0133884769107
1044.7276132804718,889.943225132438,1332.760306088394
1045.2067551237162,889.4423031294718,1332.5635481045729
1045.6111421325343,888.9785729417956,1332.4053880952972
1045.9263674592887,888.5671205404983,1332.278689503133
1046.132448101469,888.2071556991548,1332.1830718016126
1046.2084999818594,887.8824494805027,1332.1170115985663
1046.1393464386724,887.5685996311694,1332.0731791520632
1045.9165814294631,887.2416009963151,1332.0398077297896
1045.5387178274982,886.8870122194041,1332.0050261222796
1045.012629302773,886.5067127868648,1331.9582510854714
1044.3461722799025,886.1141102890832,1331.8861106034049
1043.537879416858,885.7221612089471,1331.768103370446
1042.5761495235001,885.3373434588815,1331.5775582979645
1041.4459678849487,884.9647971554468,1331.2897783875746
1040.1381770057642,884.6142867422826,1330.8937922547557
1038.6552295897213,884.2964522542533,1330.4026977677818
1037.008455729283,884.0211307199611,1329.8611209814055
1035.2138827634278,883.8044482857922,1329.3405896422603
1033.2923241458209,883.6657569132095,1328.9128991801347
1031.2674694401983,883.6141478899285,1328.6176703848282
1029.160412768025,883.6489439274349,1328.4509762881273
1026.9849533294382,883.7712208563231,1328.3755869676834
1024.7456543061012,883.9838458998979,1328.3362480267936
1022.4474182926035,884.282979329717,1328.2786605613846
1020.1152347965054,884.655098741434,1328.1808888678938
1017.8044598001077,885.0787346103521,1328.084391105155
1015.5915108427857,885.5296685658174,1328.0915438256918
1013.5455948943678,885.9880874319796,1328.3129501314497
1011.6940591225504,886.4378424245269,1328.7948137230505
1010.0099760276854,886.8620669997625,1329.4869297907167
1008.433897082686,887.2506658389423,1330.2763557197409
1006.9117584402079,887.6144368960087,1331.0491380971716
1005.4231059784954,887.9848056231524,1331.7283767902768
1003.9822891157205,888.3928958902155,1332.273857482603
1002.6166470866258,888.8481815160436,1332.6674700714548
1001.3440321875121,889.3381177832479,1332.9098231008695
1000.1637862470643,889.8407132302775,1333.0257640455568
999.0612897391421,890.3347329164139,1333.0627184238679
998.0220904368962,890.8097685000726,1333.0778369662992
997.0445872068778,891.2711362960404,1333.121140774429
996.1412216858258,891.7319335897918,1333.223580748087
995.3320733942074,892.2051008317887,1333.397503643517
994.6387576195623,892.7020483792348,1333.6457856893949
994.0779302519353,893.2319246688078,1333.9695983033635
993.6557575381453,893.8038187811931,1334.3703331760514
993.3690552147715,894.429392940683,1334.8447184776924
993.2098769427638,895.1179552007086,1335.3784531867095
993.1711680383951,895.8692090118805,1335.943682963995
993.2527457442035,896.6737165245164,1336.5013496185875
993.4601674235521,897.5198889078621,1337.0119284930825
993.7965672889945,898.3977610086529,1337.4483903505338
994.2555354332577,899.2954029591133,1337.7969590359926
994.822501290558,900.194908514147,1338.0471775790866
995.4873687085827,901.076541717487,1338.1877586249886
996.25695867845,901.9286127681712,1338.2125757340925
997.1500596427416,902.7501977156662,1338.1239455752602
998.1797801461505,903.5427335907465,1337.9277288383773
999.3473205959914,904.3021278643625,1337.6272871808642
1000.6507872165157,905.0198250755967,1337.2234958401077
1002.0913953977758,905.6884374337518,1336.7223213387892
1003.6717544443468,906.3057481579074,1336.1434238335726
1005.3914549110095,906.8759148907061,1335.5230013089413
1007.2429720906326,907.4092493129929,1334.908700130021
1009.208208792628,907.920433131393,1334.3458159987188
1011.2578703442332,908.4246902850853,1333.8601612499324
1013.3594714745083,908.9351161702958,1333.448278192445
1015.487325106743,909.4603371474585,1333.080339481149
1017.6249750037412,910.0018980920356,1332.7173166859254
1019.7662623895644,910.5581335578917,1332.3396006302917
1021.9126219435706,911.1289043548549,1331.9686381446347
1024.0591411885373,911.7088178005191,1331.6615372391611
1026.1842523043792,912.2794672908241,1331.4817757604856
1028.2572628699975,912.8179614093027,1331.466361661857
1030.2596283944868,913.3167052994136,1331.6061565283767
1032.2027689785887,913.7955434129627,1331.8468469572774
1034.1193028449961,914.2954897685663,1332.1108384009276
1036.0339595111798,914.8625118500881,1332.3258083535434
1037.9474924240837,915.530790565781,1332.4368240283818
1039.8435755039486,916.3057502480235,1332.4024713347571
1041.7006955594486,917.158264002961,1332.1978050301996
1043.4959720779707,918.0377042641712,1331.8242848611835
1045.2030921446685,918.8861681223457,1331.3075124914972
1046.7923729715635,919.6440158780213,1330.685262432836
1048.2448754241966,920.2672312685058,1330.0092381988845
1049.56843648803,920.7499642503943,1329.355303026584
1050.7778595722134,921.1060324777239,1328.8009890372423
1051.8648009035164,921.3339843446945,1328.3868446953338
1052.8118297929589,921.4279912054358,1328.1185952656779
1053.619015137847,921.4035815560835,1327.9921132349411
1054.301537730848,921.291845095516,1328.0001479476898
1054.8758754978148,921.1211973791445,1328.1277921590902
1055.3517444195086,920.9113848832387,1328.3512372859943
1055.7338481588276,920.6800123362644,1328.6398943713803
1056.03043438204,920.449402498598,1328.9590601624254
1056.2533254524812,920.2438946887575,1329.2740105606345
1056.4069413002155,920.0789294493737,1329.552065915691
1056.483498529425,919.9520161419111,1329.7596213733573
1056.4709032232015,919.8479366932828,1329.8660269686366
1056.3586623346648,919.7550156075938,1329.8572864580965
1056.1334080517531,919.672489061891,1329.7409838526532
1055.7759692005573,919.602405370433,1329.53576587086
1055.2690391099773,919.5418436509447,1329.2594800128275
1054.6034370798905,919.48429703505,1328.9241803663085
1053.7701948277358,919.4196862464617,1328.533020156038
1052.7495706543968,919.3309693959391,1328.0803472861637
1051.517157349648,919.1997335464758,1327.564174195775
1050.0696701407387,919.025559371808,1327.0109284968019
1048.440244107249,918.8385837806784,1326.4870573692601
1046.6709248998895,918.674959244016,1326.0674606942937
1044.7811948022506,918.5465372329942,1325.7953251279864
1042.7840989829224,918.4521360892505,1325.6839333001876
1040.7101504571176,918.3985201577682,1325.7331121237246
1038.5969496545843,918.3993530391314,1325.9266977802183
1036.4724979718358,918.4660093166381,1326.2267579701986
1034.354001638724,918.5987502873035,1326.5827679855545
1032.253026700528,918.7824796280399,1326.9536609280767
1030.1803005730294,918.9902593145226,1327.3290433060026
1028.1489183045117,919.1922224750653,1327.7393022295976
1026.1723636744794,919.3650546198655,1328.244407882102
1024.2553955155686,919.4949304177065,1328.8930123688076
1022.385875050769,919.5752805561854,1329.6757003291277
1020.5402339613486,919.6088169023303,1330.517572625044
1018.7013148335905,919.6133500028889,1331.3196749699682
1016.8712303055618,919.6192249658732,1332.009202083338
1015.0706233660658,919.6531641511741,1332.555959383877
1013.3333354082931,919.7190119760949,1332.9570957104268
1011.7021859688257,919.7961748781295,1333.2251289797357
1010.2172483183648,919.8611216074684,1333.3933486850876
1008.8963352193566,919.9051802453513,1333.5175485746347
1007.73039095759,919.93303550639,1333.6594383863503
1006.7004122674875,919.9548643758903,1333.8632548840224
1005.7935211122983,919.9801113364415,1334.1432502649702
1005.0067722349685,920.0165862797992,1334.4915106545268
1004.3402383646119,920.0738593152213,1334.895461234435
1003.7843780342089,920.1612151568968,1335.344484207367
1003.3184336741731,920.2839081489985,1335.82736977255
1002.9250697269931,920.4452376381844,1336.3309542480513
1002.6016117900278,920.6478269186226,1336.8364680539644
1002.3558602780222,920.8910488945608,1337.316895520571
1002.197078914302,921.1675703167859,1337.743614966724
1002.1305718064231,921.4612721161877,1338.094889476595
1002.1569085239087,921.7541255211974,1338.3597785048075
1002.2799597477087,922.0416880472386,1338.542843509809
1002.5123507741682,922.3392755365232,1338.6652464175743
1002.8654968821743,922.6673551891856,1338.7518746865671
1003.3403542506538,923.0325048626149,1338.8171024382323
1003.9339115547997,923.4245651890642,1338.864222396154
1004.6512334936523,923.827864706038,1338.8895805605898
1005.5060817642925,924.2335205253504,1338.8862583486468
1006.5127092991223,924.6416856037972,1338.8476709172107
1007.6831030445584,925.0540308642079,1338.7639326905903
1009.0265089127732,925.4707953203147,1338.6170395556546
1010.5464004864547,925.8952045556206,1338.3851574617509
1012.240684197863,926.3340752682057,1338.0507042907489
1014.1047316887725,926.7957104576276,1337.6066459944252
1016.1328699252656,927.2892072996733,1337.059488751429
1018.3159926000403,927.8166083665637,1336.4237800751744
1020.6352136009358,928.3618329782564,1335.7152028665103
1023.0557133782954,928.8938800161798,1334.962584524541
1025.5257804071387,929.3792204239079,1334.23057307182
1027.9778622613255,929.7861185368929,1333.6152976204971
1030.3310731457673,930.0840574801359,1333.2071070823072
1032.5153977345203,930.2520236486672,1333.0553228800145
1034.5177147839547,930.2968996495416,1333.1600630201926
1036.3995649000967,930.2653676705966,1333.4862031418174
1038.2538749562034,930.2301428440294,1333.9790976417653
1040.1371139174219,930.253143940527,1334.568342005447
1042.0420780762765,930.3583382715778,1335.16895592268
1043.930898815239,930.5396466032618,1335.6939972969385
1045.7798613687678,930.7811885917928,1336.073072010901
1047.5887656811399,931.0613382214559,1336.2651264822216
1049.3618350226006,931.3501899198417,1336.261239996532
1051.0906080061536,931.6149367172924,1336.0789286554582
1052.7556090619646,931.8279702287894,1335.7540119714586
1054.338345026905,931.9688174071241,1335.3325021154665
1055.8250476959179,932.0239151349881,1334.8632553198079
1057.2047165036295,931.9913729370627,1334.3929526954728
1058.4718163401346,931.8839748101118,1333.9601369233787
1059.6277883742766,931.7235253617141,1333.5879238306686
1060.6768863834604,931.5314407948196,1333.2817493272182
1061.619128451028,931.3204324892035,1333.0367607524981
1062.4454497648665,931.0898304800285,1332.8479438144213
1063.1422871346865,930.8289593587285,1332.7104806644406
1063.701525415987,930.5243049549472,1332.61243741806
1064.1270872256289,930.1666323738735,1332.5360117814912
1064.433862851413,929.7629584035878,1332.4712800864775
1064.6338167450128,929.3379808022131,1332.420137647332
1064.7217590438474,928.9148777744789,1332.38130630165
1064.6829839646987,928.5024285958197,1332.3407097645431
1064.5105803506688,928.1010021634066,1332.2785268581906
1064.2070135727697,927.7124838655384,1332.1798327575564
1063.7774598296712,927.3440281461864,1332.0387900073981
1063.2280880781377,927.0023158525331,1331.8536823944119
1062.562141345797,926.6847956035244,1331.6186489159754
1061.7746574972887,926.3828995566491,1331.3260945549578
1060.8561274522324,926.0936229091778,1330.9774854902466
1059.7984818455961,925.8198265284378,1330.5837347786849
1058.5956467706935,925.5625491768446,1330.158964418509
1057.2431374557711,925.3200801486485,1329.7234162854213
1055.7402715197338,925.0909944491588,1329.3074855500972
1054.0969575550373,924.8776519438245,1328.9478191505589
1052.3378560377676,924.6910274731747,1328.6846066818564
1050.494244922887,924.551752010897,1328.5611600627817
1048.5906294202655,924.48317284159,1328.6122587841223
1046.6377688034818,924.5026841281475,1328.843011348735
1044.6372269914182,924.620020182902,1329.219210599984
1042.5934731803507,924.8372706943347,1329.6776927142887
1040.520814786842,925.1435208147765,1330.1462114267108
1038.4418926019964,925.5125424472287,1330.5669309855396
1036.3823557700734,925.911110473356,1330.922019179813
1034.364349170076,926.3105025011062,1331.24107081449
1032.4028466020768,926.6931472104477,1331.5718745105573
1030.5004235819974,927.0541616684767,1331.9363053366967
1028.6420497490253,927.3989150637333,1332.309529762697
1026.8044426533402,927.7409104521582,1332.6354666263696
1024.9746485202857,928.101562507203,1332.8603646408708
1023.1622023459418,928.5023241403917,1332.955227751226
1021.3981773021475,928.9503894023413,1332.9207530170258
1019.7195317583173,929.4375090220044,1332.788805039471
1018.1541190212542,929.9515259638277,1332.6171006382099
1016.7204621623276,930.4786233033383,1332.4679337535208
1015.4314018608321,930.9994060984775,1332.387482244684
1014.2924146656289,931.496409116743,1332.4016330821983
1013.3003680488407,931.9642444878885,1332.5205149013377
1012.4463539119804,932.4089736364173,1332.7423631179927
1011.7180326262855,932.8384428868758,1333.055502982935
1011.0977703474953,933.2490593985726,1333.4389545234064
1010.5631107458222,933.6229416257657,1333.864093286044
1010.0932491788355,933.9428852973375,1334.299552382809
1009.6768941164408,934.2088011439969,1334.718473514358
1009.316921139051,934.436041423705,1335.1001027590612
1009.0256917452044,934.6379965898753,1335.4216105206356
1008.8161056546935,934.8186587109367,1335.6566894015866
1008.700158007235,934.9840908091921,1335.788365532578
1008.6910490148077,935.1481033570959,1335.8156919808794
1008.80092114694,935.3233017076757,1335.7481345163378
1009.0377990456993,935.5169635106603,1335.6026156760195
1009.4054151467838,935.7354573951305,1335.4033541907222
1009.904826238862,935.985284150267,1335.1750539687232
1010.5377373141594,936.2696935288064,1334.9319414913118
1011.3084697026147,936.5877869455912,1334.6728614383285
1012.2236408586359,936.9422700821033,1334.388933268836
1013.2923947675889,937.3468475050894,1334.0755678793048
1014.5252803835659,937.8189683129932,1333.73636896872
1015.9290992425902,938.3666559286468,1333.3807267599534
1017.4975966967485,938.9845790220255,1333.0215362483768
1019.2079476341792,939.6605180802102,1332.6722283154559
1021.0291993670321,940.3824511400479,1332.3367257540572
1022.927026619289,941.1377475209242,1331.9954498723348
1024.8657566204995,941.9122780689584,1331.6072495443623
1026.8193741774637,942.6948384454823,1331.1335675849334
1028.7750489178106,943.4769638082711,1330.5662157948727
1030.7251691523254,944.2471234067876,1329.9435277291045
1032.6632517966793,944.9888916330569,1329.3493471371394
1034.5783550201957,945.6857498661102,1328.8883753543575
1036.4452060250771,946.3279360924673,1328.6416151510518
1038.2285821558776,946.9174524426751,1328.6262259061566
1039.9071056404805,947.470699187645,1328.784835954497
1041.4905162079535,948.0201270925629,1329.0111263108806
1043.0093569816024,948.6109319038925,1329.1963330779952
1044.492788662505,949.2838774401616,1329.2646596187758
1045.956541845961,950.050174260931,1329.1794213571159
1047.39986296984,950.8791156735545,1328.931785674501
1048.8053221984442,951.707867522323,1328.5316384918299
1050.1450569767537,952.4654736544728,1328.0077281660608
1051.3950909487064,953.097569614172,1327.4083560851554
1052.5444434207932,953.5771369037407,1326.7908185206913
1053.5884035368288,953.8989378075864,1326.207655852763
1054.517825549293,954.0714244416478,1325.703563571125
1055.3224405210028,954.1135264962295,1325.3152218709906
1056.0007370956705,954.0510439361719,1325.0655302557907
1056.5536200937308,953.9095879433896,1324.9604351469634
1056.97360427973,953.711940730045,1324.9947830609194
1057.2528310678458,953.4813725432365,1325.158298680971
1057.3935031299702,953.2410338908658,1325.4322091893805
1057.4016244522004,953.0107167401807,1325.7852217195755
1057.2782443404642,952.8068720992941,1326.1791080096955
1057.0231931548276,952.6433203367857,1326.5785936513782
1056.642966209605,952.5301448366321,1326.9542638099272
1056.1497218340467,952.4723211374951,1327.277829608673
1055.5510758474202,952.4698542210583,1327.5228418975391
1054.84310893384,952.5182135110391,1327.6729640409783
1054.013428142352,952.6099946682249,1327.7245815613778
1053.04748762792,952.7389745340711,1327.680292501944
1051.9336620083568,952.9011489759869,1327.541610733188
1050.664864663896,953.0898418971605,1327.3081891002919
1049.2350832164275,953.2912292129844,1326.9861726182235
1047.6371933505,953.4878626921982,1326.602612513887
1045.8685514653291,953.6655322986537,1326.2097140926167
1043.9380631152248,953.8147589082861,1325.8681746171217
1041.8658166835737,953.9346011258607,1325.6292457852076
1039.687593371317,954.0477850568816,1325.533760539462
1037.4629150287174,954.2043824619038,1325.6087374227825
1035.2504205069572,954.4453423394008,1325.8380355488428
1033.073695612874,954.7676233624461,1326.1472431117627
1030.9359840789512,955.142949287823,1326.4470571670738
1028.8532460996514,955.54727008504,1326.6894838690653
1026.8560877129348,955.9612179414214,1326.8909464907997
1024.9741780091251,956.3686589284771,1327.1284189553562
1023.2246163784557,956.7599444776707,1327.5000251970348
1021.6053656715012,957.1246067021375,1328.0517192177188
1020.0934209961545,957.4458864566589,1328.725787871362
1018.651214635641,957.7138493659721,1329.384692350661
1017.2418535712518,957.9453768038352,1329.891426355367
1015.8491613190997,958.1838476823145,1330.1729042520583
1014.490409377274,958.4715028064709,1330.2249425911832
1013.2125062280261,958.8217179193583,1330.0891029764841
1012.0748130285739,959.2206861246185,1329.842630044032
1011.1225331014625,959.652308072326,1329.5954929390196
1010.3660822612426,960.1113576606,1329.4653309002172
1009.785111931758,960.5912632967285,1329.5324145203467
1009.3485675053523,961.0730997749702,1329.8123160887246
1009.0321224296373,961.5348546035472,1330.268260219989
1008.8234530774771,961.9642560142281,1330.843479177244
1008.7149683399904,962.3572673465587,1331.4850496298118
1008.6955576944663,962.7120280124066,1332.1512943701343
1008.7512955583665,963.0292366471728,1332.806632686895
1008.8740556340546,963.3133322964196,1333.4143559259132
1009.0674782938931,963.5732042575007,1333.9407025890894
1009.3409399072793,963.8232159176512,1334.3652771957547
1009.6989588677072,964.0772951952785,1334.6807041178897
1010.1408031764701,964.3388853112252,1334.8820582033911
1010.67182001171,964.602092550961,1334.9630656643674
1011.3080266978081,964.8623847984275,1334.9212862905893
1012.0641538746365,965.1193468444135,1334.7606302332333
1012.9465434032606,965.3733722284354,1334.4905355525525
1013.9631945712601,965.6299377191658,1334.1244675335333
1015.1313650140266,965.9036197880091,1333.6785344576913
1016.4698539714693,966.2114029396242,1333.178001027936
1017.9867726564269,966.5666480773425,1332.6672194021367
1019.6714252543537,966.979093225437,1332.2038908654004
1021.492456874209,967.4530797779418,1331.8378620630917
1023.4094705500848,967.9856238635318,1331.5907770111037
1025.3917254564337,968.5693671724569,1331.4450691829647
1027.4226574945292,969.1985399144548,1331.3465128698883
1029.4881311688698,969.8716208932981,1331.2225605396336
1031.5715331571002,970.5886944887767,1331.0141195877766
1033.6666782885593,971.3488911482166,1330.710980209304
1035.7819100411116,972.1457528654611,1330.3692508799863
1037.912225170867,972.9576834370234,1330.0950801983731
1040.0052528803994,973.7424030680395,1329.9959405933853
1041.966489703668,974.444302736127,1330.1191441255123
1043.715060114521,975.0199344178626,1330.421310864313
1045.245764502416,975.4686727947757,1330.7937951690792
1046.6311396783447,975.8373697539404,1331.1191854551041
1047.9597233783031,976.1934839872849,1331.3188623450524
1049.279031285735,976.5911767983933,1331.3644944569135
1050.5876371007578,977.0502807696068,1331.2583809447988
1051.861373258691,977.5534547463377,1331.014898373224
1053.08083888188,978.0590943169598,1330.6586711062073
1054.237620596547,978.5214185766614,1330.2279259712611
1055.3255378304982,978.9069797431082,1329.7726333176784
1056.335230285791,979.2033342678794,1329.3505688736784
1057.2525258599933,979.4176320096374,1329.0215381835915
1058.059058975798,979.5686635372099,1328.8375083763829
1058.7384202539597,979.680778630224,1328.8345005417532
1059.2843696291766,979.7764103484047,1329.0263448757107
1059.7035219939407,979.8686074826982,1329.4014505828102
1060.0071130087624,979.965323380407,1329.9314052422365
1060.202557864357,980.0781186548036,1330.5838133234956
1060.29552100649,980.2176801479438,1331.3230884380155
1060.2934902437069,980.3826399112504,1332.1041758534293
1060.205471009939,980.5586254934374,1332.874415007558
1060.038055219531,980.7262665746109,1333.5844968578288
1059.789498049102,980.8700908908911,1334.200364118724
1059.4524273379068,980.9843121614902,1334.7085010460096
1059.0226131705997,981.0702475805234,1335.1100385459745
1058.4987781334844,981.1258137098788,1335.4077019456888
1057.875484317465,981.1404446219262,1335.5994554110907
1057.1406199375917,981.1025620869392,1335.6831866767727
1056.2793711073127,981.0079974631564,1335.6601470302044
1055.2812624092408,980.8601145699262,1335.5350264604622
1054.142228714332,980.663552545512,1335.3191743795264
1052.8576459443766,980.4191323679416,1335.0353409794002
1051.4177350711348,980.126686658529,1334.7194414294606
1049.8122960731584,979.7909142061002,1334.414136421578
1048.0405640785455,979.4236165656001,1334.157973227684
1046.1181143725817,979.042374029751,1333.9808423949526
1044.0735629600413,978.6684391082094,1333.9041940730663
1041.9405385708992,978.3276974398309,1333.938779390471
1039.7520201913449,978.0499629111137,1334.0793321017738
1037.536807965203,977.8606236453307,1334.2992279780424
1035.3142856999327,977.7679522034827,1334.5484155216177
1033.0901471815641,977.7557335928482,1334.7640624189135
1030.8669074501574,977.7940162130784,1334.9034267335358
1028.6627508377699,977.8589838550878,1334.9791734778573
1026.5092473212694,977.93646483806,1335.0598608757418
1024.427036879301,978.0124939868123,1335.2289670622984
1022.4151022143044,978.0717529309092,1335.5302898098957
1020.4599641362583,978.1005490403086,1335.9334598200774
1018.5404238575288,978.0857323520049,1336.3427803693128
1016.6349496338753,978.0189943139909,1336.644659128578
1014.7416666513121,977.9069641067497,1336.7586039129783
1012.887872083636,977.7712345358651,1336.6610278413955
1011.1164469857654,977.6311022783175,1336.3773404152041
1009.4654236367819,977.4875393977857,1335.962122188397
1007.957323280725,977.331230807104,1335.4892854774332
1006.6018376206835,977.1635566900395,1335.0456189098963
1005.4063017759303,977.0053090253448,1334.7132022073301
1004.3799848654227,976.8871961791617,1334.547326216594
1003.5240899702628,976.831099236569,1334.5623544551597
1002.8231876247252,976.8394071246546,1334.7338134547217
1002.2550752373105,976.8999301030369,1335.0172673511806
1001.8010655695869,976.9929485988364,1335.3693809108
1001.4407793610991,977.0972181477462,1335.7600731952816
1001.1518288448206,977.2002345694782,1336.1719478964262
1000.9181086986589,977.2993674069927,1336.5850724491552
1000.7330927134535,977.3915917735244,1336.9660237211326
1000.5997873991215,977.4680207246419,1337.2765339543507
1000.5250714001114,977.5159785550716,1337.485842537697
1000.5146991206857,977.5235311149495,1337.5738439294041
1000.5801448417996,977.4855461722386,1337.5327830157148
1000.7423258016044,977.4103684288516,1337.3720518829446
1001.0198919374795,977.3187519215633,1337.1160354957813
1001.4187383760773,977.2294852408346,1336.791184398472
1001.9378793425701,977.1491616539354,1336.4171375505362
1002.5772305465804,977.0804964582661,1336.0094713975154
1003.3366630842545,977.0295514794883,1335.5800550442648
1004.2214887906657,976.9960688282393,1335.1298884482626
1005.2485112126312,976.9679243165161,1334.65265085392
1006.4354126498804,976.9352356156276,1334.1546101473791
1007.7881436962779,976.9023701843107,1333.6655929914339
1009.2976623864369,976.8811376811171,1333.224609534778
1010.938952331064,976.8797028304501,1332.8565912530519
1012.6732926138977,976.899520991683,1332.5585588440672
1014.4564678369929,976.9411674618455,1332.3034400594179
1016.2498326082175,977.0135615847595,1332.0593767683986
1018.026429723015,977.1312867169667,1331.80499176972
1019.7677109583615,977.3002403343786,1331.5339808440913
1021.4630061105925,977.511007235566,1331.262894572579
1023.1155113577614,977.7467671231495,1331.0414213603297
1024.734346048139,977.9936798171511,1330.9447616325428
1026.3093951530836,978.2420920356427,1331.036419686915
1027.8006398815712,978.4834124484082,1331.321512722781
1029.1639829009982,978.7159350732487,1331.7306346096018
1030.390733771588,978.9541561733113,1332.148970644459
1031.5184976439718,979.2268016633826,1332.4646695975048
1032.6017107773723,979.5649498853394,1332.6051432125466
1033.6736484339772,979.9872117913234,1332.5463482815767
1034.733880437244,980.489124609777,1332.3008308867145
1035.7599172187568,981.0429022828281,1331.9032465714977
1036.726381298033,981.6056044989717,1331.400160363921
1037.6186974331451,982.1317966703273,1330.8425981024434
1038.4326123463063,982.582950371563,1330.281296488049
1039.1637312194985,982.9315738060034,1329.7655489678025
1039.7958473580682,983.1666867603989,1329.3481206638594
1040.3008560882724,983.2946640472169,1329.0860416952123
1040.6574184100318,983.328095395246,1329.0257820927286
1040.8648252973521,983.2730117590016,1329.187240632748
1040.933338948532,983.1278745337094,1329.5644138719322
1040.8711454600254,982.8922580086685,1330.1337875693926
1040.6854690896134,982.574348315447,1330.8551478927952
1040.3880745493577,982.191829173356,1331.6690852666484
1039.9939545074465,981.7677803942859,1332.504122459109
1039.5146856930305,981.3285981560736,1333.2933858062727
1038.9559607311865,980.9043346061635,1333.9877030813884
1038.3192692834548,980.5208812431415,1334.5552738603458
1037.5997560240462,980.1871442537263,1334.973382320593
1036.7875193369662,979.894917982811,1335.227142402985
1035.8745775285208,979.6314276696885,1335.3144802420757
1034.8549405764438,979.3881125023529,1335.2425629002994
1033.7205173741163,979.1612831458949,1335.0208076695021
1032.4596785792824,978.9490298484549,1334.6647457432744
1031.057109744978,978.7447673838758,1334.2015568794159
1029.500254652095,978.5373978514211,1333.669113698965
1027.7902949888032,978.3233944651156,1333.1155541733508
1025.9460909874983,978.1136537497889,1332.5963696410197
1023.9992878268465,977.9283932821268,1332.1649933571573
1021.9835185016722,977.787915298852,1331.8582841726136
1019.9250450813223,977.7040993409333,1331.6786269225079
1017.8428289222064,977.6784007054316,1331.5845279361324
1015.7539627866839,977.7043383545824,1331.5022450213582
1013.6804407327611,977.7677466037227,1331.358779854162
1011.6545524784068,977.8447192000318,1331.121828247593
1009.7179907326632,977.9037156632241,1330.8262387932555
1007.9177138286414,977.9204076039845,1330.5709654352227
1006.2907151056011,977.8850451615543,1330.4631157627
1004.832608157687,977.7785229210195,1330.5210753004762
1003.4980601367205,977.5697132460795,1330.6428369188648
1002.247514067064,977.2650250296804,1330.6943071151086
1001.0644497482872,976.9246222179386,1330.6025541333304
999.9377664067288,976.6189058274535,1330.3690525601407
998.8718478901444,976.3976296812182,1330.0441715867285
997.9012107430431,976.2844983516254,1329.6951698703854
997.0697103131724,976.2778895066562,1329.3806171972442
996.4025593088941,976.363529758206,1329.1485796814513
995.8983576301507,976.5281917150304,1329.042576283321
995.5333205979423,976.7573594510458,1329.0913805007283
995.2716914368992,977.0267400411498,1329.2915578415345
995.0825155275868,977.3081550391403,1329.6084198852413
994.9507371221714,977.5836813917574,1329.9958207980449
994.8775237520153,977.8490147368838,1330.4138129875741
994.8739127799222,978.1075858462377,1330.8357025428995
994.9466894752336,978.3628974401512,1331.245477971789
995.0913613048178,978.6141024639493,1331.6284212735018
995.3047696787704,978.8592095292599,1331.9645321462017
995.5957483428951,979.0972998772606,1332.2292160493964
995.9761554517869,979.3257176162451,1332.3990359864038
996.4501454763373,979.5433879449931,1332.4615392742162
997.0225450161334,979.7573572410125,1332.4212053500414
997.7080379520667,979.978595051432,1332.2937687780816
998.521127246885,980.2122074596466,1332.094497017829
999.4679309596605,980.4566114094633,1331.8323582027049
1000.5497271414603,980.7088334562588,1331.5123901551137
1001.7669521998031,980.9661778018191,1331.137291663927
1003.1242800367588,981.2293838796636,1330.712500331133
1004.6287110802413,981.5056040941467,1330.2588734408716
1006.2770631317801,981.8020638901369,1329.8163586040523
1008.0514540724262,982.1257721239739,1329.4370602464776
1009.9255301665502,982.4930184563859,1329.1754579555804
1011.8689885586762,982.923615628658,1329.0667768641881
1013.8518565832252,983.4232741184834,1329.1017818032665
1015.850204787708,983.9814712638389,1329.2286332255326
1017.8463766545283,984.5865445792954,1329.3854042004875
1019.826749981922,985.2378719384683,1329.5325893332579
1021.779289236499,985.9401466394095,1329.6675154961772
1023.6818507095282,986.6866723623849,1329.8268598944494
1025.492015145136,987.4508208263903,1330.0713779166044
1027.160974763277,988.1882768734049,1330.445329535915
1028.6622880427956,988.8500572197752,1330.9416863803594
1030.0093843211632,989.4109202574175,1331.5075407328807
1031.2485931031702,989.8926524500932,1332.0764838053544
1032.430668507047,990.3541421768764,1332.5905179205097
1033.585035590301,990.8552384502199,1332.9995739902474
1034.7180764722336,991.429471858051,1333.2593653637457
1035.8255372701653,992.0820396419464,1333.3428535405135
1036.9006462262546,992.797120051321,1333.2544414061117
1037.9342545901065,993.5437406684132,1333.029685046009
1038.9102487389857,994.2826181556738,1332.7180524461653
1039.802850922705,994.9703798776252,1332.364205484024
1040.586386393968,995.5663867032054,1332.006358712503
1041.2502460175147,996.0479583831022,1331.6883237713669
1041.795952015407,996.4159938916772,1331.4625416142499
1042.220274287993,996.681640538258,1331.3774259236882
1042.5107225249928,996.8496069507862,1331.4621457299536
1042.6596890943317,996.9144235349842,1331.7189038780111
1042.6760252698248,996.8728478279448,1332.1273031401975
1042.576817122224,996.7345302132514,1332.655551619113
1042.3727852059958,996.5149559505858,1333.2650260770558
1042.068968244046,996.2252991397942,1333.9080161215697
1041.6756415692362,995.875028626744,1334.5289777834466
1041.2047653789332,995.4759095732528,1335.073474899698
1040.6545471803397,995.040814506798,1335.5030525713396
1040.0186229112878,994.5939203813507,1335.8107668322098
1039.3100161029392,994.1785441182155,1336.0197096233635
1038.5457691638544,993.8278959067763,1336.1508975317731
1037.7156120519023,993.5381047140802,1336.1976259669975
1036.7921719652518,993.2889713832892,1336.1405964535045
1035.7531522716129,993.0688863754277,1335.9686218084885
1034.5810322317227,992.873179420805,1335.678872254115
1033.2599553560444,992.6959066853766,1335.2739799262574
1031.777379955586,992.5262547755872,1334.7656022966753
1030.1245590947212,992.351845154956,1334.1824217108763
1028.2992527920449,992.1672916374727,1333.5769312609673
1026.3088280457514,991.980931261322,1333.0213750515406
1024.1658355742838,991.8118341398321,1332.5858688774665
1021.8827232183548,991.6777382154813,1332.3065561636502
1019.4746403746547,991.5863849529264,1332.169695020304
1016.9618957851582,991.5385796598869,1332.1269243740999
1014.3692373873359,991.5375147979399,1332.1265192719984
1011.7286655941606,991.5915811868665,1332.1420491657723
1009.0851687527465,991.7090285981635,1332.1906427958666
1006.4977739336665,991.8948690876227,1332.328263522341
1004.0233889337958,992.1484633365679,1332.6127780055847
1001.6879978442578,992.4541915895102,1333.0511081536984
999.4727691678512,992.7777938357855,1333.575510214259
997.3272756976414,993.0837052627874,1334.077202389499
995.2000577117701,993.3575422864009,1334.4618210299418
993.0712135430247,993.6077669733874,1334.6774315599516
990.9629918794313,993.8500969957304,1334.7135976171273
988.91588707682,994.0965651089664,1334.5957693841433
986.9566652234153,994.3565731987192,1334.3845346750506
985.0937311115752,994.6391646261939,1334.1654191231733
983.3373961131554,994.9508792500499,1334.0226974204431
981.7107000846561,995.2903478779026,1334.0135579556165
980.2342996589498,995.6394496501753,1334.1546315644514
978.9075375166415,995.9637241898168,1334.4261509279797
977.7055744051872,996.2280243599614,1334.7916556564317
976.5947925926325,996.4110716309841,1335.2188282761842
975.5621958731134,996.516075004946,1335.6944970936495
974.6236005255826,996.5726556276356,1336.2243386537925
973.7856419673911,996.6081007927739,1336.8044248517162
973.021493145902,996.6200062096893,1337.3964154361456
972.3051836459252,996.5983547544989,1337.9454198455473
971.6468714501445,996.5633557495589,1338.4172425545344
971.085228345166,996.5631083214159,1338.808641260423
970.6547922187477,996.6295555162737,1339.118643620383
970.3625327215959,996.7526781735509,1339.327153229809
970.1996980434279,996.9119167969023,1339.418287643415
970.1642325539426,997.1055006602589,1339.4021342009746
970.2615230012847,997.3380172538123,1339.3020594417032
970.4972409409183,997.6080365525592,1339.1415288015232
970.877415512323,997.9136556855018,1338.9437880611533
971.4087521082678,998.2573471506795,1338.728249661017
972.0959924975823,998.645227657096,1338.5036178623322
972.9445844116897,999.083237163078,1338.2661520167715
973.9645955797051,999.5730220107814,1338.0054810115107
975.1659071580084,1000.1131577582726,1337.7155739220989
976.5528535093566,1000.7046651469711,1337.4042734841503
978.1237265734413,1001.3513919853319,1337.0925813052108
979.8681405159847,1002.0509771223913,1336.800681610509
981.7624311847255,1002.7874615367729,1336.533445294584
983.7714592313652,1003.5392582297382,1336.2792640373705
985.8600692804807,1004.296333000444,1336.0199149749292
988.0048953838526,1005.0655739666863,1335.7425212351357
990.1968344576361,1005.8605973259425,1335.4504911783395
992.4360136053216,1006.693053224618,1335.1769845277881
994.7204522354325,1007.5721675698321,1334.9929560961214
997.0255940418011,1008.5014853679106,1334.9868723874804
999.2933516787348,1009.4704402016541,1335.218749040176
1001.4576035148029,1010.4545763945919,1335.683202950103
1003.4866960724271,1011.43198029899,1336.3075594581242
1005.399351811387,1012.4047213655311,1336.983899860603
1007.2467581892549,1013.4005472154113,1337.6066147754066
1009.0757027821394,1014.4455649926249,1338.0892293865
1010.8952556292952,1015.5367928670734,1338.3692572915077
1012.6806870057195,1016.6420564624577,1338.4148865280044
1014.40652682807,1017.7140197104288,1338.227655539249
1016.0572748005159,1018.6952862183274,1337.8381994676506
1017.6120156921069,1019.5192303572218,1337.2979487854122
1019.0447922646634,1020.1246023995541,1336.6679763114726
1020.3462101012647,1020.4858909098532,1336.015250202463
1021.5321030868444,1020.6278096611996,1335.4097065902533
1022.620522203632,1020.5937006012065,1334.894071698342
1023.6121492160818,1020.4130291623729,1334.4565534169592
1024.5057219006178,1020.1174436447159,1334.0549991863038
1025.3146981545806,1019.7619876647502,1333.6545691927067
1026.0583733962767,1019.4135729326033,1333.237023734284
1026.7466086393915,1019.12715688139,1332.7964413057591
1027.3731250329665,1018.9282478918391,1332.3343608387602
1027.9159438788813,1018.8098665600262,1331.8585445374083
1028.342907543456,1018.7422668166965,1331.384250826838
1028.6244321031636,1018.6867000833104,1330.9312687128493
1028.7451514005127,1018.6068426873246,1330.5179824887632
1028.700425530834,1018.4731249525812,1330.1568040942634
1028.4841490060173,1018.263914797481,1329.8528598300536
1028.082705375743,1017.9699642452326,1329.6041639051025
1027.4793785534507,1017.5987351923227,1329.4007667318988
1026.6651735296812,1017.1709142542998,1329.2257655412036
1025.6427460690545,1016.7134635023357,1329.064098993919
1024.4166543981894,1016.2562933284628,1328.9142539147883
1022.9880552384242,1015.8271347416561,1328.7896068100613
1021.3665769395751,1015.4459697813318,1328.7108232308556
1019.581290366595,1015.1257226380536,1328.6989278593196
1017.6737693298303,1014.8756176759559,1328.7698582652213
1015.6806287593189,1014.7029133808045,1328.9293964715796
1013.6218055173737,1014.6145915756111,1329.171463447693
1011.5018383734173,1014.6180628352571,1329.4779787730495
1009.3233224107435,1014.7152518660691,1329.8146825546826
1007.1033824378371,1014.8961181576428,1330.1357094483772
1004.8738022350631,1015.1400838203299,1330.4107036637279
1002.6689401495755,1015.4199509343571,1330.6557131352633
1000.5263785446679,1015.7054725124356,1330.935809742493
998.4898460985518,1015.9678514620263,1331.3240810739212
996.5877394532621,1016.1778797893254,1331.8366574160987
994.8080751673137,1016.3015889260175,1332.4006373652048
993.1145637781674,1016.3238183830366,1332.8995168806468
991.4838152414465,1016.2830552723267,1333.2513280650305
989.904305169855,1016.2464984921626,1333.4257028153002
988.3610111312586,1016.2489092669492,1333.4087814711688
986.8545008673918,1016.2824949756782,1333.196706547753
985.4157606051973,1016.3312691697184,1332.8225513142322
984.0840581024709,1016.3961448099669,1332.3699651505535
982.8843122317376,1016.4923937978151,1331.9509517462614
981.8277253101558,1016.629738954656,1331.6619369539428
980.9194880747007,1016.8022652321467,1331.5542286604864
980.1609037482449,1016.9987926499263,1331.6338526566437
979.545819578501,1017.2112453465452,1331.8754264474192
979.0562842979084,1017.4291914728769,1332.2353390142673
978.6651256992715,1017.6402971358268,1332.6624175177387
978.3451601088179,1017.84520463688,1333.1105548338596
978.0849679347151,1018.0702151322364,1333.5547572218043
977.898358738238,1018.3580410325324,1333.9938871831569
977.8013544001074,1018.7283191851047,1334.4221588412804
977.7831919908423,1019.1486960899078,1334.8032948970779
977.8191864253921,1019.5648945431279,1335.0896404774996
977.9022641403961,1019.9499266617519,1335.255887740862
978.0497282219703,1020.3108875603031,1335.305333075523
978.2886599788211,1020.6647814291997,1335.2564040574605
978.6409634882394,1021.0214034456039,1335.129419336181
979.1155702842303,1021.3811715859572,1334.940304665828
979.7066708511611,1021.7377736951557,1334.7001674491426
980.4031947930085,1022.0846070168893,1334.4183189849848
981.2046196274152,1022.423425901408,1334.1041347049684
982.1256119935842,1022.7653653223066,1333.764538104624
983.186715920439,1023.1251559621621,1333.4035615517284
984.3971381346792,1023.5150388250488,1333.0267529108817
985.7488463225903,1023.9424961106591,1332.6421416860533
987.2393995662239,1024.4164869211002,1332.2577733145738
988.8869018554931,1024.9517502419126,1331.881232734972
990.705606548487,1025.55809929418,1331.515352928877
992.6825605519944,1026.2311320287629,1331.1526706382795
994.7864600867176,1026.9639053025915,1330.7896201133822
996.9783611944056,1027.7587070164889,1330.4533844360046
999.2000969709736,1028.6143270475957,1330.2017773459922
1001.3702133009397,1029.5113144360744,1330.0918809956438
1003.4139276903855,1030.4183841980253,1330.1512997383115
1005.299501892588,1031.3072937518077,1330.372045239361
1007.0460086718424,1032.165329269206,1330.7251791367225
1008.6999251682282,1033.0017133500296,1331.1796810024525
1010.3006453592027,1033.838516976977,1331.7024996274522
1011.862374264837,1034.6921736661166,1332.2423639609917
1013.3828886046143,1035.5671091551342,1332.728397899414
1014.8627289687983,1036.4629159313886,1333.0921370721865
1016.3124413925904,1037.3757862505438,1333.288972803571
1017.7419577278436,1038.2901897884299,1333.3042482238573
1019.147840317195,1039.1744008161259,1333.1475977935097
1020.5140078836024,1039.9875073330759,1332.8455552876676
1021.8223995400513,1040.6952890413722,1332.4395030381697
1023.0628928742674,1041.2849614166803,1331.983790716538
1024.2343245069524,1041.7636151412285,1331.5354266668785
1025.3341761787203,1042.142256360579,1331.1405787320095
1026.3510328702691,1042.4312741981298,1330.833246669366
1027.2736108978768,1042.650390525466,1330.643320098197
1028.1004861414226,1042.8241774640755,1330.595179396761
1028.829648236058,1042.9604540494797,1330.6945230939405
1029.4432186016722,1043.042058660882,1330.9192015603533
1029.915449372719,1043.0477978483912,1331.2303794616205
1030.2409231649258,1042.9847274898743,1331.6010124687575
1030.4470642118201,1042.8920173819968,1332.024723191775
1030.5638831271194,1042.8001778353637,1332.4828421662608
1030.5918370139657,1042.70099814598,1332.920461157511
1030.5157929619882,1042.5722954904568,1333.2744582159048
1030.3293723553065,1042.4082310891686,1333.5094150326436
1030.0350494355862,1042.2149794943978,1333.6194145971629
1029.6346137367493,1041.99601737082,1333.6111272002029
1029.1195631686492,1041.750041120891,1333.4938884461167
1028.4706994988692,1041.47780347751,1333.280671635234
1027.6694646105902,1041.182274788024,1332.9858483351043
1026.7060029186764,1040.864757922657,1332.6223635569636
1025.5795171385464,1040.5299271373146,1332.2093624486781
1024.2958668310448,1040.1893668740895,1331.7782209468605
1022.8650136407836,1039.8554653573267,1331.369399897033
1021.2967750380134,1039.5375008170774,1331.027794672652
1019.592547803536,1039.240455200324,1330.7955902859103
1017.7461646066429,1038.9637974706197,1330.7030939593146
1015.7671364332701,1038.7179906990837,1330.7705396719587
1013.7010032837264,1038.5447945371866,1331.0103967636585
1011.6079564632173,1038.4907551011352,1331.404379801322
1009.5247797656135,1038.5609085674357,1331.8909865528838
1007.4658232400673,1038.7236081009291,1332.4082637226165
1005.4484453189968,1038.9459373432655,1332.9446585056069
1003.4973515874075,1039.2080419108497,1333.5368138011775
1001.6287741761639,1039.4992954861523,1334.2210267490484
999.8391261018388,1039.8130840141687,1334.9844677340404
998.1072592656459,1040.144627724243,1335.757373155317
996.4035974044439,1040.4947773566805,1336.4479593297285
994.7008400399271,1040.8759202529855,1336.9864229676016
992.9867259689223,1041.3046736637036,1337.3436446271398
991.2712414438887,1041.7781885262702,1337.5207467966638
989.5845741662637,1042.261232956105,1337.5389190732317
987.9792762964239,1042.7129022923843,1337.45104140716
986.5253764827324,1043.1242307998564,1337.348020585822
985.2741023064016,1043.5066058423502,1337.3232368798595
984.2268638158786,1043.857335288882,1337.4317344049032
983.3516974849377,1044.164410333175,1337.6918818852046
982.6127719103619,1044.422790262451,1338.0978518254685
981.9787638306047,1044.6319970439201,1338.621228677596
981.4253129614766,1044.7963832245844,1339.222305535873
980.9397500842169,1044.930732497974,1339.8642577498842
980.5237284568057,1045.064440218123,1340.5212504752042
980.1891121084483,1045.2352265600703,1341.1790215051753
979.9407580131632,1045.4627405589758,1341.8154501014271
979.7699006635003,1045.7363672033243,1342.3868199767662
979.6722285248262,1046.0403943229755,1342.8503049815345
979.6566002592326,1046.3731941907868,1343.1874363758727
979.7373337994256,1046.7390316805638,1343.400003170084
979.9315880044253,1047.1386772318003,1343.4996296257498
980.2572691254804,1047.566305639336,1343.5013886799857
980.7270297611244,1048.010730841991,1343.4193227550957
981.3456335982855,1048.4643692183893,1343.2681277683669
982.1119628577236,1048.9297570342144,1343.0646105187504
983.0280451129255,1049.4181839294542,1342.823934316318
984.106032956338,1049.9465651963246,1342.5569126713274
985.3538364854649,1050.5299923276477,1342.2687839536952
986.757576354842,1051.1730889668888,1341.9593526580252
988.2958276333933,1051.8726355966553,1341.6271169103654
989.9602659680193,1052.6257400630652,1341.270992716619
991.740547159218,1053.430599633442,1340.886016798326
993.6036083249442,1054.2824228721354,1340.4608200834293
995.5109345578084,1055.1740769800715,1339.985214070869
997.4552596307411,1056.108795644324,1339.4750903959873
999.4668713999434,1057.1060283075558,1338.9951925669955
1001.570626090275,1058.1696426754029,1338.6412227958888
1003.7424237803284,1059.2602599222312,1338.5016560699025
1005.914931509833,1060.32535526752,1338.6368534488793
1008.0155272594901,1061.3417407997265,1339.0568359192484
1010.0075734457766,1062.3282857998674,1339.7001948289462
1011.915568655317,1063.3409911327328,1340.4453063412182
1013.8048386507526,1064.4448580507074,1341.1420166267617
1015.7305690721761,1065.6798304369022,1341.6481244198558
1017.7069096520142,1067.0530877115875,1341.8672777879292
1019.7083711917553,1068.5382642500101,1341.7613150004172
1021.6880664692832,1070.0703789768197,1341.3325721787144
1023.5979520042533,1071.5572153118171,1340.6107927984144
1025.4036051872872,1072.9054877486615,1339.6559856591898
1027.0931785850833,1074.0450787176294,1338.5577135755432
1028.6693058188953,1074.9444062509401,1337.423128231594
1030.125450007905,1075.6128276635086,1336.3610027827413
1031.4362114830274,1076.0866900629217,1335.464129172721
1032.5751796554257,1076.4064489616667,1334.7914580238767
1033.533731176973,1076.601460796911,1334.3620771724372
1034.316558522312,1076.6925085376733,1334.170128322738
1034.9304141356827,1076.701297861675,1334.1992177553848
1035.3842172730406,1076.6525835400423,1334.4157722081109
1035.6917366631465,1076.574127427612,1334.7648364387455
1035.8706648838745,1076.4967651188247,1335.1852632272933
1035.9375308265317,1076.4438766909107,1335.6196798114238
1035.8988063609168,1076.4189816783896,1336.0113487017545
1035.748895738614,1076.4088744757692,1336.307388449694
1035.485046563001,1076.403197113724,1336.4749478125348
1035.1226946662969,1076.4148456699602,1336.5156888135261
1034.6762457510897,1076.463464039375,1336.4468485280265
1034.1281404573526,1076.5351560251036,1336.264497334435
1033.4396476747615,1076.5897553143714,1335.949065111189
1032.5813124203955,1076.603118006832,1335.497764055672
1031.5405584110335,1076.5758626953161,1334.9319148001182
1030.311982457509,1076.512191388115,1334.2872108246693
1028.8894911527748,1076.4088950636067,1333.6071615605767
1027.268789887956,1076.2605618767539,1332.9369658039448
1025.4580193154484,1076.068836843571,1332.318247029218
1023.4899369804524,1075.8509545998916,1331.7891279161388
1021.420077407391,1075.6401005308942,1331.3837356747883
1019.3067968173331,1075.4718568094736,1331.1212653071127
1017.1957580362473,1075.3674232438118,1330.989579627853
1015.1173707269758,1075.3295075168385,1330.9473713167804
1013.0859820427663,1075.3496218147961,1330.9543590835203
1011.1003252337401,1075.4120364723208,1331.0020702514328
1009.1538934468671,1075.4972286227003,1331.120415629642
1007.2493459048833,1075.5902330461213,1331.354936742251
1005.3981452180287,1075.6835089512042,1331.7221064306507
1003.6043829657398,1075.7754389453848,1332.1751656584747
1001.852640748684,1075.8677566203748,1332.6072600497032
1000.1155469933797,1075.961694960296,1332.888807968921
998.3780037302344,1076.0623621135694,1332.923938576897
996.658558509097,1076.1832176591174,1332.6956623223066
995.0093686731727,1076.3366885092623,1332.27196325802
993.4968278321094,1076.5270815459137,1331.7782824538463
992.1759162224453,1076.7552451266263,1331.3553550145011
991.069669684607,1077.020732662123,1331.1171403076141
990.1651050441975,1077.3199107184787,1331.1222971027196
989.425979493769,1077.6453721357857,1331.3663784788469
988.812750339401,1077.9844330125013,1331.7963611267112
988.2959552750494,1078.321257298921,1332.3427202338166
987.8591679326966,1078.650906389231,1332.9537237763539
987.498640607405,1078.9885674087968,1333.6066035763838
987.2085822336671,1079.3465081137933,1334.2819869116204
986.9662615478964,1079.7084425231362,1334.9367686312999
986.74919075563,1080.0444869500238,1335.5151576362618
986.5542517651999,1080.3341989482083,1335.972764422223
986.391179026823,1080.566284623318,1336.281442276222
986.2745979340739,1080.7413089142167,1336.4301384663263
986.2288276406897,1080.8873518583368,1336.4344586116858
986.2888295332785,1081.0559460296272,1336.3327946875015
986.4791479095509,1081.2854219355297,1336.1570309946294
986.7974631488818,1081.5787990010272,1335.9163901815773
987.2330012802498,1081.9243212779766,1335.6156812017657
987.7895009103395,1082.3188554340247,1335.2683941903522
988.4852967112079,1082.7698879805873,1334.887528442233
989.3434796296294,1083.2903445391596,1334.4827378202995
990.3808473211412,1083.8930335995249,1334.0728781661585
991.595545348421,1084.5857928148268,1333.692591387696
992.9631370537359,1085.3699809742457,1333.3803570868702
994.4513471558231,1086.2414514522814,1333.1583756515956
996.0404574439898,1087.1928666231418,1333.0202342863322
997.7237950483486,1088.2165420770416,1332.935219377063
999.4914199912615,1089.3053864163428,1332.868510206742
1001.3238576427473,1090.4515978388577,1332.8107056471977
1003.1998420205209,1091.646095258626,1332.8042797374057
1005.0961641340263,1092.8776733969237,1332.942309235755
1006.9736391904395,1094.129335161248,1333.3244803018192
1008.7717307280279,1095.3754360855826,1333.993244363036
1010.4330240315925,1096.5876285122097,1334.896771864745
1011.9432720971142,1097.7538145748229,1335.9070871172678
1013.3425052216182,1098.893267953703,1336.872256129826
1014.6910421435055,1100.0432745671155,1337.6590304734914
1016.0312410048826,1101.2354944694052,1338.1799482682407
1017.3792867029456,1102.4882848076431,1338.4107635752127
1018.7301248273862,1103.7937042901021,1338.3757046577011
1020.0586894947841,1105.0989228307608,1338.1116759643064
1021.3260006566918,1106.315825869327,1337.6530966204507
1022.4992189188548,1107.3644568169793,1337.0450863886776
1023.5713419696468,1108.218051627577,1336.358642099955
1024.5476758106936,1108.900316412513,1335.6721874464167
1025.4179543326184,1109.4475255867756,1335.0382186397123
1026.162442941686,1109.892089378741,1334.4829939871217
1026.7790038511532,1110.2638670326037,1334.024704320392
1027.2886304111935,1110.5846853703383,1333.6792027993808
1027.7093631043263,1110.8649834547346,1333.458253254826
1028.0309622001953,1111.109515651724,1333.368963176455
1028.2273675041745,1111.3241365954034,1333.4121091476509
1028.2930954386943,1111.5234009007986,1333.582796035798
1028.25310470943,1111.7299660921187,1333.8701807221075
1028.1315653613867,1111.9480455198511,1334.239347533036
1027.9299589291847,1112.1492241476037,1334.620999160131
1027.6451154506096,1112.3069833970933,1334.9419815458373
1027.2880743232959,1112.4306151308297,1335.1612652473746
1026.8738629672368,1112.5541656026548,1335.2714294628006
1026.398402238238,1112.6963830051143,1335.2709295115726
1025.8355158175511,1112.8375490152837,1335.1423631950988
1025.1628395592163,1112.9448943882435,1334.868663141263
1024.3765834852363,1113.008867148538,1334.4597472546677
1023.4733020049925,1113.0378265766547,1333.9452979676892
1022.4439114566641,1113.0356154350366,1333.358217038041
1021.2946820550452,1113.0009688194853,1332.7392165024967
1020.0441161191891,1112.9280945018738,1332.1329318728538
1018.6992941739147,1112.805810255098,1331.5756004656164
1017.2555762590861,1112.6342817671898,1331.1003737814315
1015.7141327176809,1112.4323210765583,1330.7332262022096
1014.0934853485046,1112.2211869033238,1330.4680540123252
1012.4262994235745,1112.0173282207313,1330.2645345665458
1010.7467786541355,1111.8401368301897,1330.0803982030093
1009.0773787912083,1111.7002184908092,1329.8991907835698
1007.4327215524418,1111.5827599411803,1329.7504397225198
1005.8408439637625,1111.4660672417288,1329.7288309610342
1004.3372593354891,1111.3448458981586,1329.9591812483795
1002.9288878119168,1111.2238627140437,1330.4972147506685
1001.5815202895305,1111.1016640221137,1331.2569347862993
1000.2447003107625,1110.9727938610565,1332.0434692443882
998.8766109224402,1110.8502189959272,1332.665436289773
997.4511791328968,1110.772087024188,1333.0245029478806
995.9656639016146,1110.7739865270794,1333.1202284598912
994.4484489606655,1110.8614154093725,1333.0046441334332
992.9481212334799,1111.0079021633733,1332.74544766494
991.5111690140719,1111.1683075444116,1332.4139828780665
990.1700476676144,1111.301754788327,1332.0861686478322
988.9416032246785,1111.3955543731865,1331.8405380930722
987.8245045177536,1111.4629584490176,1331.7402747758083
986.8031167312258,1111.5188495447628,1331.8107014071525
985.8667034501763,1111.5715923135149,1332.0403876610978
985.0253534775624,1111.6400363860132,1332.4090910307102
984.3002978455102,1111.761296286497,1332.9088683597597
983.6986743307148,1111.9686912814816,1333.5330405983977
983.2027252009796,1112.2725268753823,1334.2590699079697
982.7776724003322,1112.6618689030606,1335.0454931353493
982.3872552328287,1113.107757136599,1335.8317746984708
982.0153823544503,1113.5753529623112,1336.5533817535613
981.6745664055991,1114.0466686894772,1337.1706869438126
981.3875412703934,1114.5250585079664,1337.6753331575287
981.1638724138954,1115.0183522324833,1338.0699518229321
980.9984310829201,1115.524947202931,1338.351220616711
980.892572398986,1116.0361591803837,1338.511616630834
980.8681134756564,1116.5479627339882,1338.5532212755886
980.9561037773187,1117.0680389291724,1338.4974035428145
981.1772580710506,1117.6121779703103,1338.3783918949782
981.5333488789814,1118.194926359689,1338.2272413647338
982.0116579487932,1118.8185939506996,1338.05775153371
982.5967180937744,1119.4720022908045,1337.865566384924
983.2884353307195,1120.1504211317024,1337.6485479405312
984.1116037703314,1120.871392557805,1337.4256342737926
985.0872998930117,1121.6543088211106,1337.2251312460617
986.1977899969656,1122.4921752588737,1337.062499025405
987.404327248488,1123.3601058639335,1336.9409747631132
988.6868004082896,1124.2417405384056,1336.8613997174457
990.0447936914259,1125.1359649455833,1336.8163214029028
991.4686677822822,1126.0446972668465,1336.7768563756829
992.9337933893104,1126.9705689454581,1336.7025574659328
994.4295387382338,1127.9286962748577,1336.575010927504
995.969201905608,1128.9384957104276,1336.4172596621677
997.5662795230537,1130.0012488454906,1336.290006978052
999.2062115025894,1131.0912107597856,1336.2715303341033
1000.8308650992992,1132.1638319427282,1336.422028926769
1002.3618484813121,1133.1792657695405,1336.7522634681043
1003.7522480124394,1134.1176695514741,1337.2089079594405
1005.0122089503765,1134.977803640746,1337.6896481155673
1006.1866134791917,1135.7774523918374,1338.0933671455894
1007.3147339361618,1136.5506397926372,1338.364964062948
1008.4108407836079,1137.3261003956147,1338.494200237957
1009.4685859896417,1138.0971119960338,1338.483510111616
1010.4688887105804,1138.8195635866655,1338.3354387925535
1011.3891936973927,1139.4437685009746,1338.0688593913155
1012.2228901414483,1139.944487520701,1337.7286104647824
1012.9882638539365,1140.3285759692221,1337.374156557703
1013.7049154433599,1140.6154621016756,1337.0527837621494
1014.3739500340735,1140.8149383109724,1336.779453664016
1014.9898283586414,1140.9347238686653,1336.546511061561
1015.5492064742601,1140.9944341828577,1336.3423274920685
1016.0453114900217,1141.0186425784807,1336.1550573976217
1016.4726746598568,1141.0234848827606,1335.9702535445829
1016.8350045995102,1141.0133700606316,1335.773466925928
1017.1411198402627,1140.9919768792424,1335.5629675120388
1017.3969596866417,1140.9710557322721,1335.3580948610283
1017.5933950266888,1140.952319079457,1335.1781255801634
1017.7024446703446,1140.913719312659,1335.0191701737874
1017.6977360271532,1140.8342380055597,1334.8659483553254
1017.5658933746062,1140.7125476883602,1334.7078217037497
1017.3025454732997,1140.5607059108377,1334.5388694888816
1016.920563542896,1140.4017873811897,1334.3597543708854
1016.4414373718738,1140.25767398805,1334.1701937968103
1015.8631375702416,1140.1281252434287,1333.9529644645363
1015.1584896230804,1139.9936652400627,1333.6781462796102
1014.3054379440733,1139.8353671289192,1333.3235626297328
1013.3092578610735,1139.65574302044,1332.8972222180996
1012.1987926122686,1139.4834557190281,1332.4455414979284
1010.9972640237678,1139.3405246369161,1332.0245735459987
1009.7040548987515,1139.2142886020429,1331.6665689947063
1008.3100894835079,1139.0759147990816,1331.3806409220615
1006.8128892379843,1138.9040801977476,1331.1616662924919
1005.2209020255979,1138.6869305937153,1330.9899659189703
1003.5597433626726,1138.4276411325789,1330.8368053973634
1001.8713018423516,1138.1534718500302,1330.6737650377395
1000.2021949714175,1137.904864795818,1330.476434598316
998.5834048273819,1137.7036156710667,1330.2258212755078
997.0204630010265,1137.5342567449136,1329.927219134945
995.5131720693253,1137.3636429636765,1329.6473547226458
994.0692980502243,1137.1693736077486,1329.5164832195628
992.6915685052738,1136.9463693221537,1329.6602127665046
991.3718283584279,1136.6969510458634,1330.108488054778
990.1017789802531,1136.4203047904816,1330.7619140479326
988.8805485338389,1136.116641542726,1331.447046243851
987.7122731010606,1135.8041299075458,1332.0136417735769
986.5982204868923,1135.5217491758306,1332.393909626947
985.5342946737135,1135.303859574757,1332.587367800547
984.5211206097296,1135.1581867017123,1332.6145834055737
983.5705452672208,1135.069546796351,1332.497198481926
982.6860439234772,1135.0026294373235,1332.2571338660175
981.8446995055936,1134.906489596607,1331.9187417385504
981.0184029983272,1134.7439296429377,1331.5246944608825
980.200197942524,1134.5126499502114,1331.1440759375728
979.403006582091,1134.2334427875762,1330.8499649879086
978.6467946693173,1133.932092324102,1330.6919639193939
977.947636728495,1133.6344476027073,1330.6921474381784
977.3198370807149,1133.3694268822203,1330.8574141788092
976.7826970890347,1133.1662373349611,1331.184033095132
976.3471357709948,1133.0434870055792,1331.6519760007552
976.0032541255428,1133.0059780852073,1332.2258816503881
975.7357579927041,1133.0470884913127,1332.8593418729515
975.5373265686053,1133.1437016557443,1333.4948584638344
975.4044931674534,1133.2682426298534,1334.0815264115402
975.3443520718133,1133.4196755892276,1334.603445700111
975.3779665055408,1133.6159956139822,1335.0672620033765
975.5175630709148,1133.8532346352076,1335.4619851615687
975.7610932568464,1134.1066538549255,1335.7620297852025
976.1118921894631,1134.366613889589,1335.9622336825425
976.5712239955567,1134.636575333247,1336.0746847791677
977.1214403754826,1134.9065435692728,1336.100956100473
977.7420021257757,1135.1559650252786,1336.0320984689722
978.4308583729686,1135.3720061630106,1335.8642854504612
979.2110229948779,1135.561169343759,1335.612005017419
980.1232886162321,1135.7530466064986,1335.3170749086644
981.1907858994678,1135.9782144350654,1335.0327089383138
982.3906391226413,1136.2432685812016,1334.7979998397327
983.6740935220647,1136.5457186428823,1334.6381784976124
984.9989001544404,1136.8945681680516,1334.5657907725567
986.3406607603208,1137.3017632312683,1334.5636886785985
987.6987496056269,1137.7797829643944,1334.5901871387157
989.0965061122012,1138.3518541772212,1334.6118275146991
990.5540394025334,1139.0304289213773,1334.6180154127942
992.0577258018589,1139.7854697724954,1334.6222409110621
993.5663254003543,1140.5575462515305,1334.6749266198544
995.0328543552944,1141.2890905071795,1334.8520545816325
996.4187686914042,1141.9362543477218,1335.2027084376277
997.711780642131,1142.4759536889837,1335.7076268370918
998.9352826577814,1142.920330860096,1336.2905997531723
1000.1289017010939,1143.3200682044278,1336.8608141204527
1001.3215242808909,1143.7360262440995,1337.3392596739195
1002.522038393894,1144.1994935387731,1337.6616494999698
1003.7218501816618,1144.6989385227582,1337.7798880257917
1004.9040950880326,1145.1985876091162,1337.674153726932
1006.0514944261133,1145.657790986888,1337.3636099427445
1007.1430271706693,1146.0294879484104,1336.8976178619334
1008.1512466840019,1146.2583495362076,1336.3352402559208
1009.0495602127157,1146.2959095091614,1335.7293787798778
1009.8241359925416,1146.1207216856992,1335.121884288235
1010.4854953671806,1145.753482133487,1334.552872497813
1011.0693188486982,1145.2585005212052,1334.069975501196
1011.6137120552055,1144.7181348387621,1333.7153895836623
1012.1308223167862,1144.1916533532942,1333.5005933678863
1012.6001672141754,1143.6919822524274,1333.397869497877
1012.9894065354019,1143.202975484521,1333.3615421375682
1013.2915451488578,1142.7262632275138,1333.3681590579736
1013.5391315815343,1142.3046004715234,1333.4354766472923
1013.7695653651261,1141.9852581598007,1333.589094007694
1013.9818651629324,1141.7677559924186,1333.8124488870249
1014.1427246152141,1141.6067283936654,1334.0446409501897
1014.2272111881273,1141.4606471635725,1334.2236204555743
1014.2331173854857,1141.3181742697716,1334.3152558161912
1014.1638574934815,1141.184909048856,1334.3082821700655
1014.0163610035006,1141.0678705377636,1334.2032008038705
1013.7848625872338,1140.9768516251897,1334.0096443163525
1013.4658944307739,1140.9258208188828,1333.7419830205674
1013.0551894178423,1140.9201623064962,1333.407012732233
1012.5433987964657,1140.9455036474521,1332.996266720016
1011.9173194837047,1140.9775554735534,1332.499264565161
1011.1680969175127,1140.9983910581961,1331.924549348578
1010.2968950031702,1140.9992006637738,1331.3032432744287
1009.3038748354269,1140.9782397880513,1330.6823861472058
1008.1886603842167,1140.9459710668264,1330.124610321688
1006.9772275018397,1140.9309164803287,1329.7039546076016
1005.7151544604161,1140.9633640742861,1329.4754513365453
1004.4281618892218,1141.0489414463082,1329.4369881249554
1003.118052196539,1141.1752582512127,1329.530453650263
1001.7834553266496,1141.3341134265752,1329.6753309661476
1000.4323010047115,1141.5251003489354,1329.803107918133
999.0888371220433,1141.7539646798148,1329.888575797745
997.7847541263093,1142.0282362808823,1329.9643961604077
996.5375332265023,1142.3426390870518,1330.1020559723397
995.3428187485591,1142.6734451528262,1330.3693732834336
994.1842270627229,1142.994813229617,1330.787329792757
993.0440948858228,1143.2956607512135,1331.309063757127
991.9071965046885,1143.5755327349118,1331.835684260475
990.7636578105618,1143.83488027815,1332.2626356395815
989.6163772435193,1144.0741936361073,1332.5231792186041
988.489361321017,1144.2965849487782,1332.6030646379415
987.4214631837376,1144.5075529575365,1332.5311439065692
986.4315128653145,1144.695409327443,1332.3491685899478
985.4989640725145,1144.8167866013628,1332.0869795987926
984.6027791465497,1144.832248916098,1331.7807775777849
983.7577320893364,1144.7466319734617,1331.4972926891007
982.9903797733201,1144.5926476411535,1331.311700054681
982.3042328639335,1144.3952253014572,1331.2717618420716
981.6912886014727,1144.17096561585,1331.3950535487993
981.1622936904555,1143.9462419449642,1331.6846083490377
980.743714849805,1143.758203161045,1332.134041401712
980.4449427439738,1143.636341263193,1332.7201150094797
980.2416091856176,1143.58756470545,1333.397887857208
980.0994742719022,1143.6045794481024,1334.1117634288978
980.0137620408441,1143.688438783143,1334.8171113546255
980.021384064112,1143.85571985819,1335.4924818295992
980.1652109475249,1144.1127459514953,1336.1241799307932
980.445751467585,1144.4269887417072,1336.6810205749316
980.8260763424059,1144.7459471201469,1337.123633194482
981.2807786215382,1145.0399860489404,1337.4351003717702
981.8209333335951,1145.3111268086698,1337.6259877277002
982.4760049084781,1145.5733529480624,1337.7172840241958
983.2611878283564,1145.8296546551921,1337.7206285490763
984.1721813328929,1146.0664061143289,1337.6321823278893
985.2145693316866,1146.274664338403,1337.4514348494363
986.413264867184,1146.4628503210097,1337.1977289288725
987.7765276172313,1146.6452654797886,1336.9029078702079
989.2581376696238,1146.831427013412,1336.5937586956716
1092.3966268564632,1104.486161603507,1359.888448232658
1092.036321914165,1104.7730970173434,1359.598078554957
1091.6801141618494,1105.0517098294672,1359.330702818965
1091.3239580761065,1105.3158545475826,1359.1013831235332
1090.9597782514074,1105.5616078203784,1358.9180957306792
1090.5795107549661,1105.790230439789,1358.785916990833
1090.1789843590288,1106.005742481955,1358.7071554916179
1089.7558596222136,1106.2094203997049,1358.6801860504156
1089.3061605635921,1106.3994076303263,1358.7018000302046
1088.8267244843998,1106.575485572491,1358.7695743960664
1088.320343953779,1106.7426185568654,1358.881106078959
1087.7953938483206,1106.908841478897,1359.0318733416466
1087.2611553876595,1107.0793943279705,1359.2132482844784
1086.7260474501754,1107.254168505384,1359.413450079072
1086.1985906045754,1107.4307331271739,1359.6226679330418
1085.6863473819774,1107.6073664353346,1359.835389583688
1085.1944457123077,1107.7838897150905,1360.0466507511308
1084.7264671619864,1107.9636758261322,1360.250628645822
1084.2845428676324,1108.1539955119135,1360.4430621397046
1083.8681052671136,1108.3596647255185,1360.620050558317
1083.4752180447776,1108.5781196001153,1360.7764674911632
1083.1061832217433,1108.8041837215674,1360.9087892509276
1082.7651485270383,1109.0360870483692,1361.0159053359503
1082.4573818960712,1109.275530526477,1361.095461745597
1082.184426662483,1109.5256177938281,1361.141557949048
1081.9429686871065,1109.7896756406647,1361.1474631793153
1081.7290298430025,1110.069454121344,1361.1091834615122
1081.5404903825563,1110.3615875078083,1361.0228583928556
1081.3744490488234,1110.6587094464687,1360.8826295188787
1081.2255192902498,1110.9574707024167,1360.6886608445625
1081.0877028640007,1111.2612842621902,1360.4530003187342
1080.9570407597832,1111.5739812850838,1360.189830694799
1080.834650447217,1111.8950496538978,1359.9014967332714
1080.7271361551127,1112.2201003345738,1359.576408428586
1080.6432575637705,1112.5448930194138,1359.1993912809514
1080.59167633556,1112.8714858514525,1358.7641098425488
1080.5778892919268,1113.2078125906096,1358.2755130666233
1080.599918528653,1113.5584103995645,1357.7413266177055
1080.6507574942939,1113.9192827635845,1357.165086668842
1080.7266883390882,1114.2837554338928,1356.548810894325
1080.830779918259,1114.6487533348757,1355.8975269187194
1080.9674873304334,1115.0129882899735,1355.2165279936378
1081.1368980965344,1115.375649125303,1354.50854986264
1081.3349817791993,1115.7393637449404,1353.7782872807775
1081.554920121696,1116.1076321860737,1353.0355231315448
1081.788685298341,1116.4798788762046,1352.2933131845407
1082.0303568525853,1116.8537008448468,1351.5675693602873
1082.2753853037102,1117.227665512403,1350.875017934708
1082.5169165236007,1117.5977520971448,1350.2262873898605
1082.7459561877104,1117.9550705889058,1349.6230131466818
1082.9528330882567,1118.2904126471317,1349.0627000096522
1083.1242101428813,1118.5999344886027,1348.54101515068
1083.23898376011,1118.887838220473,1348.0493194311766
1083.2699002875443,1119.1662575233506,1347.5774086461993
1083.1906336740428,1119.4521235321954,1347.1200251752934
1082.9835450886012,1119.7638637563975,1346.6804402323419
1082.6424935415116,1120.120205656312,1346.2710859490905
1082.1718943033975,1120.5374166558959,1345.9083606193346
1081.5892689951584,1121.0248849256652,1345.602730749423
1080.925400130661,1121.5838987191328,1345.3500483643134
1080.2146003143434,1122.2093074400682,1345.126070030369
1079.4861762226417,1122.894722212228,1344.8916797321313
1078.7622622713545,1123.6415028557694,1344.6113109179093
1078.053081596245,1124.457983061393,1344.2671584179802
1077.354303619962,1125.3451369750082,1343.8588097567883
1076.656073298813,1126.2912300464125,1343.398017664474
1075.9544455367563,1127.28194065764,1342.9019324347692
1075.2537129944192,1128.3048519322472,1342.380772119598
1074.5646170018126,1129.3429435951027,1341.829197070423
1073.9040763849837,1130.3718899058847,1341.232012427843
1073.2908706359447,1131.36764496367,1340.5761090062038
1072.7368969994059,1132.3167173786078,1339.856067904679
1072.2404687714609,1133.2196938172092,1339.0738222046218
1071.7849686324075,1134.0863991726515,1338.2360355034689
1071.3461909638959,1134.9285431868411,1337.349861568202
1070.903243174093,1135.7561304400426,1336.4209277051157
1070.4413966654631,1136.5775792522072,1335.4557299423961
1069.9499090619133,1137.3990757039132,1334.4642147652849
1069.4226470146043,1138.2223578887679,1333.4584243241025
1068.8585495969503,1139.0448808572457,1332.4493052241057
1068.2608285006736,1139.8608124816687,1331.4458045840902
1067.637212776968,1140.6585999477124,1330.4552003892886
1066.9987105525652,1141.4227860319613,1329.4852916562254
1066.356699951008,1142.1411262352867,1328.548365823295
1065.721674367728,1142.8046347527868,1327.6599241764948
1065.102055250602,1143.4037538066939,1326.8342078471264
1064.5012261580266,1143.9295403438857,1326.0835275055151
1063.9174698383486,1144.376971597903,1325.4186998275961
1063.3488374161966,1144.7477423992177,1324.8483987288646
1062.7981683034197,1145.0479899070679,1324.377385729884
1062.2739386433443,1145.2811110363418,1324.0034543765403
1061.784240870736,1145.4498469134066,1323.7174828336617
1061.3281596865124,1145.5652617241885,1323.5060854751187
1060.8965060849503,1145.6450387445896,1323.3531539662695
1060.4812068800686,1145.7048390533587,1323.2419965612894
1060.0785271143395,1145.7553238178011,1323.1568840154775
1059.6830499731802,1145.8062061663677,1323.0853458123502
1059.2837572940916,1145.8708858127509,1323.0262956585702
1058.8684973877862,1145.9604900974086,1322.9951884241727
1058.4311139095778,1146.071419165237,1323.0164373066373
1057.9727205280296,1146.1844861812353,1323.1091633364488
1057.4980022573752,1146.276092978454,1323.2719487311801
1057.0127192816776,1146.3282353606814,1323.4682200221268
1056.5205733183288,1146.3326044604407,1323.6235508798597
1056.0163804422193,1146.2935029790906,1323.6502355269001
1055.4847547555742,1146.232753963344,1323.4957422996224
1054.9095847253636,1146.1882853397897,1323.180553439069
1054.2816051719706,1146.1982334058,1322.789529243403
1053.598607741197,1146.2818366112938,1322.4264179073787
1052.8675876891275,1146.4336859417392,1322.1723595409553
1052.1099667297776,1146.6291306153776,1322.0667733311811
1051.362576482156,1146.8305902342956,1322.1045821491107
1050.6693460431868,1146.9943303771647,1322.2462094131977
1050.068281912423,1147.0801817933475,1322.4364474119106
1049.585644374691,1147.061569523138,1322.6211444546257
1049.2375774821492,1146.9325187381164,1322.7545023253235
1049.029591280088,1146.710525281073,1322.8006899318427
1048.9528572942363,1146.4349143907423,1322.735941484638
1048.9837107238277,1146.1588809355085,1322.5493644754724
1049.0885890116692,1145.9361766120496,1322.2396336543181
1049.2304079933808,1145.8113339794136,1321.813581036394
1049.373164795702,1145.817035147745,1321.289061771554
1049.4859772884613,1145.971461658561,1320.6951333762802
1049.5495625723058,1146.2749064790273,1320.0675795928648
1049.5637464209444,1146.7123118778861,1319.443223437884
1049.5475098827492,1147.2607420037389,1318.854543996877
1049.5290955908654,1147.8919647795014,1318.3246159493908
1049.5365950151709,1148.5685286763141,1317.863179413756
1049.595076263933,1149.24575276135,1317.4666935829164
1049.7239319850555,1149.8840200219693,1317.1236226856252
1049.9318689207491,1150.4594080860988,1316.8224876501702
1050.2152134618257,1150.963756605847,1316.556991289879
1050.5604451596726,1151.3988962799624,1316.3249174964126
1050.9466703118107,1151.772341474358,1316.125674281568
1051.3468377033098,1152.0940717863466,1315.9595701586345
1051.7325285582072,1152.373877644707,1315.828458800397
1052.0847612066086,1152.6222990948113,1315.739066042636
1052.4012468922006,1152.851581672514,1315.7035675341504
1052.6929730521197,1153.0709657914201,1315.7325363617429
1052.9763097805503,1153.2826523172798,1315.828826376235
1053.2661576844782,1153.4858343864914,1315.989369256584
1053.5728438498709,1153.6825096605028,1316.2096143428187
1053.906539416825,1153.877866027009,1316.4849239598668
1054.282842201635,1154.0771571569626,1316.8083994369372
1054.719151598181,1154.282860832357,1317.1687570985532
1055.226218403593,1154.4935899231969,1317.5525015602564
1055.8053518987178,1154.704342945533,1317.947010342135
1056.4526016416341,1154.9071493238473,1318.3388226196867
1057.165767934929,1155.093440271397,1318.7119053851447
1057.9479611805725,1155.2604922156456,1319.0556476062984
1058.8032030414017,1155.4177882839465,1319.3772281440752
1059.730069338347,1155.581738853854,1319.699165480943
1060.7227060590642,1155.7612717319264,1320.040209981823
1061.777033737413,1155.9543835962302,1320.398000201793
1062.894053656432,1156.1577513124987,1320.7430970219777
1064.0803644426426,1156.3734657734155,1321.0243071672398
1065.346099610944,1156.609534887994,1321.184627199459
1066.695871506119,1156.879587280245,1321.1807450857286
1068.1190735002954,1157.2004519018205,1320.9950106090275
1069.5888861671235,1157.5847339202762,1320.634337398544
1071.068015386019,1158.0336116938358,1320.1195649232775
1072.5182195888385,1158.5365752427415,1319.47378165307
1073.9103730587876,1159.07625584976,1318.7156046762434
1075.22922217588,1159.6314718981143,1317.856669345921
1076.4739463956525,1160.1783308518604,1316.9016705779484
1077.6543673905146,1160.6953958765175,1315.8520240186676
1078.7789892746075,1161.169939048444,1314.7115705809856
1079.8446118469528,1161.596808177702,1313.4902197545764
1080.8396928066122,1161.9741609486655,1312.203590639465
1081.7541849978065,1162.304361532478,1310.8708739756823
1082.5819681077644,1162.5937505352927,1309.511758947276
1083.3173613238423,1162.8485393496544,1308.1430297558031
1083.954524878351,1163.0780802023692,1306.7808304692167
1084.48813476035,1163.2996611707804,1305.444704863045
1084.912884124759,1163.530567654577,1304.1542892797295
1085.2259165654473,1163.7792851252536,1302.9257738660988
1085.4302976484605,1164.0482807031956,1301.7735875007197
1085.535005252517,1164.33793096207,1300.7101602223709
1085.5537598657297,1164.6477858929056,1299.744683735559
1085.5048966615943,1164.98188905936,1298.884932351322
1085.4099230304796,1165.3494548206395,1298.135023199398
1085.2896678459958,1165.7529982679862,1297.4893256316277
1085.161076902649,1166.1810697320136,1296.9351034754047
1085.035732485729,1166.6185539738929,1296.4630220814274
1084.9158915273897,1167.0563148963515,1296.0706273500055
1084.790418881249,1167.4866414253565,1295.7571393296073
1084.6406728631173,1167.8982446196705,1295.520474361162
1084.4526503767438,1168.2785574244133,1295.355682080336
1084.220268841796,1168.6175228158688,1295.2508007812382
1083.9395585815726,1168.9111696801783,1295.188515312692
1083.605603903685,1169.1637431457207,1295.1555128490322
1083.2132700441268,1169.3856215417156,1295.147796753402
1082.756556269061,1169.5892342874263,1295.1690697540075
1082.2308281573687,1169.7857149064675,1295.2302415672893
1081.6400927976815,1169.9814858206323,1295.349239052036
1080.999678264688,1170.1747094563227,1295.543601740732
1080.3304044001875,1170.3538752198353,1295.817394973065
1079.652021230937,1170.5032605615934,1296.1506835461696
1078.979184995522,1170.6134621506258,1296.496113218155
1078.3174729763314,1170.6847622684943,1296.78462542872
1077.6609613706328,1170.7226508543229,1296.9434849114875
1076.9944512535571,1170.7367743278394,1296.923745663393
1076.3002431508437,1170.7416070154457,1296.7223981408863
1075.5663631079535,1170.754809199889,1296.384494554559
1074.7895636342034,1170.7970398965995,1295.9832734846423
1073.9713751930155,1170.886266448908,1295.5871015691168
1073.1174178856434,1171.0242265777108,1295.2311761107721
1072.2437533026682,1171.192503044962,1294.9122951148518
1071.3803322710905,1171.3627039601197,1294.6041693104387
1070.5664709645873,1171.5075335839956,1294.2741808473818
1069.8420797463725,1171.6084792943816,1293.8936949829795
1069.2384707538492,1171.6606620702905,1293.4461154839992
1068.7706915455808,1171.672275039647,1292.9307911806327
1068.4354373334309,1171.660272107172,1292.359882566241
1068.2175800630516,1171.6473370179217,1291.7528881061146
1068.0985719566456,1171.659045682948,1291.130050236218
1068.0603169284434,1171.717283604128,1290.503764917296
1068.0877470707676,1171.8348486179113,1289.873967122653
1068.1731340707572,1172.0190335238067,1289.2320889528658
1068.3196275575913,1172.2811348221737,1288.5706926677362
1068.5382239792223,1172.6380056990392,1287.8907549315495
1068.8388724666536,1173.1008638426774,1287.201601354547
1069.2250665657984,1173.6685763451,1286.518759128881
1069.6936471018564,1174.3351938984677,1285.8638665818771
1070.235691141946,1175.0951124939743,1285.261143763012
1070.8393646850557,1175.93972066161,1284.730744287163
1071.4939608013742,1176.858713521371,1284.2871480705044
1072.1901905622105,1177.8424883080008,1283.9400774378264
1072.9155874329508,1178.8771183239523,1283.6917577809302
1073.652292263101,1179.9436133362033,1283.535858601521
1074.3816987353823,1181.0268117774622,1283.4622212968325
1075.0892688941592,1182.1200877899776,1283.4615649322743
1075.765862505645,1183.2204173311502,1283.5268442994247
1076.4065239358792,1184.3238554438526,1283.653967364642
1077.006495653736,1185.4262445607314,1283.8420912632046
1077.559729166174,1186.5238342979883,1284.091585211024
1078.0622507266614,1187.6127533431936,1284.4005217494187
1078.5152138060353,1188.691373995604,1284.7629288346604
1078.9247159453314,1189.761869072605,1285.170601086286
1079.2984074628177,1190.826221655642,1285.6162568168331
1079.6432284303712,1191.8832188716808,1286.094324229503
1079.9679572324249,1192.9293286366476,1286.59673737308
1080.2846102847798,1193.9567126389322,1287.1043285147578
1080.6053019216379,1194.9515945098562,1287.5818636346976
1080.9397552142027,1195.9018514663626,1287.9881932261906
1081.29351667392,1196.8069380961272,1288.29931577826
1081.6638085582485,1197.678101253236,1288.5240653544604
1082.0371258086338,1198.5320663644889,1288.6989400598368
1082.394737166333,1199.3886455788506,1288.870144878284
1082.7247702817378,1200.2707188018892,1289.0756690230824
1083.0315358938087,1201.196496926058,1289.3331969140559
1083.333709990753,1202.1656027449565,1289.6337897010364
1083.6542445084408,1203.152025345566,1289.941629203221
1084.012500856317,1204.112398933653,1290.205092847825
1084.4199937521864,1205.0009093617712,1290.3731628117516
1084.8746400041675,1205.7761943558912,1290.4039375416376
1085.3585996183074,1206.4046406324144,1290.26917219374
1085.845383588895,1206.8671262886758,1289.9593585607015
1086.3090650995305,1207.16095191773,1289.4822935129055
1086.7293539871864,1207.2972787512897,1288.8572873930661
1087.0932917072644,1207.3025278007262,1288.1128609566902
1087.3936374971918,1207.215760108522,1287.2840162141556
1087.6285288151512,1207.0756914475658,1286.404816766159
1087.8053333843936,1206.912045780975,1285.5038401739687
1087.9413707970123,1206.7466854733404,1284.6055847819507
1088.0586908807566,1206.5932609295141,1283.731954759744
1088.1775993103447,1206.454800076703,1282.9013678634892
1088.3139866654035,1206.325877748138,1282.1283013210518
1088.4817135164699,1206.198908243784,1281.426686096847
1088.6916751159874,1206.0696012253181,1280.813127092423
1088.945386508045,1205.937608260149,1280.3045917825802
1089.2362641272898,1205.803392554921,1279.915685390773
1089.5597531513276,1205.6651207170935,1279.6595099859996
1089.9154647619287,1205.5171226800485,1279.5465124265866
1090.299702609358,1205.352602750007,1279.581835715763
1090.705373872882,1205.1698572909534,1279.767365948141
1091.130239550792,1204.9720613700229,1280.1031558366694
1091.5779105997321,1204.7606202632737,1280.5834977370732
1092.0510432602418,1204.5329295191993,1281.195408276707
1092.5489928265836,1204.2844043882062,1281.9230872670203
1093.0712758149796,1204.0100108912216,1282.7526883566777
1093.618080267976,1203.7053247283677,1283.6721997505988
1094.187315989711,1203.3678963617604,1284.6690292284259
1094.775397517139,1202.998496865482,1285.7304095027337
1095.3778153160167,1202.5997764244385,1286.8414028956536
1095.9844715806285,1202.1739492984993,1287.9793026011146
1096.5782462246302,1201.7232272838637,1289.115161698822
1097.1407842008841,1201.2523305007444,1290.2240247710579
1097.65922055181,1200.7704826125346,1291.2940348386771
1098.1285775394879,1200.287998344387,1292.326320153807
1098.5490358628035,1199.80948692413,1293.327398400299
1098.9224976277724,1199.3333334915833,1294.2999973591693
1099.2533453578249,1198.8533324847267,1295.2309757179246
1099.55049260461,1198.356833738545,1296.0816792021426
1099.8229847871373,1197.8302468161023,1296.7978342864433
1100.0708732568219,1197.2713806617649,1297.3385350159322
1100.2844195977448,1196.693023228195,1297.7006395478825
1100.453703650801,1196.1167716873,1297.9195870594224
1100.5734115039456,1195.5636928669428,1298.0453585233374
1100.6395596699617,1195.043744060808,1298.1103405465324
1100.6515930966948,1194.5515542663275,1298.115474548598
1100.6186281970645,1194.0709870476726,1298.0391630039176
1100.5570753556908,1193.580485596554,1297.8504691775743
1100.482709954309,1193.0612981546756,1297.5216281167893
1100.406855352503,1192.5098528981314,1297.041614906044
1100.337490529595,1191.9400003284745,1296.419496016614
1100.2808105746062,1191.3745138679756,1295.675147015694
1100.2386921948157,1190.840041802289,1294.8302366709995
1100.2067319383839,1190.3630792740005,1293.9047421614282
1100.1775390078951,1189.9630984435073,1292.9150597665941
1100.1445149461595,1189.6536628110073,1291.8762863428638
1100.1044086504503,1189.448454499123,1290.8094155209728
1100.0589971930856,1189.3589331277199,1289.743946690954
1100.015064997205,1189.3895548286876,1288.7139802414442
1099.9833799567741,1189.5392996674263,1287.752582346794
1099.9766884848027,1189.8058035709798,1286.8855073680002
1100.0069464553285,1190.1855213719414,1286.1252042151848
1100.0828573991632,1190.6668581076785,1285.4666935180533
1100.2090773370883,1191.227524589547,1284.8920623584568
1100.3858328721349,1191.8459597701294,1284.3851232775583
1100.6060356068485,1192.5135882431748,1283.9411588755315
1100.8530446770171,1193.23421238503,1283.5647975148268
1101.105374757459,1194.013881631427,1283.2650436612419
1101.3453747100918,1194.8540338196906,1283.051736562377
1101.5626872949317,1195.754924008464,1282.9310857260816
1101.7523577713084,1196.7162569767772,1282.8992558410148
1101.9143895427715,1197.7301800629484,1282.941706629837
1102.0534947577091,1198.784414353187,1283.0435422464122
1102.1752051587623,1199.872306624822,1283.1980701926977
1102.283724931123,1200.9914966942022,1283.4055620830336
1102.3829671085887,1202.1389733381739,1283.671752585938
1102.4749882669375,1203.3107939391462,1284.0080094249704
1102.5576626549837,1204.4977615326734,1284.4242293060174
1102.6260624576078,1205.6826625376434,1284.9172588113477
1102.676090243464,1206.844396961266,1285.4644293873853
1102.706614153933,1207.959892408328,1286.023741308708
1102.7173621882857,1209.007243376846,1286.5417359202077
1102.7040667590084,1209.976736542587,1286.9717610020339
1102.6560849892562,1210.8820289895277,1287.2964552494109
1102.5586646715435,1211.7591301183602,1287.538551971973
1102.3974166593064,1212.650594976475,1287.7508819784025
1102.16321070023,1213.5852622225289,1287.9905992132078
1101.8571418853298,1214.56373320997,1288.2903554203401
1101.493960114283,1215.5587136604786,1288.6460726863838
1101.1007087647952,1216.5302908869498,1289.027399452996
1100.7094081625326,1217.4368692756227,1289.3922741908457
1100.3473319405825,1218.2377174702506,1289.696312636791
1100.0288831825562,1218.9008895412735,1289.9014511588634
1099.7522460311454,1219.4097683010316,1289.9800924698761
1099.5024822008224,1219.7621965446695,1289.9155603564152
1099.257387038833,1219.970657446875,1289.7040122833953
1098.992506121565,1220.0595839849107,1289.35408095761
1098.6863544508421,1220.057384711449,1288.8847020885814
1098.3250522822332,1219.9920986257812,1288.323506725436
1097.903537751982,1219.889910015869,1287.7004972204847
1097.4255858887311,1219.7693012096554,1287.0383008101987
1096.905687748347,1219.6379020152579,1286.3507729157855
1096.3688930593842,1219.5030872640266,1285.653731440585
1095.8452098290243,1219.382563101794,1284.9745821090505
1095.3629125842738,1219.2969614682788,1284.3484247653344
1094.945513918483,1219.2565017147242,1283.8068942225696
1094.6112951709547,1219.257363255849,1283.3709169346853
1094.3718354915366,1219.2853800642033,1283.0489996471788
1094.2291697277212,1219.324635854239,1282.8414110899457
1094.1747905434072,1219.365040311092,1282.7475063668467
1094.1917881348768,1219.401432999895,1282.7683190503647
1094.259082545174,1219.4295512626793,1282.903848442841
1094.3575661867185,1219.4439721991007,1283.1508520183497
1094.4750552405094,1219.4381576162132,1283.5033440513162
1094.6062042491978,1219.4050206237694,1283.9532804411922
1094.7502968984568,1219.3333800668804,1284.4892369791642
1094.9103843737971,1219.2052851949925,1285.0947355370822
1095.0918448569116,1219.0042972154556,1285.7487405371726
1095.299665117064,1218.7281326942848,1286.4271348667423
1095.5366421147758,1218.3900474001139,1287.1050009317062
1095.8013077872347,1218.0081310199078,1287.761855484386
1096.0841414885579,1217.5965319694842,1288.387333086341
1096.366946293725,1217.1672164891825,1288.9848722883157
1096.6294558787538,1216.7326895693457,1289.5712765934609
1096.8596409213192,1216.2991694698815,1290.1663423842747
1097.0592702827823,1215.859705646315,1290.775345397417
1097.2392567762463,1215.4002486385557,1291.377417302269
1097.410899140861,1214.9118607853877,1291.9270085119083
1097.5809657777977,1214.3949821909864,1292.3648107065833
1097.7491781361823,1213.8584387014973,1292.6347982260147
1097.9071339671423,1213.3201830583582,1292.7060408821674
1098.0401999654425,1212.8028119205853,1292.589371213938
1098.1289747952135,1212.323434803605,1292.3354911656909
1098.150465912873,1211.8878748498357,1292.0125625457551
1098.0864649962803,1211.4912410495504,1291.67889749954
1097.9368556598758,1211.1226082246767,1291.3695239722638
1097.724499432195,1210.7681070274994,1291.0957495399252
1097.4880658327768,1210.408963418628,1290.8490249417546
1097.2708193156914,1210.024234798629,1290.6102409661453
1097.112286006262,1209.6019881188233,1290.3627886077743
1097.0432074371574,1209.1447611969434,1290.0995904761503
1097.0794333351218,1208.6627639774863,1289.8180679285692
1097.2173089055336,1208.1688036079502,1289.512004385517
1097.4373510292278,1207.6828489358243,1289.1734232152937
1097.712659488735,1207.236233757903,1288.8002566589141
1098.016656951015,1206.8673637328172,1288.3985939516203
1098.329744726575,1206.6096080186794,1287.977703933027
1098.6422346468953,1206.4822197544281,1287.5459401282633
1098.9526766708384,1206.4957607988842,1287.1154389234573
1099.266274745414,1206.658451164148,1286.7046059019608
1099.5948907834966,1206.9687143839783,1286.3289209299899
1099.954127365133,1207.4098038221894,1285.995199615485
1100.3575372227954,1207.9570184033373,1285.7053367918352
1100.8132281604192,1208.5866051773385,1285.4585564454085
1101.3236628462957,1209.2818024286598,1285.2524373268147
1101.8862138715322,1210.0336515651666,1285.0845485748705
1102.492949761903,1210.8349904098986,1284.9508621709883
1103.1306527170548,1211.677823003034,1284.8464061942523
1103.782548276583,1212.5567482831782,1284.7710182050857
1104.4299789243018,1213.4701252190139,1284.731278852027
1105.055818768327,1214.417140456306,1284.7353026219814
1105.6522977444085,1215.393438794189,1284.7857252970332
1106.2253158023593,1216.3912500837425,1284.8768674860335
1106.788084920775,1217.4054875952972,1284.9985185649339
1107.3501945214316,1218.4342400795272,1285.1402213972947
1107.9125978549598,1219.4756857310347,1285.2938128359156
1108.4722203612814,1220.5346178982536,1285.4601032437247
1109.0267361522644,1221.625711501913,1285.6500253343766
1109.5715873666709,1222.7602742251083,1285.8696485364308
1110.0981538889132,1223.9327136326515,1286.1049210221522
1110.5975999694308,1225.1207146168965,1286.3226307969712
1111.0628536644545,1226.2972750498857,1286.4854223927302
1111.4865646507442,1227.4461789228158,1286.5690131997344
1111.8601798040413,1228.5697079828399,1286.571926931599
1112.176635596507,1229.6875652958565,1286.5189702187756
1112.4316043594044,1230.830094425277,1286.4574690240017
1112.6209389079509,1232.0215143109515,1286.439025655877
1112.7408124653718,1233.257240912954,1286.4921451247008
1112.7943218853488,1234.495275442865,1286.6063126982242
1112.7983170650991,1235.6737162606673,1286.740749740353
1112.7816843654389,1236.7381176826657,1286.8457256229829
1112.7744104868423,1237.6559624306974,1286.8780609223277
1112.7948583726711,1238.4156507754642,1286.8090205180902
1112.8428347860752,1239.0205522352933,1286.6275881925706
1112.9014418667496,1239.4855098129447,1286.337637949743
1112.9442378996023,1239.8320507865342,1285.9497682986052
1112.9429862297895,1240.0799554432201,1285.4731705603983
1112.8770817161808,1240.2440440606322,1284.9154205504233
1112.7417349821417,1240.3391600130046,1284.289531377182
1112.5464439734844,1240.3831298170392,1283.6160564058127
1112.3084993892899,1240.3920428370784,1282.917706418452
1112.050902270197,1240.3746561813316,1282.215557351462
1111.8006322297251,1240.3340940809235,1281.5297971343657
1111.5840181649278,1240.2755969028892,1280.8824589116352
1111.4238792301721,1240.209060820226,1280.297723431115
1111.3387007426852,1240.1433481629851,1279.7987137018565
1111.3388529832825,1240.0807200349047,1279.402217701427
1111.4221002913469,1240.0148901837438,1279.1124293122673
1111.576987659765,1239.9359761033259,1278.923268616625
1111.790910228829,1239.8411918582885,1278.830269959675
1112.051577757271,1239.7373813780607,1278.8352738030267
1112.3406483396525,1239.6318156186428,1278.939733566683
1112.6281246504866,1239.5245079767872,1279.13940881316
1112.8762385397624,1239.406667158024,1279.4256213304527
1113.0526198844098,1239.2626323472418,1279.7899388239937
1113.1414202647022,1239.0779122052522,1280.2280214358682
1113.142993376167,1238.8475984696288,1280.7363273297847
1113.065893437108,1238.5743194109539,1281.3036898974779
1112.920771393157,1238.2595584748462,1281.90857421599
1112.7205610484361,1237.9023249674676,1282.5268820441102
1112.482041283036,1237.5069208549799,1283.1423125543797
1112.2221408529563,1237.0858070972708,1283.7480251999887
1111.953110468368,1236.6528241244316,1284.3416051067045
1111.682938195303,1236.2156615182862,1284.9200723922606
1111.418903125561,1235.7718527167547,1285.4739460235621
1111.1685223698876,1235.3102323574774,1285.982579445582
1110.9355056153083,1234.8204910183954,1286.4162189605065
1110.717078015792,1234.303012392024,1286.7443015249305
1110.5073968131514,1233.76936528123,1286.9471795423358
1110.3000597999974,1233.237612415016,1287.027048053622
1110.084304909599,1232.728958069024,1287.0106920626822
1109.841965620414,1232.2631338081947,1286.9393597170902
1109.5556697489167,1231.8502693058883,1286.8509243349667
1109.224355108406,1231.4841350313586,1286.7661831454252
1108.867679805621,1231.1430564757309,1286.6847460718236
1108.5144043701678,1230.8000952009388,1286.589952551613
1108.19098804932,1230.4380503556017,1286.462199619781
1107.9176775675637,1230.0602415620122,1286.2914283638813
1107.7039822546376,1229.689044799606,1286.0759146512987
1107.543351614253,1229.3567790593918,1285.814106332482
1107.4150225828744,1229.1004369549573,1285.5072964897222
1107.2937298434995,1228.9578927423984,1285.1715423061742
1107.1597939789888,1228.9581980115872,1284.8433697927057
1107.0033480972938,1229.109358292436,1284.5700584026044
1106.8248221084668,1229.3939474135784,1284.3897841366881
1106.6356815931854,1229.7797093296797,1284.3200005844299
1106.458036117553,1230.2367561646074,1284.3615416128591
1106.3211135076401,1230.7468348535886,1284.506232689406
1106.2538190907,1231.3026378566092,1284.7398512650968
1106.2743024213455,1231.9024163970257,1285.0434797891546
1106.3818152632334,1232.5431874173169,1285.396112725762
1106.556307894773,1233.2195715005892,1285.780353091937
1106.7659778643115,1233.930253868549,1286.1880257144983
1106.978824335986,1234.6801134108418,1286.61895975108
1107.173131146341,1235.4752742508404,1287.075572586942
1107.3421452263988,1236.3187755746553,1287.5564692843682
1107.4910206355382,1237.2083949777432,1288.0505901801057
1107.6297962309677,1238.1381275824049,1288.5401818448051
1107.7692459991752,1239.103602549518,1289.011774982737
1107.9206127276855,1240.104579457313,1289.4625345070465
1108.0943598175863,1241.1400587691621,1289.8952052489324
1108.2974288020148,1242.2050722369854,1290.3084362754012
1108.5327013193937,1243.297137328997,1290.6961048689718
1108.800833395722,1244.4204408221635,1291.056150092119
1109.0999266183635,1245.5792286950993,1291.3941933434976
1109.4218526614568,1246.770629120297,1291.7152924069355
1109.7525782230432,1247.983737088932,1292.0139426392786
1110.078476479855,1249.2010261580438,1292.2717300267827
1110.3908526516534,1250.3985830928946,1292.4609205311137
1110.6855941644433,1251.5483197074109,1292.5509807855324
1110.9597801405835,1252.624959905105,1292.5155642921995
1111.206986093006,1253.6130359169024,1292.3376251128375
1111.414561984888,1254.5087729103818,1292.0147082419999
1111.5655564496292,1255.3173976168023,1291.5637236404323
1111.6424170521816,1256.0473895453629,1291.0180030221265
1111.6303689425838,1256.702722747171,1290.4140517240082
1111.5253684558456,1257.2782218106274,1289.7772579018322
1111.3420576462895,1257.7628559156478,1289.1166164184806
1111.1092286175876,1258.1493304443918,1288.429894375864
1110.8561358863356,1258.440608985046,1287.7123088859857
1110.6024211978115,1258.6452564003046,1286.959833338291
1110.356008915239,1258.7706163177531,1286.1694898276858
1110.114826588053,1258.8253054926206,1285.342593528437
1109.86907901668,1258.8242752973267,1284.4863714342493
1109.6063786135162,1258.7847946013687,1283.6098847373646
1109.3191252925824,1258.7176078678642,1282.7204794532624
1109.008053873628,1258.6274923838332,1281.8268641976385
1108.6804694140922,1258.5207052278981,1280.9440705983557
1108.3474572464452,1258.4058365510018,1280.092687759426
1108.023162150328,1258.2901057743943,1279.2934259874778
1107.7262066293465,1258.1780831774136,1278.5627131406488
1107.4785929494308,1258.070255217723,1277.9103338034438
1107.300446124597,1257.9638526649633,1277.3403464633739
1107.2065238753562,1257.8585259694705,1276.8568785640048
1107.2034602710005,1257.757704914127,1276.465769043642
1107.285930498687,1257.665794944694,1276.1697896188516
1107.437344199778,1257.5888681234467,1275.9683587073716
1107.6343056564701,1257.5327967580713,1275.8593827780007
1107.8523431037222,1257.495135005185,1275.8363759282483
1108.0733011193422,1257.4628405127908,1275.888532647868
1108.2887595561892,1257.4203428910098,1276.0062148652319
1108.4969492015514,1257.3557189675832,1276.1826485210447
1108.698931222053,1257.2589106332696,1276.4105578724298
1108.895930517314,1257.119234684929,1276.6802159698045
1109.0870965069862,1256.928612144883,1276.9812985653755
1109.2688050684508,1256.687633656118,1277.3050920674111
1109.4353603300178,1256.4060362902756,1277.643549591523
1109.5815814525301,1256.0964297489609,1277.9876369151036
1109.705574385688,1255.770200582399,1278.3296247507394
1109.8071094015172,1255.440339400239,1278.668739137695
1109.882104136364,1255.124220367424,1279.013556018566
1109.9211980266834,1254.837678455528,1279.3757797167916
1109.917738615049,1254.5827630165063,1279.7587411646819
1109.8765558895632,1254.3409613902732,1280.1474093122517
1109.8127521024244,1254.0786906204091,1280.5031280562457
1109.744582165131,1253.7641705577544,1280.7708671634723
1109.688897974767,1253.3897388172327,1280.9079251355531
1109.6569078461866,1252.9841686882933,1280.9190490515887
1109.648277489772,1252.602050145495,1280.8654118644488
1109.6512436553164,1252.2957829094605,1280.835981594737
1109.6516637834115,1252.0898043376233,1280.902742625593
1109.6453289509357,1251.9724449405385,1281.089560049105
1109.648523521362,1251.9045026503939,1281.3659462157452
1109.7006674244462,1251.8373675062144,1281.6592449612317
1109.8535033262651,1251.7345431747226,1281.875913908
1110.1513747591694,1251.5869684070515,1281.923103645367
1110.6151444365537,1251.4153519130311,1281.7272392532318
1111.23749936751,1251.2594730556025,1281.2497764723983
1111.9862831534579,1251.1613797936163,1280.4938793301083
1112.8098312241434,1251.1552139707014,1279.499671092837
1113.6463182412604,1251.2630962471158,1278.3323406635195
1114.4408330487097,1251.4900280055722,1277.0657599126687
1115.1622706948372,1251.825499651802,1275.767678165434
1115.8093851583992,1252.2504134824892,1274.4917073473694
1116.404966175972,1252.7368990963703,1273.275043528902
1116.98361148245,1253.248480047581,1272.1400494467819
1117.5826128133604,1253.749783991383,1271.097729158005
1118.237812828403,1254.215541608133,1270.1511273049325
1118.9762033788184,1254.632909557693,1269.2977452504138
1119.8060816443883,1255.0020348653313,1268.5323810070709
1120.7127134026573,1255.3332370240528,1267.8511653992412
1121.6622003516468,1255.6398972242096,1267.2541831481626
1122.6106233713463,1255.9362715367142,1266.7472001686374
1123.5121964933085,1256.2414228819107,1266.3418220840952
1124.3261644922343,1256.579371191392,1266.0512931574947
1125.0265305148075,1256.9726976754416,1265.8863354653045
1125.6073697487059,1257.436100732175,1265.8529438486546
1126.0772317851406,1257.975486693588,1265.9500948890686
1126.4530067782296,1258.5889783220202,1266.1697056957564
1126.758757690694,1259.2684703130913,1266.499463510091
1127.0229156165917,1260.006804675081,1266.9260556234733
1127.2738885421302,1260.8013066387152,1267.4353887295642
1127.536789479748,1261.6466375013624,1268.009464209494
1127.8286875715398,1262.5308287912865,1268.6268759329237
1128.1525396974414,1263.4418502597036,1269.270756093728
1128.4952195008382,1264.3739241739345,1269.9345780892272
1128.8335498814681,1265.3236069959883,1270.6156525782158
1129.1449792573994,1266.2812075750132,1271.303030419668
1129.4151830707494,1267.228575063201,1271.9720183149072
1129.6396276957494,1268.1438853616455,1272.5883114018186
1129.8212081222464,1269.0081164189287,1273.1186262390304
1129.9664872470548,1269.8118097484414,1273.5428393362552
1130.0821857317026,1270.5608808338607,1273.8626617930147
1130.1711283779412,1271.276263278573,1274.1023148486088
1130.2295057046206,1271.9875405591067,1274.3009065163462
1130.251106138177,1272.720939324978,1274.497838002094
1130.2363846879198,1273.4829697371433,1274.7154017585246
1130.196045850079,1274.2527361417808,1274.9489156697712
1130.1455379829881,1274.9886443259209,1275.1665423593781
1130.0983998885843,1275.6416161142083,1275.3162634173068
1130.064126299918,1276.16642874409,1275.340259165975
1130.0474731593297,1276.5296592744205,1275.1919341961125
1130.0474626986252,1276.7179813921634,1274.8488433188409
1130.0558420252612,1276.7404533436943,1274.3141306094572
1130.0534214883273,1276.621047103081,1273.6073808891103
1130.0106698690636,1276.3906122742367,1272.756069125376
1129.8976627023656,1276.079544776833,1271.791215657045
1129.6939281689647,1275.7130257203066,1270.7467710594906
1129.3915664124286,1275.3167496014873,1269.6632978711405
1128.9963485289131,1274.9249261709228,1268.591594390836
1128.5279958285828,1274.5750241015262,1267.5892421393469
1128.0149566501298,1274.293378937369,1266.7083084418066
1127.4853033582654,1274.086814142333,1265.9835475270147
1126.9620385078676,1273.9453204961521,1265.4312941559524
1126.4638720584348,1273.8530782142584,1265.0573620835903
1126.005576228137,1273.7951131570683,1264.861185964662
1125.5949419309177,1273.7523656711949,1264.8323927478114
1125.2275648516159,1273.7022137277975,1264.9531409760796
1124.8849472091706,1273.6301382326621,1265.208700254211
1124.5389944077333,1273.5364158553455,1265.59353712464
1124.1589175343045,1273.4319422687163,1266.1079258294387
1123.7188132231315,1273.3288312358964,1266.7501984022456
1123.2060396216616,1273.2309985988645,1267.509631878937
1122.6251637663374,1273.129365856686,1268.362082352802
1121.9937049941636,1273.0064194003235,1269.2714103938483
1121.3342408203505,1272.848517257001,1270.1976972950342
1120.6691574017875,1272.6555022432362,1271.1084888087871
1120.0171359981616,1272.4407467585581,1271.9875340195842
1119.3871708126185,1272.2256554351352,1272.8361475703011
1118.7729450638742,1272.0327252344437,1273.6665605865062
1118.1557908723976,1271.8778548773807,1274.4921752910416
1117.5170201781968,1271.7674852734203,1275.32163566813
1116.8493779137036,1271.6995983109337,1276.1542375631605
1116.1591782779649,1271.661284146896,1276.9709431124293
1115.458758576826,1271.629603540033,1277.7305230504126
1114.7545849191595,1271.5813914662617,1278.381160489174
1114.042520310474,1271.5050709314535,1278.8849745595967
1113.3147943885153,1271.4087831645847,1279.2445409961392
1112.5672949467382,1271.319160591557,1279.5093067631626
1111.7991000201314,1271.267760455298,1279.7490498547215
1111.0094634660368,1271.2731030355255,1280.0143949128542
1110.1987891557303,1271.330951527337,1280.313971963468
1109.3760354874785,1271.416362618259,1280.6166593535963
1108.5655027379366,1271.4931369712742,1280.8687256438247
1107.7998519017776,1271.530994961247,1281.014903059713
1107.1041843745252,1271.5213550101967,1281.0153683200476
1106.4868351463176,1271.4749844983016,1280.8512775446131
1105.9395399300533,1271.4108675367465,1280.5230144795328
1105.442620399298,1271.352466310827,1280.0490411542603
1104.9692560309513,1271.3240085977375,1279.4611518296974
1104.4880627077105,1271.342585434152,1278.7956805383355
1103.9708214756185,1271.4157429825568,1278.0874853967946
1103.4030185654326,1271.5442985133386,1277.366309559494
1102.7881702955476,1271.7247055435796,1276.6559556614307
1102.1437414236968,1271.9524679897847,1275.9782171108152
1101.4938695586054,1272.2240477895261,1275.3546140208982
1100.8655806632496,1272.5342437221716,1274.802594485867
1100.2869851409646,1272.87531480675,1274.3333631972214
1099.7814230233337,1273.2416834512524,1273.9538155892155
1099.361410726483,1273.6339616514165,1273.6680109215822
1099.0295525809702,1274.0566072731754,1273.4782508358783
1098.7807784012793,1274.5150950199215,1273.3883551899994
1098.6004469077593,1275.0150617580475,1273.4040380294946
1098.4664559814946,1275.5561255625196,1273.5262853091785
1098.358422285455,1276.1275003733367,1273.7470517881407
1098.2637879181189,1276.713048601648,1274.0535462238392
1098.1750314690291,1277.2961613916557,1274.4343761494936
1098.0847032735405,1277.863230449685,1274.8848242391048
1097.9858516544077,1278.4066952260703,1275.4090450269173
1097.875121504016,1278.9216858429077,1276.0138777913423
1097.7529914055435,1279.4013681497486,1276.7005285167568
1097.62220037298,1279.8378168592537,1277.4617246767693
1097.4864431763806,1280.2250707099206,1278.281868875536
1097.3488349891154,1280.557537605679,1279.1395703298829
1097.210620857315,1280.8278284870344,1280.016836083911
1097.0701657322434,1281.0325093699544,1280.9095837162122
1096.9226929122349,1281.176411791067,1281.8255221206787
1096.7640541548349,1281.2673975554283,1282.7705413351223
1096.5973276671793,1281.3092107729221,1283.7372450293033
1096.4341438802744,1281.299218118571,1284.7008491714716
1096.2884661868452,1281.2359232414644,1285.6256889754363
1096.171009320612,1281.1324479583202,1286.4832302033858
1096.0870773294412,1281.0204361874028,1287.2672882405911
1096.033800380313,1280.9416091475196,1287.9953156724928
1096.0009803860785,1280.9363734623,1288.6997251299676
1095.9802167898133,1281.0302586701703,1289.4116158938664
1095.9750414498158,1281.2223472177607,1290.141526350809
1096.0005081952056,1281.4870284069132,1290.8710092392128
1096.0718546158519,1281.7845079710994,1291.559330739928
1096.1952899540763,1282.0680122662234,1292.1548687362979
1096.3671481335105,1282.2885987096454,1292.6033198523314
1096.5752818715805,1282.40326351233,1292.8562832766422
1096.8002624934911,1282.3840339824228,1292.8820762605676
1097.0186193841744,1282.2217448749354,1292.6716047766622
1097.2065971492948,1281.9238651854203,1292.2373892861458
1097.3399465591228,1281.508399317895,1291.6086829434166
1097.3928380747163,1280.9957210201328,1290.8228297343414
1097.3450815954254,1280.4038761675602,1289.9175586909298
1097.1933640009875,1279.7503064967682,1288.929276460457
1096.9539916136996,1279.054469746246,1287.8943609822657
1096.6573688110975,1278.3358056374636,1286.8498693401332
1096.3411937968149,1277.6094493710348,1285.8338679338374
1096.0449148310217,1276.8840626146502,1284.8839655197837
1095.8053221831074,1276.1639235449948,1284.032832124536
1095.6523476477107,1275.4538308705487,1283.3035635518952
1095.6049181946682,1274.7597746897516,1282.707531246066
1095.668207494971,1274.084604268358,1282.2458683094283
1095.832834927884,1273.4267363163,1281.913263049177
1096.0752610506554,1272.784923113622,1281.7008014327957
1096.3619676768403,1272.1638373217352,1281.5986511300066
1096.6595588128357,1271.5739665024694,1281.5988979719937
1096.9433727764306,1271.0255517957385,1281.695641276579
1097.198768014,1270.5238545098584,1281.883660764347
1097.4198877640017,1270.0720945204139,1282.1571771871252
1097.6096239074568,1269.6759031585136,1282.5066952117804
1097.7778475054183,1269.3380571639564,1282.91444435443
1097.9358972077762,1269.0488341290022,1283.35169497621
1098.0907339586258,1268.7870698385368,1283.7824630664013
1098.241214800036,1268.5336921691667,1284.1740822490858
1098.3770952130315,1268.2843524854832,1284.5058772909085
1098.48209048591,1268.0489561308373,1284.7710507121565
1098.5374822899846,1267.8428889751153,1284.9774954844331
1098.5238234058054,1267.6795576545123,1285.1479714207612
1098.4239855036014,1267.5631379171455,1285.3114058342221
1098.2276654959298,1267.4828262897327,1285.484798951194
1097.9352891401309,1267.415101666735,1285.659115220346
1097.5590446188803,1267.33199883816,1285.801098653918
1097.1178193743342,1267.2097040669223,1285.8695306849943
1096.6287063420887,1267.0373707932613,1285.837483214532
1096.1013444623666,1266.8240191274494,1285.708786172258
1095.5367851347837,1266.5959165749643,1285.516415857947
1094.9283279200195,1266.3822340748275,1285.304154138942
1094.2635177106922,1266.198763000741,1285.1076464509083
1093.532811241132,1266.040594311338,1284.94554969078
1092.7426452516258,1265.8848950953234,1284.8185335022424
1091.917081512841,1265.7008810934162,1284.713065682742
1091.086451213577,1265.4616173959807,1284.6082423645978
1090.2769395155299,1265.1497769922507,1284.482365563709
1089.5045222897375,1264.758156063022,1284.3190161703255
1088.7727313825562,1264.2913209148749,1284.1122914524167
1088.0771380779352,1263.765963327199,1283.865500614224
1087.4111815317547,1263.2067303907793,1283.5828401183235
1086.7669548656445,1262.6436193433115,1283.2638670033964
1086.1347227150202,1262.1127471363543,1282.9059859691088
1085.5065276739406,1261.6543599448094,1282.511481633066
1084.881219330205,1261.3056892998397,1282.0936089644983
1084.2654708446626,1261.093230887423,1281.677077084285
1083.6711834004063,1261.030779201182,1281.2938903171366
1083.1128583962325,1261.1231151125062,1280.9792186941625
1082.6045397308565,1261.3676225273664,1280.7657674491463
1082.1568948105514,1261.7487357232856,1280.672926600533
1081.778847733443,1262.2340369790763,1280.699745923746
1081.479621106996,1262.7824854519379,1280.830504191093
1081.26457084817,1263.359258712945,1281.0454814968734
1081.1299041415766,1263.944550042211,1281.3285055065712
1081.0620839713038,1264.5297755424947,1281.669635144978
1081.0396217836555,1265.1102211100977,1282.0644301452082
1081.0361276683905,1265.6853919950886,1282.5117512940385
1081.0270009862859,1266.2583581610088,1283.0093334359758
1080.9963923248793,1266.8307962132883,1283.5501063742129
1080.9406551240795,1267.405216278381,1284.1245813066719
1080.8685677328262,1267.988008172583,1284.7240782692438
1080.795252941478,1268.5826851791821,1285.3389989055333
1080.733525811954,1269.1864724408806,1285.9601830863528
1080.6913813450376,1269.7981540757303,1286.585598325254
1080.673698943958,1270.421479845895,1287.221357352003
1080.6840121782366,1271.0599726548833,1287.8766342982397
1080.7256504161817,1271.7132060637373,1288.5587668098544
1080.8035020118232,1272.3745529826315,1289.2684785646
1080.928128174197,1273.030636247145,1289.9961541228945
1081.1167368829792,1273.662775673465,1290.7206967817863
1081.3851965910148,1274.2517298184669,1291.4168128632064
1081.7356422025407,1274.788834511307,1292.0708924842766
1082.1514914831557,1275.2787496033334,1292.6846246507866
1082.6068713439797,1275.729629597275,1293.2595739367134
1083.0811009282208,1276.1497940926122,1293.7850354363034
1083.5640650474475,1276.5538100371398,1294.243162932466
1084.051938951601,1276.9647199702376,1294.6216025766846
1084.5420909116945,1277.4075246115945,1294.919780029514
1085.0315238329435,1277.9014333929942,1295.1476783258036
1085.5164657099365,1278.4543574679526,1295.3184436946249
1085.9942253576507,1279.059622876124,1295.4384428623525
1086.4670098096108,1279.699585123576,1295.5030135140428
1086.940141033624,1280.3495489052316,1295.4957683225234
1087.4166323285892,1280.9767713446568,1295.391547885433
1087.894776387847,1281.5466284606377,1295.1676520290503
1088.3665547239493,1282.0374257282633,1294.814908911277
1088.8167943970504,1282.4456212822301,1294.339424134448
1089.2267079860403,1282.776151249329,1293.7577459166928
1089.5804061173278,1283.0362591893115,1293.0929124976633
1089.8697422281496,1283.238354929223,1292.371661516902
1090.094785965398,1283.3972864082814,1291.618820136636
1090.2611448469938,1283.521751873876,1290.8530243728242
1090.3772117515614,1283.610999135783,1290.0881688488457
1090.4511807628758,1283.6586959701835,1289.3367661324228
1090.487195190442,1283.6592072005274,1288.6126233198154
1090.4839964833775,1283.611900032131,1287.933158459528
1090.4379880942824,1283.5238511225284,1287.319003089643
1090.348353151503,1283.4109698289005,1286.7906799527495
1090.220197908174,1283.293748208724,1286.3654455127328
1090.063906945819,1283.1889857474428,1286.0552784673007
1089.8927183173155,1283.1046401081917,1285.866025585228
1089.7212161411378,1283.0413500104169,1285.7980751956993
1089.566045227621,1282.9962607567843,1285.8468724233162
1089.4469397831708,1282.964340189996,1286.0023024285076
1089.3839976478212,1282.9390161514405,1286.2493804131052
1089.3913143691695,1282.915500564682,1286.5710560230184
1089.4718264472256,1282.8939278503976,1286.9495279429575
1089.6169207111427,1282.8762820644895,1287.3625122484148
1089.8111504887158,1282.8611794699227,1287.7804542631047
1090.0374134920667,1282.8466959381708,1288.174785720857
1090.2766592949747,1282.837268533382,1288.5311202943788
1090.5061876211237,1282.8434707026104,1288.8531562440758
1090.7043683121258,1282.8768643164349,1289.1573653839157
1090.8587706903697,1282.9443531768059,1289.4647292074228
1090.9690831867395,1283.038772199507,1289.7882931283755
1091.0437390254237,1283.1319076526615,1290.118111050975
1091.0948293898987,1283.1816822953533,1290.4144195784538
1091.1324053046235,1283.1514864799462,1290.6184673661207
1091.1587480089743,1283.0290645865973,1290.6812572554686
1091.1679430175861,1282.8341376931062,1290.5972667800586
1091.151322190114,1282.6117659796591,1290.41823804027
1091.100064702522,1282.4152343330663,1290.2302290170737
1091.0049665807483,1282.286588595186,1290.107460023555
1090.8628172951617,1282.2449750194885,1290.075339567195
1090.6864421307007,1282.287798983827,1290.1011209769733
1090.5071571315766,1282.4005694320713,1290.1098561315873
1090.3670980911818,1282.568405041919,1290.015973263954
1090.3066845058413,1282.784337018424,1289.7557706088348
1090.3506403353115,1283.0507477928381,1289.3057436150211
1090.4942677107383,1283.3743000971788,1288.6843632314562
1090.6981036953723,1283.7596514943689,1287.9420651019557
1090.899791906795,1284.2052728641424,1287.1419204211813
1091.0399423275758,1284.7004839950505,1286.339062110211
1091.086234430523,1285.2266315184816,1285.5696809405047
1091.0397466970103,1285.7655739354896,1284.8510566070988
1090.9256892223154,1286.3045696340405,1284.1871941624872
1090.7823296551926,1286.8315456995106,1283.5761559505315
1090.6490391211555,1287.3356283385187,1283.0172549586996
1090.5529937270824,1287.8158199787579,1282.5136909212297
1090.5056008546237,1288.2824556513115,1282.0682687222927
1090.5095242167886,1288.748810157195,1281.6779286280723
1090.5648818483703,1289.22485135869,1281.3343162776675
1090.668544446528,1289.720542141657,1281.0298315233301
1090.8089903733255,1290.2523299050486,1280.7626153145318
1090.9667724722117,1290.8424215053867,1280.5367965225532
1091.1253583820783,1291.5103685196725,1280.3592909754568
1091.279355937352,1292.266569662897,1280.2372070599934
1091.430857102097,1293.1131686059184,1280.1768138837956
1091.5841553945374,1294.0474585677928,1280.181994676763
1091.7482224331777,1295.0629947545456,1280.2535014356497
1091.9405359154566,1296.1474040686999,1280.387737703944
1092.1833195862016,1297.2809788301395,1280.5727370935408
1092.4955419597882,1298.4402590891552,1280.7871626061735
1092.8872492174105,1299.6023663329097,1281.0069142367481
1093.3552803552304,1300.7484335699585,1281.2152177344617
1093.8815287375635,1301.8686761156655,1281.4108236548225
1094.438167574992,1302.9630130643955,1281.6082705425326
1094.996831454125,1304.0329190331788,1281.824954692905
1095.5363712609767,1305.0751105565666,1282.0638717715283
1096.0480452956424,1306.0826613503054,1282.306647208929
1096.5358920412887,1307.0453092333448,1282.5169815323027
1097.0094452919004,1307.9514065388087,1282.6504631092234
1097.4742922962673,1308.797962780156,1282.6715742185888
1097.929256714618,1309.5994254803486,1282.5719886966986
1098.367606289319,1310.3868377333135,1282.3778726882344
1098.7774072106938,1311.1959206887311,1282.137446832528
1099.1452255265096,1312.0480756757097,1281.8949631792016
1099.4642688506701,1312.9399791175813,1281.6706843957218
1099.7403969494615,1313.8470238641085,1281.4562730187517
1099.9915473513693,1314.7313530946437,1281.221752637004
1100.2439456309176,1315.551319063779,1280.9304042890924
1100.5248621890444,1316.2704900255817,1280.5530615379614
1100.845418355625,1316.8650104549672,1280.073217291278
1101.188187421111,1317.3277958768776,1279.485973283914
1101.5185951134672,1317.6633825052231,1278.794144089323
1101.8040527670348,1317.8796913070225,1278.0035602594232
1102.0218397289968,1317.9876678736903,1277.124856016104
1102.1595342145702,1318.0018566413287,1276.1780364244412
1102.2127385132324,1317.9329557861251,1275.1870940410297
1102.1827186992273,1317.7820154480135,1274.1705158033103
1102.076504094801,1317.547502059652,1273.1427678421037
1101.9075267673632,1317.2356171479423,1272.1221456898713
1101.6956584823881,1316.8598677951447,1271.1340034195498
1101.46535571716,1316.4358014397967,1270.210362142506
1101.2405544517953,1315.9812015897635,1269.3867847840247
1101.040457053998,1315.5165600439166,1268.696116285122
1100.8788345195992,1315.0590767158724,1268.16326533999
1100.7641101737468,1314.6139317617929,1267.8011984472125
1100.6991038215533,1314.1742899625842,1267.6091715701755
1100.6812962042864,1313.734446261778,1267.5777258743115
1100.7041276660657,1313.2980737991536,1267.6936700452122
1100.7593943333177,1312.8699478466165,1267.9397844915284
1100.8380074301563,1312.44652172251,1268.2964215728796
1100.9258380958718,1312.0169410107756,1268.7441011393234
1100.9988218721367,1311.570630021863,1269.2617732810133
1101.0245445446837,1311.1056052972403,1269.8259925686295
1100.9711323473598,1310.6317041612458,1270.4161625738727
1100.8177864398237,1310.1647880092473,1271.0185551827192
1100.5577321982441,1309.7177314068035,1271.6203992074093
1100.1918423332672,1309.3001932193033,1272.2046094220796
1099.722004964574,1308.9259060172146,1272.757008629796
1099.151421316787,1308.611235924981,1273.2751799081532
1098.4907718652348,1308.3626988933393,1273.7698549200413
1097.7614375982519,1308.1713487739826,1274.261775542655
1096.9885815869527,1308.0186342957031,1274.7698640831836
1096.1909144539654,1307.8805436822872,1275.2908367173684
1095.3786892371832,1307.730903759091,1275.791238702134
1094.5567531922356,1307.552597619008,1276.2286551191423
1093.7234883514375,1307.3453947883559,1276.5838217828696
1092.870913290295,1307.120816500608,1276.8738190514862
1091.9916139976015,1306.8981442885229,1277.143862780299
1091.0835799149681,1306.7028240900036,1277.4455274546465
1090.1498175619736,1306.5526614886026,1277.805809814699
1089.200791415123,1306.4449962264844,1278.206274790641
1088.2564396732346,1306.3661360714184,1278.5879692984672
1087.3399442863106,1306.3110080654924,1278.8737012848565
1086.469822035264,1306.2900098585378,1278.992632895865
1085.6568114003144,1306.3222960908065,1278.8988632552105
1084.90265674674,1306.426346885944,1278.5818841980383
1084.1973674438516,1306.612374141356,1278.06885243353
1083.5153968867548,1306.8780686545413,1277.4169003889226
1082.8194646529703,1307.2067992895236,1276.694974702395
1082.0769283122922,1307.5677888611672,1275.961905076798
1081.276686020458,1307.9236262406314,1275.2535427212435
1080.4344786486176,1308.2430019968183,1274.5858890287673
1079.587519516243,1308.508191666324,1273.9660376946938
1078.784903323094,1308.715434438154,1273.3988890755493
1078.076549694696,1308.871090628039,1272.888382611838
1077.499446976448,1308.9871482502522,1272.4388668933943
1077.0654381316142,1309.0829699728365,1272.0592140097683
1076.7607064834656,1309.1883578155541,1271.7650988194105
1076.5575342613454,1309.336617201049,1271.5729373487773
1076.4258009815662,1309.552631792741,1271.4889802132175
1076.3375887686589,1309.8472125496878,1271.5056972850698
1076.2696652404104,1310.221685149005,1271.6100845379701
1076.2069679346637,1310.6784614038324,1271.7943624724733
1076.1455427017695,1311.2230365865485,1272.056618510864
1076.0912485476306,1311.8541546883202,1272.3912311784788
1076.0530202510693,1312.56005847904,1272.7827707906285
1076.0376072425101,1313.32507718958,1273.2105287915251
1076.0512586154377,1314.1334936056578,1273.6539795372814
1076.102146119922,1314.9713157027018,1274.0943839650295
1076.1978031901378,1315.8297183738327,1274.5171751227317
1076.340950548216,1316.703379374401,1274.9126769005152
1076.526265330938,1317.5866865233827,1275.2746151732515
1076.7407418437842,1318.4749433154143,1275.601458444746
1076.9721914688553,1319.3629765135424,1275.8948624860916
1077.2189873280042,1320.2391592401805,1276.1507781605076
1077.4902243452923,1321.0857572565137,1276.3539188093298
1077.798695308315,1321.8839738574607,1276.4808894435123
1078.1527834764909,1322.618334959644,1276.5079757453693
1078.5501561745543,1323.285528496317,1276.4220407889645
1078.9767938785405,1323.9020662900434,1276.2265083669433
1079.4121100845666,1324.500264437142,1275.9367944726216
1079.8366874606686,1325.118345840765,1275.5744735092937
1080.2379079014781,1325.789999037645,1275.1628421098208
1080.6125470364734,1326.5326477196595,1274.7200346242403
1080.9671310933154,1327.3424765981385,1274.2554394540882
1081.3137239012253,1328.201515358712,1273.7709507609106
1081.6619810224547,1329.0868805743644,1273.2611412437711
1082.014229291227,1329.9741634304846,1272.7143038899992
1082.3660930044207,1330.839912017636,1272.118870623841
1082.7063277817033,1331.6641303945935,1271.4679321901556
1083.0158017321426,1332.4285273001244,1270.7558572409548
1083.2733126871578,1333.1169599589582,1269.978034777868
1083.4638734297573,1333.7213444683114,1269.139998886763
1083.5792350436313,1334.2445687149543,1268.2637394386795
1083.613644401067,1334.6973991299599,1267.382212851729
1083.5650614958615,1335.093142365683,1266.5288395847997
1083.4415530259973,1335.4452235594138,1265.7334658058276
1083.2621778913835,1335.7687571437082,1265.0248757861966
1083.0506395331158,1336.0807777745654,1264.4312131181966
1082.8313298718474,1336.3977836528688,1263.9760889187442
1082.6298953368084,1336.7313866478974,1263.6728259307145
1082.4731432465323,1337.0824949783917,1263.5211545532798
1082.3852908846038,1337.441372933732,1263.5117542006042
1082.3807405994658,1337.797229437087,1263.6340225727563
1082.4613474888693,1338.1455973304692,1263.878757008337
1082.6217588754391,1338.4820283798533,1264.2339103874924
1082.8538046505341,1338.7905352219377,1264.6771607294606
1083.1483116097272,1339.0444760511539,1265.1758896804813
1083.498609347989,1339.21971382932,1265.696704887875
1083.9017086578563,1339.305344498428,1266.2108945044097
1084.354551133522,1339.3047630181918,1266.6890546664551
1084.8503256861027,1339.2310688304278,1267.0967199014556
1085.3792810281648,1339.104194432461,1267.4032085549957
1085.9305736904087,1338.949860967708,1267.595037989303
1086.4891665031837,1338.7955958689301,1267.679105525019
1087.032647434921,1338.6639133484882,1267.6769858010741
1087.538486579324,1338.564203070165,1267.6167728938972
1087.9979827231123,1338.487883459466,1267.5235044861988
1088.4205533151612,1338.414921020118,1267.4112731292635
1088.8266352791047,1338.3273198416432,1267.2813451655265
1089.241200505231,1338.2128114502239,1267.1219119518578
1089.6867635137742,1338.0567534353333,1266.9054870418186
1090.1722247991538,1337.8406942129504,1266.5940844375646
1090.686941981784,1337.553761750022,1266.1596598332137
1091.2046956051881,1337.2009641317334,1265.6075323085224
1091.694029343999,1336.8003402219526,1264.984961538621
1092.130970629588,1336.3738347493004,1264.3683117318037
1092.5074013413075,1335.9366027297233,1263.8341358642524
1092.8341459967,1335.4924548772822,1263.4298351734576
1093.1417652686237,1335.0375156378832,1263.1605136440214
1093.4749137708168,1334.5640535266352,1262.9936223542359
1093.8799261672812,1334.0653336194857,1262.874419442515
1094.3926527793044,1333.5459103942806,1262.7477900484741
1095.0293748047657,1333.0272975239984,1262.5773494648765
1095.7812921482655,1332.5414345734919,1262.3528208448781
1096.615078535135,1332.1185480751085,1262.0866888505007
1097.4798523251613,1331.7794781527489,1261.8072059092221
1098.319965667896,1331.5362137065422,1261.5521041395903
1099.0931898361725,1331.3914808620277,1261.3597208053702
1099.7871652657407,1331.335196961673,1261.2588209208732
1100.4223054405884,1331.3486824025983,1261.2640266760473
1101.0375982635965,1331.4137862596122,1261.3746812897657
1101.672210206116,1331.5177187431882,1261.5774091692724
1102.3577126433986,1331.652679762042,1261.8565391543211
1103.1151724921758,1331.8123702563453,1262.2035533406167
1103.9464865285133,1331.991571154115,1262.6176525222616
1104.8289834581803,1332.1874903633109,1263.1005158364926
1105.7246486035465,1332.3998755275559,1263.6510068606794
1106.5956355320845,1332.6357896598226,1264.2631915979337
1107.413455878382,1332.9111081077117,1264.9250999790215
1108.1617180915177,1333.2394946143877,1265.6164276254472
1108.835447837316,1333.6222853446727,1266.3083590483589
1109.4403392773927,1334.051468076068,1266.969876584042
1109.9931871056733,1334.519290012292,1267.577356772008
1110.5173849404314,1335.0246722353595,1268.1187568613932
1111.0332544513185,1335.5722588826086,1268.592311609828
1111.5524170675405,1336.1640481529591,1269.003830533649
1112.07917089471,1336.7919680715931,1269.3629236856232
1112.6123885905984,1337.4363987628244,1269.6750628830268
1113.1469163874542,1338.0671657208743,1269.931131092199
1113.680516873223,1338.6476460744793,1270.1051960385018
1114.2205502085521,1339.1398364240654,1270.162401693155
1114.775481770939,1339.5147647236854,1270.0738214342625
1115.3374115609329,1339.7768663115512,1269.8410471055113
1115.8796250651412,1339.9747087623693,1269.5133117559571
1116.3711224383255,1340.173650310603,1269.1725905138246
1116.7914163969212,1340.4214358381755,1268.8978587870604
1117.142388979723,1340.7359945614392,1268.7360754591766
1117.45542284882,1341.1102112736858,1268.6930662201717
1117.7817567888073,1341.5228551001949,1268.743687839375
1118.169173066079,1341.9465561601037,1268.849110803857
1118.64342757865,1342.3517575760263,1268.9710127471446
1119.202051549965,1342.714153763277,1269.0825701626902
1119.8180904099834,1343.023769843495,1269.173867113559
1120.4497435091175,1343.2842696791063,1269.2457606121266
1121.0511076751993,1343.5035125430736,1269.2984658784942
1121.583772456762,1343.6909896177117,1269.3299055583554
1122.0262243680993,1343.863263579348,1269.3417174182082
1122.3747624559164,1344.0426651849093,1269.3394529304508
1122.638942355426,1344.2478918921029,1269.3278871684236
1122.8371041546168,1344.4877894753715,1269.3091751827117
1122.9911145964106,1344.7597933180025,1269.282747670445
1123.1196829029836,1345.047173880382,1269.2425376639549
1123.2348941751497,1345.321805599071,1269.1762303179178
1123.3432037880195,1345.5584347031179,1269.0723518905843
1123.445214695898,1345.7457622544705,1268.9273273897193
1123.5339779049057,1345.8838255143396,1268.7450745881933
1123.5959375144612,1345.9775401833099,1268.5327470933491
1123.6151187499147,1346.0358937341873,1268.2979182050622
1123.5785297061816,1346.0722799162204,1268.0482891661256
1123.4791357329782,1346.0996188609097,1267.7912029548731
1123.3171022284957,1346.1251596511709,1267.5327607695178
1123.102338898934,1346.1516360024962,1267.2797103119572
1122.8548056499885,1346.1799944319155,1267.0422547242754
1122.5979019497477,1346.207070164467,1266.8317027958014
1122.3479410660361,1346.2228565187909,1266.654459001597
1122.109652813911,1346.2125527847822,1266.5110520684602
1121.8829839966077,1346.1606940718145,1266.4018978515737
1121.6709001945887,1346.0544265104008,1266.3312040974577
1121.475971468548,1345.8862094931872,1266.3041650412952
1121.2909742761792,1345.655635077379,1266.3226968658266
1121.0976025892548,1345.3674440278892,1266.3847672094614
1120.875708917198,1345.028206096177,1266.4875856488195
1120.6129580917957,1344.647593624027,1266.6325571929683
1120.3064330648508,1344.23918435742,1266.8267446314803
1119.9580901420466,1343.8146635078344,1267.0784548528545
1119.5712879553607,1343.37853024434,1267.3919444604746
1119.1497826720492,1342.9293696841087,1267.7631741440373
1118.6971276114925,1342.4628801696472,1268.1749932566888
1118.2156614813327,1341.973358345098,1268.5974089326278
1117.7041356373863,1341.4576615949427,1268.9987727129826
1117.1554293527945,1340.9221092406237,1269.3619742929277
1116.5557475003482,1340.386546381762,1269.6957315879893
1115.8883982388397,1339.8810937294838,1270.0350706002714
1115.1448299170956,1339.4341676916645,1270.4272800705805
1114.33349888371,1339.0575055490463,1270.9081595239177
1113.477175280736,1338.739645584531,1271.4830948961448
1112.603451963324,1338.45331585542,1272.1251996414803
1111.7373199958217,1338.1700736887913,1272.7895792150732
1110.8988969781228,1337.8667291539296,1273.4273225346008
1110.1024583704543,1337.5242204564734,1273.989369640995
1109.3531352663094,1337.1357968839627,1274.429306852473
1108.6436538422754,1336.7171559359792,1274.7104195557436
1107.9533538623405,1336.302995479805,1274.813581145175
1107.2483891619256,1335.9357803654345,1274.7420598152955
1106.4854598816821,1335.6535146549293,1274.5202246553113
1105.626315015403,1335.477657188574,1274.1882417214238
1104.6564009041579,1335.4066732015551,1273.7936016149574
1103.5856749871884,1335.4268838344613,1273.3821122660013
1102.4342507107126,1335.5288494469498,1272.991983419006
1101.2272969542762,1335.7038982952456,1272.6495738210929
1099.9991175832795,1335.9375906827136,1272.3721956206798
1098.7911813498815,1336.2146731855983,1272.1751478347899
1097.6440726797957,1336.5204201400509,1272.0705003776477
1096.5904617362537,1336.8415653768038,1272.0611114146038
1095.6504073609972,1337.170396218883,1272.1381856090266
1094.8269941409865,1337.5055140854513,1272.2864835231278
1094.1042878572837,1337.851652720257,1272.495073511148
1093.4557265342673,1338.2172658881939,1272.7618089317903
1092.8602518692064,1338.6092890602913,1273.0896330951173
1092.3087126062799,1339.0318546831468,1273.4824687702846
1091.7988481735158,1339.4868679529277,1273.9409923641206
1091.3305958876938,1339.9741986344254,1274.4593869703865
1090.9061426405501,1340.494853549749,1275.0285238531383
1090.5347086778793,1341.0494966153196,1275.6408991318551
1090.23308208371,1341.6319799406092,1276.2887901182876
1090.017056855795,1342.233147900781,1276.961202058663
1089.89486995982,1342.8511343298749,1277.6484108039876
1089.867481134535,1343.4898677482317,1278.3488887969393
1089.9311254589686,1344.1502438719954,1279.0700712432022
1090.0802668061226,1344.8285179708796,1279.823453191053
1090.3092971075275,1345.5186418339194,1280.6183695426432
1090.6132397087322,1346.2100308056683,1281.4541553417125
1090.991787130316,1346.8837910556483,1282.3115948839347
1091.4534135486697,1347.5159231906405,1283.1524150879332
1092.0103748462773,1348.0857991050823,1283.9295038398855
1092.66743160026,1348.5816681786735,1284.5999389178496
1093.4137756162813,1349.0052349101848,1285.1356709097709
1094.2208993798986,1349.3787950897365,1285.5314709255858
1095.0493654924685,1349.7454702081732,1285.8068032543224
1095.8636653058063,1350.155746416447,1285.9964687720699
1096.6433469334936,1350.647256909195,1286.131719184677
1097.3858476541118,1351.2310369627446,1286.2244928820476
1098.1050020258454,1351.8922344402495,1286.2647622213844
1098.8225992961304,1352.5970884207136,1286.2258347655986
1099.5542166301432,1353.2997477844706,1286.0730778227255
1100.2988305952424,1353.9534214395565,1285.7755291643857
1101.0370970780386,1354.52121049134,1285.3128081476486
1101.7375857030197,1354.9784583155663,1284.6738716977588
1102.367927084083,1355.3090342495616,1283.854906040147
1102.9020412685218,1355.5048814406657,1282.8629475429868
1103.3158019218736,1355.572063386276,1281.7203007009716
1103.5835258703787,1355.5300595246763,1280.4613557907076
1103.688270108749,1355.4006321344823,1279.126376703099
1103.6315726727937,1355.2053861715483,1277.761641829999
1103.4305836988162,1354.9719963292555,1276.422145517072
1103.112111656164,1354.7296288509376,1275.1669846712857
1102.7116996587301,1354.4991647003358,1274.0507575671272
1102.2726464732261,1354.2926754230596,1273.117009826274
1101.8393149009592,1354.1156955311585,1272.3909102811235
1101.450874039296,1353.967942844303,1271.8776632309607
1101.1387240820575,1353.8444744414885,1271.570172422284
1100.921166639265,1353.7350201357874,1271.4534878237935
1100.797075601076,1353.6263920267281,1271.5074826723087
1100.747046747856,1353.509295081207,1271.7160172168726
1100.742609559244,1353.382316810655,1272.0738796425078
1100.756412905273,1353.2503108876663,1272.581596998412
1100.7685358089752,1353.1161823305138,1273.2321967041
1100.7697071380853,1352.9748048021193,1274.006701596033
1100.761389018376,1352.8197842963168,1274.8833574113612
1100.751706779457,1352.651513505239,1275.8421446332345
1100.750055905673,1352.4759343560293,1276.859734604348
1100.7631613739136,1352.3030955285494,1277.909693261431
1100.7919376354275,1352.147990942431,1278.967889024833
1100.8291397023106,1352.0279562545502,1280.0147596473903
1100.8610978928723,1351.9600999858908,1281.039164579198
1100.8746826331935,1351.9608183364915,1282.046034285904
1100.8630079267473,1352.0415703157962,1283.0561424477694
1100.8246651084046,1352.2003186608017,1284.0916660740072
1100.7603825053739,1352.4162875255317,1285.1589074531853
1100.6723461246318,1352.653991183951,1286.243101080674
1100.5668492361315,1352.8736701697019,1287.315957591031
1100.456703929498,1353.043103941769,1288.3481448984019
1100.3585825289222,1353.1474064044933,1289.3218338914317
1100.2862241585328,1353.189080405779,1290.2355743593523
1100.243688280312,1353.1786312039728,1291.095997284751
1100.2217152133012,1353.1275899108325,1291.9037258001338
1100.202913075884,1353.0471207379178,1292.6439085931042
1100.1731337814867,1352.9495011674303,1293.284974406104
1100.1265147043578,1352.8516230950554,1293.7835891011216
1100.0641632354327,1352.7766141472703,1294.0944872756907
1099.9922732767009,1352.7521396109616,1294.183538469531
1099.9169024296025,1352.806342939544,1294.0371825900663
1099.8386987551098,1352.9612816178242,1293.6658221808063
1099.7530578836643,1353.2277174378846,1293.1022101291264
1099.6512587842199,1353.6054736250226,1292.3910795958504
1099.5230749753694,1354.0859584544974,1291.574823812105
1099.3640617319847,1354.6513824978308,1290.6863870723935
1099.1797873061664,1355.2755045684678,1289.7501561739246
1098.9827933701936,1355.9325008938729,1288.7865931341262
1098.7864346598303,1356.6052293656196,1287.8146352723033
1098.5994711035091,1357.2857065394521,1286.8493619749984
1098.4267812338137,1357.9742309023263,1285.902480912419
1098.2736126363686,1358.6785152539273,1284.9863506077957
1098.1434075703935,1359.4105615995095,1284.1141896395927
1098.0317865971956,1360.1835201207298,1283.2976502919596
1097.9255172984629,1361.008639053175,1282.5450511947906
1097.8063403249746,1361.8906181816517,1281.8582864896462
1097.6592114836044,1362.8266902823405,1281.2327661177908
1097.480932522027,1363.8158503278307,1280.6654745496548
1097.2754045248607,1364.8650176102574,1280.1606924900857
1097.0392540336438,1365.9803881383386,1279.7243569454129
1096.760018960103,1367.158673679687,1279.3577092742316
1096.4285149759553,1368.3875562176074,1279.0599027301014
1096.046428476702,1369.649368206528,1278.8318636105917
1095.6226728511806,1370.9267397418619,1278.6748785267048
1095.168274563791,1372.2076943731358,1278.5875032749004
1094.6962012291028,1373.4854565233818,1278.5636001072721
1094.2221435385259,1374.7546388070823,1278.592301743529
1093.7601122377464,1376.0082935580406,1278.6603690976287
1093.3161419488108,1377.2399272412,1278.7577864565162
1092.8892376158565,1378.4485072121056,1278.8838987409945
1092.4803452559136,1379.6356487979015,1279.045039385562
1092.0998958713055,1380.7967097590315,1279.242503858246
1091.763815749856,1381.920460576362,1279.458759772312
1091.4842578972437,1382.9926068021723,1279.6502061991293
1091.2693751519028,1383.9981713190905,1279.7593854529714
1091.1251168758595,1384.9338308194347,1279.745349617474
1091.0474934521242,1385.8198429324896,1279.6065353381136
1091.0157734707354,1386.694036194566,1279.3799203199462
1090.9997520890129,1387.5941085269885,1279.1203652192817
1090.977552944577,1388.5425655592203,1278.8724769395003
1090.9490569821685,1389.5417613116479,1278.6515580823698
1090.9337314281297,1390.5741068291468,1278.4405393107484
1090.956892079325,1391.6026927938306,1278.1999979051
1091.0366299250065,1392.5787426669258,1277.8864740533709
1091.1764776699108,1393.4584143834245,1277.4689052549072
1091.3620952775705,1394.2189494742997,1276.9354667604061
1091.5630710120413,1394.8600091220337,1276.290562034349
1091.7415013972857,1395.3902338835824,1275.545170479941
1091.862773279886,1395.8160195221744,1274.7100430378048
1091.901281815658,1396.1422372032625,1273.7973361873344
1091.840365944886,1396.3786076642498,1272.8245552620745
1091.6730358976129,1396.542405289479,1271.8155191594838
1091.4061579079762,1396.6553106842032,1270.7990500400947
1091.0628522469228,1396.7392219897488,1269.8086109734709
1090.677780564194,1396.812860924354,1268.8823493271261
1090.2872477545168,1396.8895055744883,1268.060539559866
1089.9228678756097,1396.97774811946,1267.381250084222
1089.610896927435,1397.0798912037128,1266.8721751950368
1089.3713786534177,1397.1898309906196,1266.543856062178
1089.2149384183933,1397.3014838151853,1266.3966394318293
1089.1394442953708,1397.4168120141674,1266.4310087814172
1089.1329605562212,1397.5405225439645,1266.648327712501
1089.1825877647493,1397.6754467834373,1267.0509299593166
1089.2763582400912,1397.8255328436665,1267.6415923642553
1089.3987091409504,1397.9951293316012,1268.4170085026283
1089.533895767339,1398.1839070111068,1269.3659822327518
1089.6728386021,1398.3849487337136,1270.472904692308
1089.8126146826949,1398.586289104786,1271.7163624736413
1089.9559443531666,1398.7754174353802,1273.0688170202845
1090.1103696030843,1398.944742603531,1274.5024201119886
1090.2786129565284,1399.0913880152507,1275.9922554066693
1090.4495726933867,1399.2139892633954,1277.5157547227175
1090.6031529919403,1399.3127928928707,1279.0572529864753
1090.7249326927713,1399.3895665475936,1280.6148093507918
1090.8142958650028,1399.444990202243,1282.1952544084857
1090.8791624860664,1399.4762116814993,1283.799660002658
1090.9278406153799,1399.4742873277062,1285.412930374257
1090.967767324133,1399.4224581827525,1286.9999775374247
1091.00917887056,1399.3005235412054,1288.508026047388
1091.0630218020415,1399.09499239244,1289.8771297269166
1091.1300594265024,1398.8072501372162,1291.0570925994496
1091.1948163729226,1398.4553705846115,1292.0261630360212
1091.2307959631323,1398.070153265091,1292.8012490881615
1091.2112560730666,1397.6856013205954,1293.429496607147
1091.1205155595928,1397.325489359511,1293.9635909011918
1090.9578557816424,1396.9932982986925,1294.4362218815843
1090.7345573524397,1396.674557317268,1294.8519241406989
1090.47114353927,1396.3486617940537,1295.1985743897012
1090.1922233549087,1395.9967205029802,1295.4634445035883
1089.9180039796934,1395.6031179826407,1295.6410923446085
1089.6585243279742,1395.158869533948,1295.7325607055081
1089.414126164632,1394.6662717593808,1295.7417542966207
1089.1792717953986,1394.13848618654,1295.671526652577
1088.9454691550134,1393.5960087987557,1295.5213749106808
1088.7038014637124,1393.0671018642495,1295.29156397108
1088.4462529098303,1392.5895763501114,1294.9899579121454
1088.1636728640299,1392.2045495407974,1294.6319994461353
1087.8453428265225,1391.9453908925263,1294.235723588802
1087.4846521880522,1391.8350366218508,1293.8224046072326
1087.0853936601256,1391.8885588821065,1293.421014556118
1086.6615857424738,1392.108753014903,1293.0639374585685
1086.2308651134351,1392.4825518120101,1292.777113985096
1085.8070267065707,1392.9879924863694,1292.5763600149328
1085.398570790257,1393.60261408147,1292.4665508388887
1085.013308908326,1394.306047111988,1292.4386298395766
1084.6596316329146,1395.0819320705716,1292.4718475924715
1084.341089212033,1395.9217579062706,1292.5454325378196
1084.051767330467,1396.8229562971565,1292.6482810979471
1083.7755715927572,1397.781414064035,1292.7779235930348
1083.4898263541609,1398.7890294035287,1292.9360869595455
1083.1743214299486,1399.8363762838826,1293.1259465156281
1082.8194921080205,1400.9138203738348,1293.3478018040696
1082.4289392573053,1402.0093312231998,1293.5955340031437
1082.015721876291,1403.107287953831,1293.8581919931441
1081.5924620116616,1404.1920048990237,1294.1228847140237
1081.165188644284,1405.2511525999453,1294.3767765120317
1080.7359531218349,1406.277252681769,1294.6118192814563
1080.304912469245,1407.2698316711621,1294.8279437765427
1079.8694762245505,1408.2334870417367,1295.0265496514198
1079.4254140507446,1409.1704322695575,1295.1989140836329
1078.9711219952421,1410.0747667568621,1295.321450405124
1078.5105678868447,1410.9346577285837,1295.363054708022
1078.049582345673,1411.7420085270483,1295.3009977628835
1077.5914976484707,1412.5009826607343,1295.1364351137918
1077.1387447841928,1413.229401985515,1294.8997200738422
1076.6936052177473,1413.9529257293204,1294.6380986894708
1076.2564804279023,1414.6930575401375,1294.3901796791647
1075.831369358129,1415.45652194346,1294.1679504169838
1075.4341400096223,1416.2334941664299,1293.9592795909648
1075.0882858422267,1417.0021706810617,1293.7398878499334
1074.8116602495911,1417.733365666397,1293.4812104706366
1074.607888326049,1418.3932026224575,1293.1539640780097
1074.4646055383857,1418.948551421499,1292.733478346591
1074.3579714735872,1419.3783313774245,1292.208486158942
1074.2612838854236,1419.6824567801398,1291.5856156265882
1074.148177786697,1419.8769215589887,1290.8824030542366
1073.991934458117,1419.9791788003563,1290.1172376376628
1073.7705256119834,1420.0017922250474,1289.3079882750535
1073.4719524805694,1419.9583674635874,1288.4752426369944
1073.0937657029783,1419.8690199939583,1287.6440741681408
1072.6415025687986,1419.7563668938412,1286.841745165012
1072.1265463280506,1419.6376173469282,1286.091763031429
1071.563108075484,1419.5248627476294,1285.4136650988169
1070.9669658592668,1419.4270069961544,1284.8251882157854
1070.3540094723814,1419.343504345317,1284.3376600927286
1069.7378566696675,1419.259372267818,1283.9517627569387
1069.1294193542765,1419.151460451507,1283.6619348892305
1068.5354444276566,1419.0027690907657,1283.4657277934498
1067.9538747849567,1418.8080820697467,1283.3648654645453
1067.373896648281,1418.5674861301923,1283.3575550665003
1066.7831182179161,1418.286726512546,1283.4385195821858
1066.1757400353642,1417.982033112672,1283.6060785296138
1065.558343739112,1417.6725611000365,1283.8620735106322
1064.9486079677254,1417.3688795197513,1284.2058603972814
1064.3666632005575,1417.0714163180435,1284.631139554468
1063.8278058644116,1416.7751032639433,1285.1253625661675
1063.3402685935448,1416.4749802140163,1285.6702981304695
1062.9059823472971,1416.1734035729723,1286.2474637865753
1062.5213348931225,1415.8848977154,1286.844764161154
1062.176072478072,1415.6320434773718,1287.456733029105
1061.8554251513478,1415.4344503719303,1288.08193660379
1061.5465323449018,1415.3006146679622,1288.723053307324
1061.240147215181,1415.226579225761,1289.3858398339971
1060.9268778230607,1415.1968546491148,1290.0720179341076
1060.5976893466702,1415.1890926225778,1290.7703989083816
1060.2490844438587,1415.1820090850497,1291.4523507025297
1059.882290746806,1415.156458336592,1292.0725638156725
1059.4960484092758,1415.0966779091561,1292.5838835438442
1059.083283479937,1415.002332959277,1292.9658420398396
1058.633875972381,1414.8934258032375,1293.2384125707363
1058.1382038559914,1414.7971566656179,1293.4485955928926
1057.5877212003859,1414.733962688457,1293.649504573629
1056.9778212290707,1414.710675951956,1293.8824907773046
1056.316501747264,1414.7161143058652,1294.1612787713152
1055.6277466195436,1414.7242084233467,1294.4653912336225
1054.9457041746994,1414.707464973196,1294.7490307890655
1054.3072903468733,1414.649575256839,1294.9581609816487
1053.7440260035296,1414.5499477202372,1295.0442630878397
1053.2743711182138,1414.4250287253194,1294.9729892097014
1052.901205150451,1414.3059321899573,1294.7291743050296
1052.6123399566056,1414.2281770240143,1294.3162021068088
1052.3817771322842,1414.2213569719204,1293.7531783145787
1052.1735647919954,1414.3050444259154,1293.073104709898
1051.9509291455565,1414.48722266465,1292.3175664342405
1051.6915814265658,1414.763930545234,1291.5268801269076
1051.3978795641592,1415.1209977391347,1290.7326865358307
1051.0900539577444,1415.538078618933,1289.9588019428452
1050.7926241147604,1415.993603873686,1289.227081860607
1050.5285870224043,1416.4673533758794,1288.5602639842427
1050.318393537176,1416.9409157067164,1287.9775285737405
1050.1762660383893,1417.400217516589,1287.4886910918729
1050.1057446928344,1417.8407700568475,1287.0964389474805
1050.0966459822798,1418.2690645730606,1286.8023895568567
1050.1248502337605,1418.6975713193945,1286.6093284821432
1050.1605706301643,1419.1382028873236,1286.5203712129467
1050.1798003712456,1419.598098149168,1286.5349962386645
1050.166568452364,1420.0805048263776,1286.6452336565985
1050.1087871392212,1420.5902098332435,1286.839404497522
1049.9983576107927,1421.1379569499484,1287.111748004663
1049.8366089243707,1421.7385573789243,1287.467511989126
1049.636255691928,1422.4015441889235,1287.9154299015875
1049.4159062567535,1423.1215432984873,1288.4529659873522
1049.1931999609783,1423.8805168324475,1289.0618688766688
1048.9806570971155,1424.660642864355,1289.719503897283
1048.7840187632285,1425.4525302566067,1290.4116064930436
1048.6021793643042,1426.2526270771598,1291.1333109599739
1048.4279867352736,1427.057067252872,1291.879386014075
1048.2519837135003,1427.8593089093192,1292.6362332717342
1048.0707870827478,1428.651430360655,1293.3823130785734
1047.8919132712726,1429.424345421058,1294.0906386269958
1047.726231099972,1430.170082938751,1294.734780674027
1047.5775893774612,1430.8887126153015,1295.3010170517437
1047.441465016425,1431.5873529485118,1295.7886425333288
1047.309688327619,1432.270992450823,1296.1927693643418
1047.1775264628982,1432.9424890051264,1296.4956050595179
1047.048683791856,1433.6097001385592,1296.6774203840757
1046.9306515973772,1434.285498157817,1296.7295847890948
1046.827272137418,1434.979101726869,1296.656413373907
1046.7392116895458,1435.685227610735,1296.46685340552
1046.6682424925448,1436.3790254905377,1296.1633377078024
1046.6205183787713,1437.0203871276399,1295.7362649243848
1046.6054780368654,1437.5645076621129,1295.1669700778918
1046.6268172444668,1437.9728104742671,1294.4352074630433
1046.675785769623,1438.2201772011977,1293.5267814551357
1046.7349614911275,1438.2998664370577,1292.439040461178
1046.7828283792924,1438.2259040901329,1291.1834957006492
1046.7955041035293,1438.0290824848719,1289.7876012694708
1046.7524920439068,1437.7487751089577,1288.2958868693338
1046.6412790151192,1437.4264803329675,1286.7679401911648
1046.4548518743659,1437.0997781580759,1285.2722212511094
1046.1914608976656,1436.7935435468378,1283.8748249231076
1045.860137318807,1436.5158287404734,1282.6282311923837
1045.4858643307828,1436.2616407380683,1281.5672781981912
1045.109200209225,1436.0159016564862,1280.7073158112366
1044.7729825718427,1435.758070646109,1280.0408807927547
1044.5061743393517,1435.4738213096368,1279.5444983823131
1044.3225206735124,1435.163156822009,1279.1976613033619
1044.2216860113292,1434.8360447355353,1278.9924824096126
1044.1828458493237,1434.5031921491166,1278.9257441279276
1044.168482960996,1434.1747421901196,1278.9934843206554
1044.1422548135224,1433.8644785134645,1279.1956701715467
1044.0822493618648,1433.5877271858797,1279.5356579166405
1043.9826613587813,1433.3529094602245,1280.009569924129
1043.852214698138,1433.1561355111794,1280.5979945533356
1043.7122195026966,1432.9869895896277,1281.2707306977204
1043.5904576285684,1432.8409233938867,1281.9986340233995
1043.5098727781387,1432.7230295575616,1282.7568584684361
1043.4779235710987,1432.6440331461986,1283.5221778694556
1043.4856741338833,1432.6187038206233,1284.2776482805523
1043.5151329622129,1432.6637919871268,1285.0210150628682
1043.5462148842,1432.7925583797103,1285.7681917982247
1043.560119168304,1433.0063135796186,1286.5455892751925
1043.538737031107,1433.2866324598526,1287.3706606759417
1043.46471048949,1433.5988014060345,1288.2334050249185
1043.3260206037578,1433.903029917989,1289.0870252978077
1043.1198756947347,1434.1642362063837,1289.854759459537
1042.8512411165245,1434.3616112915736,1290.4579743541
1042.527198843872,1434.4947804624012,1290.8495023657968
1042.1517516989443,1434.585230860708,1291.034829507589
1041.7198641340265,1434.6718729596596,1291.0699222299854
1041.209477990018,1434.7949991236408,1291.0340518042537
1040.587816957742,1434.9777864878695,1290.9982095787843
1039.8392317089933,1435.2177881081482,1291.0043280562957
1038.9866581710603,1435.4916803046815,1291.0582164199384
1038.0844367344862,1435.771763381243,1291.1391762540088
1037.1981218432186,1436.0409713763686,1291.2158471947425
1036.3908616663691,1436.2952135392825,1291.2543582488681
1035.715259631094,1436.53948577732,1291.2222324185811
1035.2037821858412,1436.7859910171387,1291.0949862607229
1034.8572323892702,1437.0523420611607,1290.86105003011
1034.6426887381292,1437.3574524099204,1290.5220566268522
1034.5089416321598,1437.7194042175415,1290.0937629046516
1034.4050292021643,1438.1566153290541,1289.6063914455817
1034.2890600134942,1438.6842232229071,1289.0947522467202
1034.1340521638533,1439.305308825595,1288.5815964651354
1033.9361641030544,1440.0112757396519,1288.074681217446
1033.7173531254955,1440.792892996554,1287.5812159361578
1033.5131859850517,1441.6432360690417,1287.115655679648
1033.352128269027,1442.5503362357329,1286.6913091540216
1033.2441166126023,1443.4950365215184,1286.3128742284093
1033.1849859163672,1444.4549002171477,1285.9787775989034
1033.1658736165693,1445.411152569726,1285.6877836989763
1033.1765927797014,1446.3553743479224,1285.4429525665653
1033.2047060820528,1447.2853930169256,1285.2480031839984
1033.2374092697078,1448.19643538735,1285.101486852786
1033.2658289924423,1449.0824365178041,1284.9994593718513
1033.2861356802923,1449.9428654121978,1284.9426453551127
1033.300296360881,1450.7816972177766,1284.9364465483645
1033.3212978068598,1451.6021775220054,1284.9875225972637
1033.3745833647574,1452.4056523430836,1285.1019484034302
1033.4883982745273,1453.1886799413455,1285.2775871502477
1033.681480950914,1453.9421208192427,1285.4983335146198
1033.9598108863752,1454.6624801944351,1285.7472316144908
1034.3208957734053,1455.360768893785,1286.0243251180193
1034.753943096391,1456.0531716474675,1286.3440188067789
1035.2370711457963,1456.7493177448011,1286.72234247299
1035.7457170610785,1457.4531615209928,1287.1724810815251
1036.2711524276372,1458.162426565019,1287.6992704602276
1036.8274428351037,1458.8591229594438,1288.2862999751924
1037.4331920259528,1459.5115054207986,1288.8913774754753
1038.0901557279278,1460.0959202353847,1289.4640565767033
1038.7839330447832,1460.6159308013346,1289.972169375048
1039.4940266534297,1461.1001555145715,1290.4106127656125
1040.1985243888075,1461.5862331256144,1290.791552453043
1040.8778914142617,1462.107443260396,1291.1340106484022
1041.51971899376,1462.6868401006386,1291.4559686423077
1042.1226683042391,1463.3337210285365,1291.765054766809
1042.6966365617982,1464.0409620454184,1292.0524645151422
1043.257083448153,1464.784840337178,1292.2931971829917
1043.8169387433536,1465.5264960571317,1292.4505807991886
1044.3825670181973,1466.2190192063586,1292.4874094804316
1044.9558988743997,1466.822495135031,1292.3800289415035
1045.5360481640541,1467.3145395636977,1292.1204988882598
1046.1159247288995,1467.6873384266198,1291.706648003545
1046.6785790438141,1467.9424207643685,1291.1379284251627
1047.19934877487,1468.0909970641449,1290.4212877120426
1047.6536242826196,1468.1506794676268,1289.5738955103334
1048.0244454853141,1468.1401732035285,1288.621479254423
1048.3055297734013,1468.077932601037,1287.5961179316698
1048.501263225379,1467.9778000780968,1286.5297307687654
1048.6252016129688,1467.849781089121,1285.453639621116
1048.6940078798473,1467.710204864126,1284.4070576243212
1048.7208515362215,1467.5804266962289,1283.4349527339157
1048.7177385075763,1467.4753654650576,1282.5771420022543
1048.700952674795,1467.4007624653448,1281.8639626760314
1048.6866332216628,1467.3554711812435,1281.3130359322272
1048.6831032701355,1467.3329093621087,1280.924702549558
1048.6928121356857,1467.3270201418927,1280.6870993446219
1048.7159478487617,1467.3356963121296,1280.5840505074332
1048.747373942217,1467.3557594964843,1280.5954055133957
1048.7752668485984,1467.3811120958612,1280.6991011194184
1048.7861812190629,1467.4054182713126,1280.8760545177204
1048.7715495425568,1467.4209126806845,1281.1104259075153
1048.7306485286838,1467.4197016312191,1281.3903113844785
1048.6679471957987,1467.4003269572747,1281.7091956157815
1048.5876015659303,1467.3658449454533,1282.058453835512
1048.4911839712156,1467.3151321097623,1282.4169759566412
1048.3798056205158,1467.2453057988748,1282.755054886211
1048.2559755968455,1467.1617143259898,1283.0499037466163
1048.1208002774752,1467.080246387155,1283.2950396718877
1047.9689746694871,1467.022191617845,1283.498209449027
1047.7894121166619,1467.0049002015328,1283.673971453595
1047.5697440434215,1467.0317256616263,1283.8360104669657
1047.298523493744,1467.09027122724,1283.9934044036454
1046.9684973848223,1467.1588334964438,1284.1490113086693
1046.5807131201236,1467.213418375639,1284.295091816697
1046.1423307373532,1467.23135773013,1284.4100370135916
1045.660195146469,1467.1931353281684,1284.4633670520827
1045.1366885826144,1467.0881760814368,1284.430990241754
1044.567051018562,1466.9227878001511,1284.3132029003293
1043.9394886013947,1466.721352681059,1284.1410126625829
1043.2411442612097,1466.5176769051675,1283.9635206964906
1042.4650953488301,1466.3395969680073,1283.8242974539007
1041.61540345673,1466.1954626596332,1283.743232147518
1040.7104356326429,1466.0722889332574,1283.7128116464664
1039.7810335426148,1465.946601923479,1283.7059471888685
1038.8631516213127,1465.8000094421086,1283.690058896936
1037.9871151287293,1465.6292621304192,1283.6403405648903
1037.164983634381,1465.4477261733239,1283.5453465864903
1036.3857727308148,1465.2833020602238,1283.4078750623587
1035.6254347100441,1465.1702530683767,1283.2434596777816
1034.8624103008806,1465.1303308506278,1283.072779338986
1034.086797104193,1465.1634470998604,1282.9162723672503
1033.2957286641583,1465.2625734279575,1282.7960077333225
1032.4861171770222,1465.424775891507,1282.7325034714054
1031.662032389489,1465.642289192334,1282.7365030235987
1030.8430983499272,1465.898389885067,1282.8084534584264
1030.0597370336297,1466.1777467216823,1282.94663856692
1029.3445334978699,1466.4745060894925,1283.1538987771034
1028.725236545149,1466.789009969496,1283.4332872420216
1028.2192620689575,1467.1192247437464,1283.7778563293061
1027.8304701165684,1467.4580802570636,1284.169375671141
1027.5477619775388,1467.8008324769798,1284.5871152041707
1027.3484014050327,1468.1535501252815,1285.0157949500312
1027.2085822248869,1468.5297658712273,1285.4456616556265
1027.1143758572198,1468.9393374788422,1285.8694835531087
1027.062679595505,1469.3858952095497,1286.2835799390718
1027.0537089960292,1469.8709824375087,1286.6884375724217
1027.0874136855398,1470.393580026906,1287.0858388341785
1027.1678711787542,1470.9503142246604,1287.479293581281
1027.3062368457554,1471.5411347702611,1287.8772102889782
1027.5155815161,1472.1695832225623,1288.2901975639197
1027.8039793529163,1472.835951265654,1288.724902242041
1028.1726171885707,1473.5345014718946,1289.1814779789422
1028.615830689206,1474.254761410894,1289.6530393342875
1029.1237467044407,1474.9814663005784,1290.1289535830826
1029.6890966430071,1475.692188249668,1290.599743699794
1030.3088413353782,1476.3518599075624,1291.0500936647195
1030.9788342235697,1476.9120637047554,1291.4468003358577
1031.6909376205301,1477.3267541184223,1291.7435360435443
1032.4316990437467,1477.5754770103113,1291.8994657542662
1033.1789610099643,1477.672756282361,1291.8944661742037
1033.9046455224563,1477.6594588424255,1291.7358342244484
1034.5846646023354,1477.5881151294761,1291.4551723479976
1035.2054343656287,1477.510009098091,1291.0945018301109
1035.7658877840238,1477.463163578505,1290.6892660093115
1036.279085899283,1477.4664330353332,1290.2603253455857
1036.7715290558806,1477.5248011100043,1289.8183333380016
1037.2774192315565,1477.6349370129287,1289.3698010822186
1037.828749671024,1477.782969597364,1288.91506646786
1038.4472272775945,1477.9436105674076,1288.4447788531288
1039.1439099287634,1478.090044285025,1287.94600273997
1039.9210677062297,1478.2045392693635,1287.4104524712727
1040.7681470167568,1478.2771455637235,1286.8334514906594
1041.6582674777046,1478.3026194099048,1286.2107094362395
1042.5546078703512,1478.2818382395383,1285.5401584464903
1043.4220753901257,1478.2199269076455,1284.826212727678
1044.2330038573814,1478.122805648441,1284.081036154826
1044.9668879986207,1477.995266470652,1283.3209256480275
1045.6152948819354,1477.8393917429253,1282.5669715827373
1046.187364056099,1477.6564332873866,1281.8500674060338
1046.7018884988643,1477.4490305419017,1281.2043689925783
1047.1749001020992,1477.2154237226337,1280.6504383166605
1047.6165007317768,1476.9471774352296,1280.1902820957557
1048.0333406451045,1476.640261618549,1279.8199741124513
1048.4294440319677,1476.301263125627,1279.5410201218597
1048.8048638155374,1475.9437535374243,1279.3617062255332
1049.156620035144,1475.5850186478767,1279.2939495204873
1049.4833856574744,1475.240208308965,1279.3485912058902
1049.7900771302766,1474.918942992075,1279.5332827804755
1050.0861596751513,1474.6293789537165,1279.8505835641647
1050.380215734726,1474.3794312720706,1280.294214311987
1050.6817160300657,1474.174058092344,1280.852955633742
1051.004327699818,1474.011941170716,1281.5147428916052
1051.3612304090566,1473.8823881376652,1282.2612078487166
1051.7607110999522,1473.7702890456726,1283.069264818868
1052.204800109457,1473.664007259428,1283.9201327842386
1052.6870814184924,1473.556113592729,1284.7988286833886
1053.1931881534952,1473.446036223992,1285.6916567646888
1053.70480771927,1473.3449007897377,1286.5898323843244
1054.20491214444,1473.270183893753,1287.4899096265008
1054.6789102905711,1473.234300168689,1288.3871067069706
1055.109481807679,1473.242209869363,1289.2711606344137
1055.4763102369686,1473.3012967523277,1290.1336370419717
1055.7640741411474,1473.4249931402712,1290.97676829888
1055.9683133762978,1473.6192067859586,1291.8108756970564
1056.0939884955665,1473.8698411083853,1292.6429451402555
1056.14933507657,1474.1459723986304,1293.4656955826272
1056.1421310606202,1474.411183743337,1294.2536830786462
1056.0810539756706,1474.6352074133745,1294.9688976310465
1055.975056488708,1474.804028501493,1295.5759623479046
1055.826364407697,1474.9233667354752,1296.0565790798946
1055.6242886276132,1475.0149189999734,1296.4115596006186
1055.3486649458991,1475.107836229591,1296.6527887911925
1054.9842432127944,1475.2258837926329,1296.7942732387323
1054.5361720791566,1475.37833923539,1296.8473809373518
1054.027797016942,1475.5628579307356,1296.8154914109107
1053.485081953632,1475.7729531519144,1296.686861423601
1052.9318004325048,1475.9980752637653,1296.4338857047971
1052.393020137998,1476.2223552473752,1296.0224878736112
1051.8910284487697,1476.433658186381,1295.4285310948908
1051.4360916479302,1476.6351623783028,1294.6508756136952
1051.0233296726237,1476.8438576816222,1293.7112977244255
1050.6389083228844,1477.0763672026496,1292.6447716714238
1050.2659911505305,1477.3383833447388,1291.4894009609243
1049.8884895365445,1477.6256289346684,1290.2825017961122
1049.5005474983507,1477.9277788112204,1289.0632344475596
1049.1120513614942,1478.2319334526974,1287.8725706165685
1048.740256461211,1478.5274515439544,1286.7452468357867
1048.4013778499843,1478.8068584825014,1285.7035180143516
1048.1096844362614,1479.064087405497,1284.760895055772
1047.875738082146,1479.298633807869,1283.930167026176
1047.704360471055,1479.5214411218678,1283.2267750282433
1047.5975019864495,1479.7534021274535,1282.6655899144262
1047.5580529372173,1480.017171323297,1282.255597111617
1047.5901672676828,1480.325484083924,1281.9946805314078
1047.696897225217,1480.6761393064987,1281.8669937768202
1047.8769450687344,1481.0637533027475,1281.8496947850686
1048.122179670722,1481.4914261834583,1281.9223607554184
1048.417925506804,1481.9662144461429,1282.0675920364147
1048.7487959243472,1482.4959735567274,1282.2735272995155
1049.1074476287488,1483.0935100877266,1282.5420343636351
1049.4966027453936,1483.7697756979087,1282.8836108267167
1049.924771978808,1484.522997858215,1283.3033100290227
1050.4048676112736,1485.3389290609869,1283.796808299781
1050.9516918232616,1486.1966344684536,1284.3527016810992
1051.5731777054793,1487.075950495026,1284.9563432763648
1052.2662570380353,1487.9640249485376,1285.598138213444
1053.0219763482735,1488.8543617562964,1286.2771056087004
1053.8290656195572,1489.74128106012,1286.9919775544715
1054.6728026041883,1490.616592934136,1287.728524126283
1055.5372724042988,1491.4659655070177,1288.4526489665407
1056.4115106617141,1492.2640659782837,1289.111415750371
1057.2903238704125,1492.9814999821886,1289.6442010700573
1058.1673183655266,1493.6070105278336,1290.0038913188132
1059.0287224153801,1494.1646701170991,1290.1796558128292
1059.8536037269091,1494.7064091377076,1290.2038760613077
1060.6182106092956,1495.2856855167777,1290.1360962988188
1061.302794368458,1495.9374112601497,1290.03928334453
1061.8994070625163,1496.6703817226844,1289.9561510649714
1062.4169287387033,1497.460603489526,1289.8883189877847
1062.8825441328527,1498.2535396686565,1289.800284371471
1063.3356195899291,1498.9872982764991,1289.650161377431
1063.8096903438347,1499.6197987585492,1289.4128108094785
1064.3159870531124,1500.1344066910003,1289.0785132513026
1064.8413223845716,1500.5261722876662,1288.64309267982
1065.354794591149,1500.7927283300564,1288.1051648472944
1065.8176548246834,1500.9392804546283,1287.4718038212418
1066.1937403883571,1500.982291851439,1286.7625396948692
1066.4571198393319,1500.9436875022006,1286.0053074897955
1066.596327395312,1500.8438736402238,1285.2291378817388
1066.6156623736317,1500.7002862953877,1284.4596691324716
1066.5345275027107,1500.5308266891295,1283.7215484049852
1066.381872566069,1500.3528348407522,1283.0416584299633
1066.1869928192257,1500.1784453316222,1282.4465909372939
1065.9748498358506,1500.0178708228354,1281.9606030612806
1065.7660965921255,1499.8845614950596,1281.6046700534046
1065.5798246403683,1499.7927936044211,1281.3941903331015
1065.4354727355874,1499.7524290026183,1281.338316229271
1065.3463344872741,1499.7652344576566,1281.4383061660642
1065.3109617131622,1499.826153318725,1281.686646342059
1065.3150269385249,1499.930111983764,1282.0723542848834
1065.3403230167023,1500.07382711241,1282.5832799200073
1065.3701684869548,1500.2509451091107,1283.2008037237765
1065.390723437205,1500.452500620332,1283.901024642693
1065.3926047844998,1500.6692121236574,1284.6612946538137
1065.3728817976023,1500.8858219668969,1285.4562813923205
1065.3356322535121,1501.080292543903,1286.2518693260597
1065.2880163939606,1501.2372757868459,1287.0107015180909
1065.23198744171,1501.3595254224417,1287.7025746925585
1065.1587977261597,1501.4682987802732,1288.3152954585446
1065.0504998937556,1501.5955594511984,1288.8608474669156
1064.885853976403,1501.7645561315023,1289.36454004777
1064.6504250469384,1501.9732997153512,1289.8483921433995
1064.3462568441726,1502.20071744194,1290.3251926771716
1063.9900357401007,1502.4213194929303,1290.7926261402436
1063.601744554494,1502.6097999715387,1291.2226291757208
1063.1945467244875,1502.7447894139223,1291.564612622811
1062.7720443511528,1502.8218232471188,1291.7721238451268
1062.3334883154175,1502.8589460863175,1291.831350879498
1061.8805583248445,1502.882427608481,1291.7674628391662
1061.419778273897,1502.9136775960328,1291.6352500265994
1060.9586301371655,1502.9712549652838,1291.5031495183691
1060.501200774371,1503.069576740761,1291.424319782154
1060.0545708435643,1503.2074977452673,1291.4062180380063
1059.6394964045367,1503.3661585733348,1291.4042708366155
1059.2883686672517,1503.5218994596512,1291.341688269957
1059.0307552587228,1503.6618454062843,1291.1384922396437
1058.8791892489648,1503.7921992326574,1290.7348593744355
1058.8257717108436,1503.9338340224203,1290.1018069191377
1058.8476303550456,1504.108641601632,1289.2429864489404
1058.9092331405075,1504.3276076141337,1288.1929673085838
1058.965455414922,1504.5898510828952,1287.0104685782596
1058.9780283745777,1504.8900440325558,1285.7625369918471
1058.934486151509,1505.2215232851145,1284.5032737961446
1058.8502255170508,1505.572837392568,1283.262140144709
1058.7550985494468,1505.9270381990686,1282.0511596637248
1058.681247402723,1506.2674564049657,1280.8788621803303
1058.6621972027428,1506.5849569186025,1279.754549320362
1058.7329342979633,1506.8817694598677,1278.6856858429592
1058.92160515832,1507.1695398061975,1277.6783031638572
1059.2403061403065,1507.461130743407,1276.7381906671485
1059.6804208346102,1507.7651298464646,1275.8716217330114
1060.2139090057342,1508.0894428183126,1275.0901252467718
1060.8022011507417,1508.4456075765715,1274.4148524327702
1061.4071778520563,1508.8493448456402,1273.8731600347458
1061.9986586858897,1509.3173031384497,1273.4868483678688
1062.5612853837463,1509.8594833396407,1273.2623763077436
1063.0996336814294,1510.4752011900578,1273.1934764505527
1063.6332809760831,1511.1560496086279,1273.2668306633705
1064.184542751663,1511.8904037720365,1273.4634888212902
1064.7675140149686,1512.6689080285723,1273.7658023714207
1065.3810588105334,1513.4903118921063,1274.16834610592
1066.008509176272,1514.3587418885725,1274.676752545891
1066.6258800371836,1515.273594274285,1275.2951121223996
1067.2156008125016,1516.2259503000237,1276.01786034776
1067.7768394448235,1517.1970868762558,1276.8229200203918
1068.322014303631,1518.149278245628,1277.6582863190688
1068.8623504759346,1519.0273740342325,1278.4432501097024
1069.3977135851326,1519.785237091504,1279.0999908306121
1069.915393731877,1520.4138768211967,1279.5918166376973
1070.3887295585723,1520.9444364980993,1279.9368195879827
1070.7783971698702,1521.4279495727285,1280.1922294692397
1071.0463605235545,1521.9110737140347,1280.4243179604796
1071.1748607304514,1522.4204645543823,1280.6782946526803
1071.176984747521,1522.9579205483044,1280.9609955132742
1071.0924863727673,1523.5047434957546,1281.2436373250348
1070.9694217760664,1524.0308786764124,1281.477383388202
1070.8439801707273,1524.505655478971,1281.6127260324079
1070.7306053798393,1524.9063995759116,1281.6147944335817
1070.6230187936224,1525.2208751241603,1281.4676546755545
1070.5026848932478,1525.4485431688922,1281.172730087351
1070.3481588364996,1525.6039415065427,1280.745358647433
1070.140391556744,1525.713976518206,1280.2062470198205
1069.8667832060987,1525.804385574118,1279.572526523123
1069.5215267236686,1525.8877255246741,1278.8568443575314
1069.1022584810203,1525.9676117994636,1278.0742853813108
1068.6121542745218,1526.0485406512216,1277.2473147783726
1068.0634222507751,1526.1348021336034,1276.4034461544172
1067.4768285785349,1526.22695601602,1275.5735958242599
1066.8804106890107,1526.3246779956582,1274.7913263513428
1066.303523792114,1526.4279890138064,1274.0846624322385
1065.7686811593799,1526.53320438713,1273.4679205402117
1065.2895131901894,1526.6315775855285,1272.9445822892553
1064.8722543442416,1526.7136502738786,1272.5155698870378
1064.5170549753527,1526.7724239665297,1272.1834143422323
1064.2188320164362,1526.8025739246532,1271.9508099149682
1063.9658700680388,1526.7996125896923,1271.8166528723323
1063.7397270290953,1526.7594290391303,1271.7739889845614
1063.522000020711,1526.6778129242412,1271.8126379873117
1063.3021595107518,1526.5534719502095,1271.924232806291
1063.0792323240607,1526.390543910299,1272.1041625386451
1062.8596604265024,1526.193264542007,1272.3480134694144
1062.6538623713939,1525.9593873804213,1272.6458435964566
1062.4729522527546,1525.683926743968,1272.9816607431828
1062.3261150930248,1525.3685860887222,1273.3392072584586
1062.2159471305845,1525.0236267968598,1273.7057099099688
1062.133971790678,1524.6658646189837,1274.073533179039
1062.0622854847063,1524.3207263372858,1274.4455320103048
1061.9815625010735,1524.018730781113,1274.8367324767419
1061.8797251400401,1523.7817663167198,1275.2645560112612
1061.7563201370972,1523.6126193734822,1275.7387995604922
1061.6205373073258,1523.4964681268154,1276.261152102326
1061.48311152951,1523.4082072301564,1276.8231649581903
1061.348031478924,1523.3160564608027,1277.394857245356
1061.2108066798128,1523.1841012913906,1277.919504875318
1061.062903569819,1522.9858497279574,1278.332421039144
1060.896250511399,1522.719527783394,1278.592471943725
1060.700795470976,1522.40366617331,1278.700049268573
1060.4577467693985,1522.0630528068498,1278.6972409826467
1060.1425126630245,1521.7222233990412,1278.654185658649
1059.7383120639358,1521.3970965820545,1278.6364794535593
1059.2462398685245,1521.0841330719218,1278.6687658013027
1058.6883458181255,1520.7637246078582,1278.7267405463356
1058.104569678267,1520.4167103723705,1278.7600366722165
1057.5406728444955,1520.038203253438,1278.7183214020392
1057.0333621962372,1519.6407115301495,1278.563069134001
1056.6018542378765,1519.2497566841869,1278.2703487025597
1056.2479084674053,1518.8981761785467,1277.8351286599097
1055.9584365270787,1518.6179770630065,1277.273697531335
1055.706341709925,1518.4290090131212,1276.6162333473203
1055.4586749027735,1518.3348300341731,1275.8996098237521
1055.194526755241,1518.3297427866269,1275.1681985030411
1054.9154602673673,1518.4036591814697,1274.4681366476775
1054.6399021976931,1518.5372959024248,1273.8318075403283
1054.3929768424462,1518.7004820361942,1273.2716513151952
1054.2019324767775,1518.8627785153585,1272.7880936843019
1054.091561267549,1519.0042428993283,1272.376300719722
1054.075799495744,1519.115049519924,1272.0268844135553
1054.1545566814364,1519.1911984260864,1271.729005240235
1054.3171666221572,1519.234809193433,1271.4766372655668
1054.5464506465296,1519.2555364823827,1271.2712299822435
1054.8224445421663,1519.2695779671158,1271.1186979558158
1055.1254490779127,1519.2953478303107,1271.0225429381385
1055.4391049341007,1519.3457443919094,1270.9779553978915
1055.7551666133002,1519.4256167786486,1270.974818080124
1056.0774613859062,1519.5377992795243,1271.0076292229282
1056.4190669816494,1519.686912487483,1271.0795008795535
1056.792567184583,1519.875216507828,1271.195645615752
1057.2041430566721,1520.0987729239287,1271.358230262859
1057.6572216316035,1520.3502275269466,1271.570430688856
1058.1569737874338,1520.6215374469514,1271.8382893617675
1058.7085067654216,1520.9051318883598,1272.1665871953135
1059.3132455820635,1521.19899021461,1272.5611252319713
1059.9692358774353,1521.510556717269,1273.0370043581072
1060.6715133765401,1521.8529323477208,1273.6196777422633
1061.4085971384254,1522.2338788227987,1274.3327893026285
1062.164398053762,1522.645026407499,1275.1815209617043
1062.9276750655033,1523.0608931460274,1276.1431068259353
1063.6925963456604,1523.446125482559,1277.1663084441147
1064.4508881776956,1523.7685893290704,1278.1846572734003
1065.191209995115,1524.0196462507276,1279.1459409487004
1065.9005943952454,1524.2261987165082,1280.036695896398
1066.5589376939004,1524.4383112687938,1280.8814540587011
1067.1381274498947,1524.703111781816,1281.7227235087296
1067.6146973929585,1525.0459655007098,1282.5959299655892
1067.9843270789113,1525.4677177241206,1283.511926271248
1068.2655400490212,1525.9527048486586,1284.4542413548572
1068.4922006869317,1526.474246657272,1285.383519036492
1068.698340413824,1526.994744924331,1286.2453296290776
1068.9028659859348,1527.4740962990063,1286.9870915636643
1069.1038070504724,1527.8842498064203,1287.572630507368
1069.2829065624683,1528.209707825008,1287.9788159475863
1069.4164712898191,1528.4396810248186,1288.188680991122
1069.4833700120291,1528.5699521195193,1288.1950362824994
1069.462826955166,1528.606512222001,1288.002197247883
1069.3339882375872,1528.5592589159041,1287.6215633425668
1069.0828786414397,1528.43324592095,1287.0676397052714
1068.7053515420346,1528.2288108102575,1286.3551149961552
1068.208259630188,1527.9496920194708,1285.5021777061409
1067.6128561832727,1527.6105414365766,1284.540877646576
1066.9519193339302,1527.2368584002156,1283.520308389782
1066.2608090401611,1526.8557011854627,1282.4959842529786
1065.5702550707115,1526.4868154012868,1281.5177780137963
1064.903688533602,1526.142439946148,1280.6234608092077
1064.2781759244072,1525.8282798555163,1279.8320270953272
1063.706688446738,1525.541778059856,1279.1405287757957
1063.1991010987674,1525.2748721426483,1278.5327419638395
1062.7590023523646,1525.0211647410188,1277.99443683268
1062.3779561682434,1524.7793990797709,1277.5235186497514
1062.0344948935528,1524.5502085241665,1277.128949488373
1061.7009738470545,1524.332471879139,1276.823666785315
1061.3527622603183,1524.123141898472,1276.617908427913
1060.9737004779008,1523.9177181712237,1276.5128571407843
1060.5585523630168,1523.7129928489223,1276.4990238096846
1060.112631820414,1523.5122685304832,1276.562381863151
1059.6447566827826,1523.3268321096823,1276.691781105288
1059.1573770401246,1523.1708177283274,1276.883108614443
1058.6446111674302,1523.052689691358,1277.1411825683087
1058.1000637751856,1522.9720781719022,1277.479920880664
1057.5243765607622,1522.9239072607254,1277.9167874574423
1056.927167304469,1522.8974111464865,1278.4586103586696
1056.3250395675566,1522.866414178468,1279.0845195884453
1055.7327692224965,1522.7878037546932,1279.7388774921208
1055.1533353502987,1522.6181406661694,1280.345782798921
1054.579448309472,1522.3340191006869,1280.8414625361697
1054.0041408894303,1521.942365176984,1281.2071253319382
1053.4294871022369,1521.4804681638693,1281.4810387859307
1052.86569940354,1521.0043301718356,1281.735815345831
1052.3231793682633,1520.5658702710248,1282.0337999826752
1051.8117309163024,1520.1926514866261,1282.3927518170342
1051.3493735370234,1519.886183088666,1282.7814548181877
1050.9657635994074,1519.6377342073852,1283.1403504274901
1050.6942097042238,1519.4434969656986,1283.4083544873663
1050.5614803468281,1519.3063166568243,1283.5400369077574
1050.5825480354288,1519.2302691611033,1283.5112443591263
1050.7580723688545,1519.2164638342424,1283.3178851870919
1051.070938985508,1519.2615372120817,1282.9728201605665
1051.4856849084367,1519.362188463264,1282.505589347453
1051.959476295448,1519.5176297250919,1281.957239609384
1052.4620526431786,1519.7200354309855,1281.3635436164652
1052.9850289273825,1519.9501254136753,1280.7431488496375
1053.5307688374853,1520.1893452471245,1280.102386463661
1054.0978843883463,1520.4296947862465,1279.4456523273304
1054.6809092291478,1520.6712535311333,1278.7814658573861
1055.278944107193,1520.9169811335469,1278.1224365168048
1055.8976635174922,1521.168452206007,1277.4794149166248
1056.5407886977976,1521.4267908784466,1276.8590062703272
1057.1991577074969,1521.6999939404625,1276.2695112833026
1057.8469354224012,1522.0007738928539,1275.722319487841
1058.4509500235104,1522.3353509802744,1275.2263854888697
1058.9874640414635,1522.703142353723,1274.7896363743428
1059.4506314443286,1523.1066412808673,1274.4259755685791
1059.8464849044274,1523.5546205274875,1274.153813112441
1060.1838831766395,1524.0549984639827,1273.985734221526
1060.4722638425048,1524.608662957705,1273.9210654869466
1060.7231782869267,1525.2110590889597,1273.9454273830438
1060.9512521575111,1525.8575215483172,1274.0362665772527
1061.171621494035,1526.5467235260235,1274.172737326608
1061.392344042839,1527.281166398213,1274.3442522206815
1061.6081327276115,1528.0652797121973,1274.55367935631
1061.8026261601524,1528.8990869391598,1274.8125453198006
1061.9592600217782,1529.7742752733411,1275.132548527938
1062.0734707502895,1530.6784577170686,1275.520254512203
1062.1556325510364,1531.5931139996574,1275.968407858022
1062.2238301083328,1532.4851163740673,1276.4464501100797
1062.2957207092265,1533.3132752022677,1276.907550853147
1062.382149860192,1534.0479310575708,1277.3108885829797
1062.4799188440181,1534.6843075674096,1277.6413798137253
1062.5696519259702,1535.2434768609432,1277.9132007039418
1062.624166574092,1535.763903234636,1278.1553680234756
1062.621162254066,1536.2867956778455,1278.3913831818552
1062.5533942413097,1536.8410110054983,1278.627943555495
1062.4329332259122,1537.4362886845668,1278.8582522866793
1062.284012976409,1538.0674193234722,1279.071609295172
1062.1269286110487,1538.7187986503602,1279.255426560031
1061.9682813328636,1539.3639715625839,1279.3903774840073
1061.8046171169235,1539.969923671114,1279.4508264718522
1061.629265259966,1540.50673238857,1279.4100938205452
1061.4345747685882,1540.9528026358817,1279.244251684459
1061.2130733505098,1541.2976834593728,1278.9396043070385
1060.958232963451,1541.543594802453,1278.499784726709
1060.6619790905747,1541.698228784829,1277.939202789919
1060.3150251468971,1541.7659848271167,1277.2732753613852
1059.913046984402,1541.7490051748168,1276.5195459577717
1059.4603192353136,1541.6503796235002,1275.6999082452444
1058.9687050845205,1541.4727708478208,1274.8378045989841
1058.4564835846702,1541.2219606687186,1273.9612057384297
1057.9468828396448,1540.9143563860716,1273.1103620562815
1057.4644833381356,1540.5737838215819,1272.3339678708155
1057.029286933937,1540.22089131523,1271.674079109095
1056.6514233870992,1539.8694828700661,1271.156935143159
1056.332537948167,1539.5302590940253,1270.795773429583
1056.0722985789487,1539.2129198806776,1270.5955055705701
1055.8696894726445,1538.9250806207747,1270.5539400205525
1055.7188041625886,1538.6730493156495,1270.665491456349
1055.607336216526,1538.4624214735422,1270.9254263864325
1055.519650839275,1538.2970162531867,1271.3295661447048
1055.442872512617,1538.1759102645067,1271.8714778320802
1055.3705017859934,1538.086342767773,1272.538059250116
1055.299536467304,1538.0032757301688,1273.3078227692386
1055.2290539514772,1537.9032622058287,1274.1571546206208
1055.1628758829024,1537.7771947074605,1275.0649370057681
1055.1080666209314,1537.6298763828052,1276.0073637599542
1055.070500725211,1537.4729811680395,1276.956407317381
1055.0515193019448,1537.3185622689007,1277.8899064332338
1055.0450940406379,1537.177252920248,1278.8036866049256
1055.0394247929012,1537.0601100439985,1279.7156793866548
1055.0228648199686,1536.9753853229267,1280.654670153838
1054.9867813277988,1536.92160077009,1281.6370183493354
1054.9220483101356,1536.8862016490064,1282.6458748536659
1054.8146967385026,1536.8508651211898,1283.6284426444372
1054.6486598454173,1536.80142013447,1284.5205007570164
1054.413719450851,1536.738050901599,1285.28425294528
1054.1065982681814,1536.6753013547604,1285.927921523879
1053.7225721082712,1536.6318039101593,1286.4950016287748
1053.2527060672337,1536.6182727968871,1287.0371060905873
1052.6919657307935,1536.627542908836,1287.5869963269815
1052.045203532382,1536.6385529756722,1288.1449531115898
1051.329317437361,1536.6333664624408,1288.6813063348034
1050.5750081935464,1536.6047221615509,1289.145985797309
1049.8200503113271,1536.5557813067205,1289.482919221608
1049.0956000668778,1536.501652615594,1289.6486682036787
1048.4166043729942,1536.4625947620195,1289.6230362035387
1047.7802350716518,1536.4510538475665,1289.4073600182644
1047.170217560366,1536.467274256559,1289.021548769345
1046.5617191308352,1536.5051678088935,1288.5028934103445
1045.9267387236362,1536.559177268586,1287.8989984212033
1045.2456731205925,1536.6257051003251,1287.256384338056
1044.5195602992192,1536.7013655189082,1286.6127108303642
1043.7677036759674,1536.7826247821818,1285.9932030255425
1043.0131856697378,1536.8679956869373,1285.4131529354063
1042.2766522034174,1536.9621549841231,1284.8894843141354
1041.5789950695594,1537.0766780777612,1284.4481938919491
1040.9370827543096,1537.2227230690196,1284.1148720175756
1040.3579568841742,1537.4054049251458,1283.9029248625764
1039.8435635567555,1537.6283677707033,1283.816687241766
1039.3958121450892,1537.897988178193,1283.8584761025309
1039.012543926278,1538.220847147486,1284.0276405167601
1038.6841438254896,1538.6011056768534,1284.317938895783
1038.3977389316815,1539.0400285436995,1284.7168676223134
1038.1429593724808,1539.540656381115,1285.2104790882652
1037.9137370576443,1540.1145224257225,1285.7931649081509
1037.705801769531,1540.7742402462698,1286.4651335483456
1037.513009530467,1541.5202873388514,1287.2215158245804
1037.3282392056067,1542.3445663736015,1288.0561182008532
1037.149043020787,1543.2399835657643,1288.9705708468111
1036.9810677991122,1544.1988967475568,1289.9696614272175
1036.8366772545803,1545.2072769663412,1291.051065677712
1036.7297404302283,1546.2466297300655,1292.2038327099315
1036.6665121554404,1547.300634227718,1293.4126063150727
1036.6406321731208,1548.355819751793,1294.6603060238167
1036.6386268978915,1549.4026345685588,1295.9338098982535
1036.6475100380796,1550.440014380861,1297.2273063305308
1036.6578231108044,1551.4699942264704,1298.5291608406058
1036.6650649109101,1552.487080098536,1299.8034661207619
1036.6715015155553,1553.4784174698248,1300.9887328804539
1036.6851181360082,1554.4339697321054,1302.0156570381848
1036.7124759007581,1555.3573940380381,1302.8308697910302
1036.750394606148,1556.2675314687942,1303.4134185147916
1036.7846722824431,1557.18879410088,1303.7795114131272
1036.7969755538938,1558.142165057322,1303.976178385158
1036.7748851254642,1559.1400698727616,1304.0610067472123
1036.7195429083997,1560.1799203363712,1304.0748426084785
1036.6487820855589,1561.2398709395923,1304.0261148010031
1036.5955301263862,1562.2823071753553,1303.8939564649559
1036.5985020571043,1563.2616464985956,1303.6403372205991
1036.686034435473,1564.1311741164263,1303.2229897503557
1036.8632615532267,1564.850086697089,1302.6083181010572
1037.1109770376063,1565.39238368546,1301.7829075535492
1037.3946440296304,1565.7533982300044,1300.759232392288
1037.675839620285,1565.9481933300917,1299.569463655039
1037.9172317071575,1566.0047889681427,1298.2532637662239
1038.0812138178314,1565.9585792260514,1296.8534905521944
1038.134970689948,1565.8492302359068,1295.4204263147249
1038.061085556376,1565.7190897225667,1294.0142527479447
1037.8600814218212,1565.6073690016897,1292.6976995013556
1037.550198527022,1565.5393139907108,1291.5227498628071
1037.1673864836944,1565.5203338688016,1290.5194321554466
1036.7560326287041,1565.537179902523,1289.6893956496865
1036.3570715011024,1565.560130850457,1289.0095151681353
1036.0006890816014,1565.5501292792123,1288.4478214109183
1035.700396808243,1565.472928133734,1287.9806486052494
1035.4515553851286,1565.3074969541512,1287.5985927187835
1035.2351915070326,1565.0474035355003,1287.3035193372393
1035.0222517875304,1564.7048930322435,1287.1057768816954
1034.78095315295,1564.3101774243303,1287.0208854747495
1034.4900161206822,1563.8971862793933,1287.0606612331328
1034.1476228900103,1563.4876970918021,1287.2229377549538
1033.7686891208941,1563.0891293210098,1287.4892410469427
1033.3786885507648,1562.7055294254933,1287.8337632287999
1033.0081708769414,1562.3479600152934,1288.233366869406
1032.684129547101,1562.0336680190883,1288.6670208409082
1032.4230777917837,1561.7792553891888,1289.11377169767
1032.2304297670871,1561.59643905228,1289.559723339133
1032.1007673092072,1561.4904219283421,1290.0034639358037
1032.0163270895368,1561.4598594068375,1290.4517454153863
1031.9481774134215,1561.496779451156,1290.9111849616827
1031.8637998431277,1561.5855746920151,1291.3821839629818
1031.738064632668,1561.7025725743827,1291.8541241373096
1031.5592297683122,1561.8147050220928,1292.297848183472
1031.325328730038,1561.8822984677313,1292.6633416762002
1031.0355672173002,1561.8728620085526,1292.8946242440134
1030.685216296949,1561.776268246436,1292.9565357830525
1030.2654842358663,1561.60922965933,1292.8568830182915
1029.7645284988089,1561.4078840632283,1292.6481369565831
1029.1695281921372,1561.2102258264035,1292.4026248650416
1028.4716393344602,1561.038833870663,1292.1783467609853
1027.6763417493823,1560.8963456213492,1291.9981882291877
1026.8148134319322,1560.7679551249441,1291.8437398873139
1025.94055836449,1560.6301684559112,1291.6625389602345
1025.1104800894466,1560.4711331363826,1291.3909830642717
1024.3683877108951,1560.30195644923,1290.974925030027
1023.7369165324403,1560.14764588728,1290.3767076330746
1023.2140939165586,1560.0360942268114,1289.5812426410716
1022.7762232624489,1559.9939191163835,1288.6042631639802
1022.3838798880234,1560.0435012416556,1287.4917593887485
1021.989144627754,1560.1974569932179,1286.306391623008
1021.553337594261,1560.4548861784474,1285.1121000877802
1021.0673907780676,1560.803549867553,1283.96601523535
1020.5511541421164,1561.2226166581158,1282.9125814847835
1020.0348533562781,1561.6868286361598,1281.981131932474
1019.5471127053256,1562.173761002346,1281.188565935653
1019.1156463472563,1562.6644350717986,1280.5373946168497
1018.765982367673,1563.1425285578057,1280.0156931735532
1018.5115473931893,1563.6023351858155,1279.6104052506405
1018.3463505374156,1564.0516077507348,1279.3194735784546
1018.2478499804884,1564.5005243780795,1279.1488601014255
1018.1851545966226,1564.950699141486,1279.1022090900403
1018.1263421508286,1565.3986157747217,1279.1776966444604
1018.0434497413651,1565.8477013830604,1279.3738399259437
1017.9205057365309,1566.309428026342,1279.6909855892077
1017.7631954900077,1566.7940162037855,1280.1258004454853
1017.59726904385,1567.307991480489,1280.669448696887
1017.4554663748594,1567.8578040809377,1281.3094805297492
1017.3655937360627,1568.4502939517247,1282.0310008811066
1017.3458254169047,1569.0914110077679,1282.818785685905
1017.406154186321,1569.7844306312043,1283.6581811217004
1017.552192254488,1570.5307458854518,1284.5363749357318
1017.7869730033198,1571.3345474113632,1285.4468606093217
1018.1091919810575,1572.1987914831172,1286.3857617962972
1018.5122586758642,1573.111440418487,1287.3380811660747
1018.9880794646483,1574.0443311834192,1288.2728461733059
1019.5298542776987,1574.9711591144517,1289.1534156291532
1020.129505490334,1575.8816621614767,1289.9491349820091
1020.774390768182,1576.775888770238,1290.6400489684265
1021.4466785623792,1577.6504039775486,1291.2159160432673
1022.1253462222725,1578.4981127885571,1291.6722584968738
1022.7911417374037,1579.3204844283978,1292.0077401965145
1023.4328077609608,1580.1326235674303,1292.2261227146273
1024.047244855315,1580.9560083273798,1292.3385488273332
1024.6319184107053,1581.805331625963,1292.3601243985436
1025.1824543808648,1582.6780166494957,1292.3061133882788
1025.6977675732019,1583.5543787230995,1292.1906353209265
1026.1795268592753,1584.4048512922539,1292.0222035127413
1026.6267035131846,1585.199988569307,1291.8010035972595
1027.0351276933204,1585.920801809311,1291.5233982164718
1027.4017215955466,1586.5592283814076,1291.1863288120655
1027.726403581754,1587.1102236492993,1290.786486827019
1028.0082321099737,1587.570681239886,1290.3195502495203
1028.2418511074852,1587.9458034441038,1289.7857940834574
1028.4190771784422,1588.250082373399,1289.1965734961086
1028.5310471593573,1588.497019860645,1288.568945289488
1028.5705886640533,1588.6900424942796,1287.9161138824884
1028.5369095882418,1588.8273504480726,1287.24893825726
1028.4387425922225,1588.9076691909963,1286.578780533278
1028.2943284418216,1588.9296007638764,1285.9179704884202
1028.1264779578096,1588.895435532366,1285.2856529970807
1027.955489842787,1588.8138810560674,1284.7088151183723
1027.8004241757571,1588.695488787473,1284.2153509706486
1027.6845091765651,1588.549898340002,1283.8287568588578
1027.6310816089208,1588.385969683964,1283.5627080313627
1027.6516497058324,1588.2092737561168,1283.4144142408431
1027.740938783556,1588.0215867193192,1283.3669956117021
1027.8880500378402,1587.8265640499671,1283.4034863544812
1028.089896914679,1587.6307672511969,1283.514560787814
1028.3493514582526,1587.4354763730057,1283.6889665798979
1028.6657691301775,1587.2351699896328,1283.9057291715144
1029.031211819934,1587.0275670667986,1284.142338510654
1029.433167878607,1586.820023155211,1284.3865179559991
1029.861847569721,1586.6225689203604,1284.6359315975405
1030.3144873094884,1586.4330975476266,1284.8830188993902
1030.7906494923743,1586.2369014157198,1285.1075223863709
1031.2870035294354,1586.0272421386328,1285.2938346029177
1031.7974499088434,1585.8159481995522,1285.445728291611
1032.3128099354062,1585.6212864931963,1285.5779660128826
1032.818060292323,1585.45681128938,1285.705200066561
1033.293789659993,1585.335075158516,1285.8456929897252
1033.7253844505212,1585.2729491017935,1286.0270763055657
1034.1107365255905,1585.2777896805355,1286.269225048914
1034.4529125182069,1585.3272748517213,1286.5527870827016
1034.7465355918903,1585.3786893648,1286.81742203259
1034.982291024013,1585.4029484612154,1287.003300152869
1035.1609885898476,1585.4043110871362,1287.092466234381
1035.2902361973497,1585.4107044111706,1287.110758355095
1035.3695778531762,1585.4521463733297,1287.1009775374744
1035.3853366554197,1585.5448543572638,1287.0963763930786
1035.3211578463333,1585.6879947208772,1287.110136656061
1035.1741457421926,1585.8690814578833,1287.1364886291105
1034.9596952845036,1586.064989441253,1287.1475419668404
1034.7014573946874,1586.243067732628,1287.0915501387306
1034.4187437701748,1586.3770452835943,1286.9101952573328
1034.1229275128583,1586.4654348732654,1286.5661509051029
1033.8199506749484,1586.5302765238962,1286.0582975238367
1033.5051197163707,1586.6000333236943,1285.416632796383
1033.1551883496952,1586.6951719004164,1284.686572434537
1032.737497782236,1586.8245823946445,1283.9166827671977
1032.2323968405362,1586.9908696260902,1283.1564591645642
1031.645585336915,1587.1966303269596,1282.457696795345
1030.999396265118,1587.442759852731,1281.8665917518465
1030.318708474312,1587.725204900563,1281.412853006084
1029.6308715484724,1588.040286488787,1281.111649787747
1028.9702915134687,1588.3906249879453,1280.9709335946757
1028.3712208976874,1588.7825263949858,1280.9911540501562
1027.858012359624,1589.2193990580818,1281.1619866934905
1027.4417490367052,1589.699330697586,1281.4636754286723
1027.1176595043648,1590.2168659663027,1281.8711311574325
1026.8669673225259,1590.7643639235234,1282.3563297823457
1026.6660803674554,1591.3355490191966,1282.8894678653135
1026.4942411670168,1591.9315397021421,1283.440687094821
1026.3342744225051,1592.5636631291472,1283.9865633163988
1026.1714967244707,1593.2510472678932,1284.5208028284067
1025.9986373196655,1594.0126602185117,1285.0546553262639
1025.8211105762887,1594.8590833432206,1285.6025638720305
1025.652760740242,1595.7879092126398,1286.1659973403725
1025.507705791033,1596.783333097084,1286.7282884209371
1025.397956595543,1597.82614745644,1287.2673738623714
1025.3357533190904,1598.9064458323035,1287.773631843941
1025.3320413314757,1600.0242588222516,1288.2510947961528
1025.3899999298385,1601.1819778317822,1288.7048314937324
1025.5030863584097,1602.3736531367026,1289.127971434926
1025.6602280658312,1603.5741840106896,1289.4925365330878
1025.8515350215544,1604.7431855781851,1289.752201309478
1026.070703321342,1605.8457780067342,1289.8588202101082
1026.3133328915499,1606.8729924620056,1289.7806653055425
1026.5717898480116,1607.8517831269571,1289.5190954420177
1026.8305356564101,1608.838394374898,1289.1207995837076
1027.065823957667,1609.8939063288508,1288.6713762299398
1027.2528719322395,1611.0590616637216,1288.2645728198288
1027.381347772997,1612.3402346676742,1287.9618846681324
1027.4688092648696,1613.7071034620176,1287.7687250590284
1027.5581690816905,1615.1037431071577,1287.639949222772
1027.7004122395601,1616.4657928548022,1287.5023423173077
1027.932926861245,1617.7292118494852,1287.2732315765606
1028.2663051723969,1618.8344578543756,1286.8743020354607
1028.6884553265381,1619.7434401764865,1286.254917684951
1029.1712249139034,1620.4530846476734,1285.406927221286
1029.667930067502,1620.9831713243345,1284.3506292516188
1030.1183415328728,1621.3617806288887,1283.1189366410774
1030.4679354510315,1621.6198456961188,1281.7523049083138
1030.6879537443854,1621.7798364882972,1280.2885142800649
1030.7800867470974,1621.8505865983773,1278.7538785237716
1030.7618669149656,1621.8426912022612,1277.171115557382
1030.656826390979,1621.7854598160482,1275.5801438072272
1030.4984218932188,1621.7204806489901,1274.045555411486
1030.3258254590328,1621.6796480113312,1272.6361603422727
1030.1741292505012,1621.6757751130824,1271.4019989820038
1030.0757306325222,1621.7109942786653,1270.3708433904014
1030.0623001972529,1621.7846984101636,1269.553046609734
1030.1550009705916,1621.8936981198028,1268.944031017997
1030.3549910372747,1622.0311004289194,1268.529869830292
1030.6435925848148,1622.1849104997657,1268.2943425641972
1030.9860174611638,1622.3384224553968,1268.2212227402897
1031.3396932477133,1622.4764192715393,1268.296608303786
1031.6686624217605,1622.5885341648743,1268.5103482774348
1031.9510310601863,1622.663447359802,1268.8493006179008
1032.1747535384936,1622.6871671753568,1269.2923509938857
1032.3348813150378,1622.6528146770813,1269.8154769596638
1032.4369723092072,1622.5659287760793,1270.3934929176207
1032.4952336787526,1622.437092679319,1270.9932570747196
1032.523516462638,1622.2780297418449,1271.5764344846043
1032.5303963953297,1622.1075229899395,1272.1183027117822
1032.5206282486813,1621.948195668517,1272.6173712710727
1032.4962848003497,1621.8115000824557,1273.0827548409832
1032.453558811402,1621.6954742461658,1273.5220018828363
1032.3825134409617,1621.5959164526391,1273.9408410221263
1032.2768467295932,1621.5093013872806,1274.341695212845
1032.1399455504672,1621.4284055369903,1274.7177543903063
1031.9776223621416,1621.3423540327167,1275.0522710865719
1031.7902528845188,1621.2429645126128,1275.3312366368991
1031.5722991251166,1621.1324506498531,1275.5641510813393
1031.3163878758958,1621.0242044282425,1275.793356486373
1031.0208183335715,1620.9363010379816,1276.079878675812
1030.695548720148,1620.8818420829016,1276.4698968732237
1030.3596017936509,1620.860226357768,1276.962447803633
1030.0344353630228,1620.8565761254995,1277.5036554679732
1029.7420479127245,1620.8509700835807,1278.0087498891112
1029.5037092423145,1620.8336657976288,1278.3952751915863
1029.3317323268602,1620.816255617653,1278.6106251007004
1029.2194691132684,1620.8255240348726,1278.6396767390627
1029.141253721957,1620.8864088552368,1278.4974803915204
1029.0651292584612,1621.0125975782005,1278.2244086953428
1028.9644596000874,1621.2071018361653,1277.8801321440412
1028.818485176817,1621.4668151077592,1277.525637985176
1028.6152583194419,1621.7864468462726,1277.2053499236506
1028.363163684715,1622.1513197013305,1276.9385920888938
1028.0952707539038,1622.5274311602625,1276.7185413288928
1027.8600298331144,1622.8740729287895,1276.5259413211104
1027.7060098445927,1623.1692729810802,1276.3484585032015
1027.6683561244633,1623.4195231121148,1276.1848685787988
1027.7610389981053,1623.6503139618715,1276.0383882352273
1027.9750724463588,1623.8868312094196,1275.9103491162214
1028.2821643901198,1624.1396358642573,1275.796735701305
1028.6412059380336,1624.4120819631778,1275.691691390765
1029.0088149933474,1624.7191082369218,1275.5949035133126
1029.3541352765046,1625.0900333735483,1275.5125211153104
1029.6661904509617,1625.5554048608576,1275.452717167455
1029.9496764247133,1626.1369180845147,1275.4234771051715
1030.2166001735718,1626.8424981438834,1275.4271117439416
1030.4794447078968,1627.6613675170552,1275.448846822284
1030.7480520396612,1628.569189761089,1275.4588361849712
1031.0277770675252,1629.5455802177264,1275.4323830277694
1031.3199905846002,1630.5840556427438,1275.3649980014827
1031.6236656765664,1631.6883280874338,1275.2732121509773
1031.931511013589,1632.8643038728846,1275.1847115191251
1032.2285932055668,1634.1091444889607,1275.1184483068794
1032.5002890268074,1635.4023347105015,1275.066873246871
1032.7390019332845,1636.7059150217344,1274.9929744273127
1032.9427421368669,1637.975765398431,1274.8438488435856
1033.111913381727,1639.1802371805886,1274.574860356386
1033.248559265802,1640.311480284642,1274.170678684612
1033.348418022523,1641.3868692345877,1273.6563912119818
1033.3924774535403,1642.4462248288278,1273.0959098458334
1033.3597342246005,1643.5348682286224,1272.5675293462966
1033.2483929232096,1644.6779686788946,1272.1255420467571
1033.0812029402832,1645.8706320630283,1271.7781961053386
1032.8952559410654,1647.083471106906,1271.491418991082
1032.725794012211,1648.2679580344256,1271.2042356115028
1032.5952768038892,1649.3691769066354,1270.8531339309502
1032.5148181769905,1650.3499118753398,1270.4005928493327
1032.48772246466,1651.1985665847283,1269.8398268344217
1032.5010592064198,1651.9159163746556,1269.1739102435622
1032.5165051730003,1652.5088396940007,1268.4048639920588
1032.4813702099873,1652.9951777569236,1267.5423769201961
1032.352307030003,1653.4018922950186,1266.6089719522593
1032.109272788569,1653.7552447887138,1265.6315552854883
1031.756653630315,1654.0752451958963,1264.6330630771308
1031.3186519461583,1654.373723530161,1263.632009641219
1030.8279173304545,1654.6490215041351,1262.6411010955055
1030.3108663950002,1654.8887969504135,1261.6666098498388
1029.780820869465,1655.086843777137,1260.716826212386
1029.2429819678373,1655.2525852867514,1259.8111313680045
1028.701364114227,1655.4029382978479,1258.9791921862509
1028.1558196779156,1655.55117174116,1258.2523172408219
1027.5997830593851,1655.7035822508722,1257.6559431382786
1027.0308252885388,1655.8585646732956,1257.2042595464848
1026.4580656259725,1656.0080752261463,1256.8967117641
1025.8955177139123,1656.151007020796,1256.7269095031934
1025.353915560212,1656.2995625533704,1256.6929693172967
1024.839691195466,1656.4613094211788,1256.7898848892448
1024.3563802228578,1656.6260608678413,1257.0010069486805
1023.9056557012955,1656.7768424950461,1257.3070820503483
1023.4907708169726,1656.9024452234657,1257.6962920739238
1023.1192728051176,1656.9962462344024,1258.1588661137619
1022.7956352392068,1657.05152489911,1258.6765469532543
1022.508912979342,1657.0623058134993,1259.222773644623
1022.2359608070092,1657.0312046046663,1259.7779566021472
1021.9591126637765,1656.9728826756127,1260.3431583538336
1021.6753712911195,1656.902303179648,1260.9351264375193
1021.3896327110509,1656.8274378852134,1261.5762191689614
1021.1037839716837,1656.7530816646565,1262.2869329992025
1020.8166013464643,1656.6761768386157,1263.0721489389323
1020.5348388610895,1656.577416929969,1263.9072534427555
1020.2743464052393,1656.4247518021848,1264.735412581896
1020.0430982054264,1656.1910354684878,1265.4863481501407
1019.833477031957,1655.8792170144625,1266.1205572426695
1019.6359154032401,1655.535733777681,1266.6701139707386
1019.4452714263427,1655.2347146894363,1267.2319879052843
1019.249088359938,1655.038457497001,1267.9088347726986
1019.0264132940301,1654.9618571209292,1268.7439270467673
1018.7742068560885,1654.9698020380479,1269.7036346229947
1018.5301177859802,1655.0039802748759,1270.707668602446
1018.356227000335,1655.0140612367532,1271.6684154613156
1018.3027215559346,1654.9761911303008,1272.5155798708065
1018.3866537753734,1654.8876865210077,1273.196862872105
1018.5926945196649,1654.754976070149,1273.6720904747356
1018.8878246684633,1654.5977665396392,1273.9249711759535
1019.2311530473595,1654.4514112895847,1273.9726621533282
1019.5705846456673,1654.3565481467904,1273.8571425221335
1019.848662306007,1654.3486516041457,1273.6318332837975
1020.026561597505,1654.4469757289692,1273.3449507652747
1020.0996110622847,1654.6474232617256,1273.024357404822
1020.0897610794149,1654.9296831322845,1272.6806728314068
1020.0317748451598,1655.26840789735,1272.320675311216
1019.9670995657837,1655.6408637631102,1271.9541495684014
1019.9401012958886,1656.0357716136386,1271.5959712685653
1019.9892073295127,1656.4523407929848,1271.2598273250355
1020.1362987090663,1656.8876795556946,1270.9462180484427
1020.3822004348177,1657.3355224898114,1270.6460018357316
1020.7088745146633,1657.795392985715,1270.3543480821593
1021.0838406614791,1658.2744892963133,1270.0745172089423
1021.4675010927903,1658.7830294358919,1269.8121149818628
1021.8238385321679,1659.329574003827,1269.567713028784
1022.1275241129175,1659.920715799286,1269.3351435798822
1022.3649991028474,1660.5636030694277,1269.1064830566581
1022.5371103459429,1661.264977525897,1268.8765630059124
1022.6616131682787,1662.0286505238953,1268.6445545979097
1022.7643701264113,1662.854257348683,1268.4120253116114
1022.8637277208106,1663.7362288177414,1268.1779926799688
1022.964623042945,1664.6633636169292,1267.936621905064
1023.0648110618524,1665.6214204729881,1267.6819130476554
1023.16000291867,1666.600044138755,1267.4142804491103
1023.2443037169513,1667.595208584176,1267.1397028620372
1023.3133696353577,1668.6066990741833,1266.8688180736049
1023.3679465221956,1669.6424020483093,1266.6236056734624
1023.4124863687579,1670.7168677380205,1266.4321548190162
1023.4515769635868,1671.8325490471784,1266.305149555401
1023.4889970989924,1672.9674369435822,1266.2215573441144
1023.5297715416671,1674.0819801663401,1266.1347866175001
1023.5812063893153,1675.1307017496736,1265.985701265657
1023.6513930751158,1676.07765517517,1265.7228853536665
1023.7417058664217,1676.9180013585776,1265.3313791686542
1023.8360407840287,1677.6826190451222,1264.8434810021445
1023.9025353238134,1678.4154907325299,1264.3156898789719
1023.9092671267887,1679.1474320114116,1263.7948092893998
1023.8439751551899,1679.8825837478307,1263.2977571080783
1023.7268155195004,1680.5990146855256,1262.8112867685172
1023.5968707023632,1681.2648765806798,1262.307670389758
1023.4811458309945,1681.854397825345,1261.7581856338809
1023.3847712196232,1682.3496642502623,1261.13848664109
1023.3045990891051,1682.7432111232613,1260.4406176089244
1023.2331763734435,1683.0428252110448,1259.679765751995
1023.1510608627533,1683.2641658556875,1258.8804526244396
1023.0314351817501,1683.420727385351,1258.0631736104701
1022.8533581962579,1683.523297513671,1257.2446625747998
1022.6062180528961,1683.5874155378642,1256.4442519755064
1022.2878599896043,1683.6369242974595,1255.6866395211027
1021.9053130361561,1683.6914257177987,1254.9943501668151
1021.4770361374744,1683.754020478861,1254.381617394988
1021.0313090115926,1683.81588491235,1253.8587590548134
1020.6005367012692,1683.8653419516709,1253.4353720085523
1020.211157310254,1683.891903930086,1253.1152093965172
1019.8737288465621,1683.8864488060758,1252.8908871505637
1019.5811936287154,1683.8410734764389,1252.748758107439
1019.3125381423552,1683.7553125480476,1252.6825582288468
1019.0417354462172,1683.6447647561038,1252.702853036654
1018.7517689146896,1683.5384317694961,1252.8314663079937
1018.4420828417296,1683.4632108937305,1253.0853885819263
1018.1242685446562,1683.4285787305098,1253.4634941273966
1017.8130925297235,1683.4246244301814,1253.9453922774148
1017.5200567421005,1683.4367233578396,1254.506058008891
1017.2534394812128,1683.461174505061,1255.1339167345534
1017.0248953506504,1683.498551921694,1255.8280655494925
1016.8499217523985,1683.5319923590155,1256.5760870604638
1016.7342859514339,1683.529859858099,1257.3505137311618
1016.6639244078974,1683.4740577563337,1258.133261530061
1016.6105015999533,1683.3681676170281,1258.9266730320364
1016.5438562478458,1683.2251616009896,1259.7441326913352
1016.4419768014749,1683.0644760273262,1260.6061517177707
1016.2950717126354,1682.9080135300742,1261.535864715932
1016.1078073886811,1682.764298572814,1262.5447731919528
1015.8998121414725,1682.6165596620908,1263.6192570411233
1015.6968682393289,1682.4306152327401,1264.7195358838426
1015.5174849638114,1682.173904830203,1265.7871393383537
1015.3648494449689,1681.8243440643976,1266.7492099533863
1015.2288022239195,1681.3792073968218,1267.5388598369605
1015.095633980544,1680.870557365197,1268.1388582921747
1014.9524984057239,1680.3595886902604,1268.6033370975283
1014.7820690913271,1679.9072294133844,1269.0312564143271
1014.5592021816818,1679.547962167162,1269.5139045112044
1014.263456278096,1679.2825312379832,1270.094200614467
1013.9051882388668,1679.0906665016314,1270.7654259614008
1013.5391880686809,1678.9444229113856,1271.4929205711912
1013.2496173610402,1678.8027859102438,1272.2244138681253
1013.1145365403812,1678.6139386436084,1272.8999034432602
1013.1709774615473,1678.3459379179033,1273.478779389904
1013.4082045515395,1678.0052630387834,1273.9545939194097
1013.7881876954483,1677.6156411738752,1274.3333468128212
1014.2644391728907,1677.19116825631,1274.605789759218
1014.7903778116112,1676.7399817940543,1274.7526880006055
1015.3232145227337,1676.2862683908697,1274.769405121175
1015.8277658686375,1675.8738572069578,1274.6725991113071
1016.2847745107113,1675.5463517323064,1274.4881217884904
1016.6970740245856,1675.3297162294612,1274.2389021120416
1017.0864609024534,1675.2275469966044,1273.9380318546894
1017.4829231822218,1675.225021528663,1273.5903445501817
1017.9119826165938,1675.3029794286035,1273.204601948957
1018.3911817815881,1675.4492234648765,1272.7993813461617
1018.9358361331945,1675.652233540908,1272.3908860935799
1019.5619392340917,1675.8930447495877,1271.9830018115078
1020.2816833893195,1676.1511922541006,1271.5757271439547
1021.0966237125278,1676.4148590424634,1271.1774423832237
1021.9940110459365,1676.681312572997,1270.8022284010992
1022.9451782646576,1676.9476546357553,1270.4535783155584
1023.9071970315281,1677.2080446903628,1270.1183560124632
1024.8363512298006,1677.4639742951358,1269.7847409621063
1025.7078567939516,1677.7290963053424,1269.4597609557693
1026.5208977080563,1678.0199935329988,1269.1633013866235
1027.284299382219,1678.3464516823894,1268.9112371992512
1028.001975051564,1678.7103251023918,1268.706133807239
1028.6732108139067,1679.1102835215365,1268.5379456246355
1029.3043996643585,1679.547669156393,1268.3948033126226
1029.9178155709856,1680.0320350100253,1268.2798772696797
1030.5426219210954,1680.5825879445251,1268.2163709778135
1031.1934933967161,1681.2160841217578,1268.229605143332
1031.8650054935342,1681.9277484766524,1268.326257941525
1032.5488793915574,1682.686232882991,1268.4903352486788
1033.2470597958363,1683.4436131883385,1268.6853941814102
1033.9695972212014,1684.1499080590038,1268.8602394012557
1034.7262518654309,1684.7664597745475,1268.96397077331
1035.5128854804104,1685.274481087135,1268.9608547537707
1036.3050709688673,1685.6813231912497,1268.8424632569204
1037.070075249903,1686.0215932272731,1268.634507565659
1037.7803634847203,1686.3480446797344,1268.3879764501457
1038.4209300323953,1686.7135642417634,1268.157406979727
1038.9954747631398,1687.1458356059711,1267.9754331307583
1039.523271778307,1687.628461755929,1267.8357804098027
1040.0285635137766,1688.107303388013,1267.7006025118858
1040.532212595863,1688.5154252694563,1267.5240900597591
1041.0444908768695,1688.7954102755043,1267.2691205372694
1041.562269632069,1688.9140485352505,1266.9162770560586
1042.0714142080026,1688.8689515727435,1266.468064016045
1042.5480108957722,1688.6806865089047,1265.941117734508
1042.9637507483103,1688.3789975192358,1265.3562554113746
1043.2963979712508,1687.999125551163,1264.7391006112764
1043.5335692266722,1687.579682599757,1264.1182050457105
1043.6724872540237,1687.1487649920075,1263.512020234713
1043.7244568708027,1686.7210487247435,1262.9301115603862
1043.7161764713958,1686.314640380319,1262.3926197679161
1043.679396907065,1685.951630528219,1261.9293879590812
1043.6393078708259,1685.6401955761676,1261.5587045860584
1043.614845650888,1685.373482782195,1261.285450104976
1043.6225988151625,1685.145503076395,1261.1183184038146
1043.674897786857,1684.9569796980118,1261.074873336529
1043.7783011092833,1684.8071798927263,1261.1700190757822
1043.9305786289556,1684.692386727604,1261.4072972814877
1044.1180177642977,1684.6131003650426,1261.7799081167661
1044.324046577467,1684.572762251534,1262.2737404935344
1044.538602489829,1684.572829424176,1262.870869212953
1044.7584281291686,1684.6166240939974,1263.5557006876745
1044.987312118634,1684.7094903837706,1264.3170616619523
1045.234803745781,1684.8451381718482,1265.1401830281927
1045.5052919490095,1684.999812359633,1266.0011586140818
1045.7879871975258,1685.1468145585627,1266.8740916729912
1046.0630816165199,1685.2702548887023,1267.7395868908475
1046.316513217021,1685.3671943374163,1268.5873978138682
1046.5439049535748,1685.444860681406,1269.4145173295972
1046.741487582109,1685.515503640446,1270.2199559544508
1046.8991807220475,1685.5899836638491,1271.00148760409
1047.0023163740505,1685.6735437526627,1271.757232524712
1047.0389199219783,1685.7676417908838,1272.492539753372
1047.0090077349537,1685.8738649399395,1273.2249420851988
1046.9241206076154,1685.9942569415482,1273.9763781663364
1046.7986645228145,1686.1306573054783,1274.7597319116376
1046.6488335301738,1686.2785873900011,1275.5658204884019
1046.4939247989787,1686.4154013704049,1276.3519322365876
1046.349035452145,1686.5097039568986,1277.0568123432272
1046.2169595028822,1686.5544770301212,1277.6450015446915
1046.0871541693355,1686.5767819866987,1278.1297314219184
1045.9392510147723,1686.611040705974,1278.5525197653278
1045.7514243343787,1686.6739115846583,1278.9537788779942
1045.5135272180853,1686.7585949237234,1279.3563141368065
1045.2361109175317,1686.8415256113756,1279.7593251364256
1044.946340609718,1686.8933377508047,1280.1408782106926
1044.6721523027422,1686.8850245537465,1280.4665274408453
1044.43008267211,1686.7934149137895,1280.7045457470047
1044.2270643809165,1686.61333289244,1280.8422414420008
1044.0663211178742,1686.3602032660142,1280.88343196888
1043.9465388425663,1686.0559008123523,1280.8279254391205
1043.8563887902849,1685.7210456589444,1280.6627092751994
1043.7739486117846,1685.3809950808459,1280.3750395591542
1043.6747862825282,1685.068612518674,1279.9685614777973
1043.5418864787553,1684.8178053095648,1279.467123789697
1043.3721236414558,1684.6560244935292,1278.9076465645821
1043.1791962237485,1684.6009257624373,1278.3296278082234
1042.9915807544792,1684.6586341274083,1277.7659761169275
1042.8438659370618,1684.822063590283,1277.2386138494503
1042.7652635567813,1685.071587186936,1276.7595169674819
1042.77279521822,1685.3798766961029,1276.3338335196147
1042.87163492522,1685.7204120382162,1275.962261736396
1043.057355506476,1686.0748864906896,1275.643060788767
1043.3159344410294,1686.4345138346282,1275.3747252277842
1043.624508199594,1686.7979009741323,1275.157040326686
1043.9559933167004,1687.1694972980326,1274.9890472029563
1044.2846068634813,1687.556151528594,1274.866876060648
1044.5895596072817,1687.961738743308,1274.7830204770303
1044.8591206913727,1688.3853716835263,1274.726018787037
1045.095108057165,1688.8249040746384,1274.6831372353295
1045.311935326656,1689.2808231874706,1274.6462172776226
1045.526809973309,1689.753292519767,1274.6111292693915
1084.447351731185,1203.0915908509166,1370.0659797542337
1084.1220981627519,1203.4925474502504,1369.590151074105
1083.7861119560764,1203.8544679966344,1369.143377683816
1083.430575715574,1204.1660770840026,1368.7568583029858
1083.0511963435297,1204.4367612765227,1368.4554949716455
1082.642369397874,1204.6739729483481,1368.245283152176
1082.1940427855966,1204.8793532654897,1368.1192019993532
1081.694361508775,1205.0578133423983,1368.0704740626686
1081.1449299750286,1205.2195627710937,1368.0944074698998
1080.5670200774898,1205.3826758907428,1368.1881697287104
1079.9792968238553,1205.5711100170088,1368.3487601500065
1079.3884474089657,1205.7991542335362,1368.5695753728914
1078.8003515945895,1206.0575199106706,1368.8395241498713
1078.2069046243193,1206.3105365890667,1369.1332148497404
1077.5825599350312,1206.5174861242863,1369.416149444875
1076.9206706469322,1206.665666918284,1369.6740399572748
1076.2476890569396,1206.7669313506765,1369.9149912508499
1075.6012035614715,1206.8417495534686,1370.1531410264813
1075.008455271877,1206.923189245842,1370.404149607689
1074.4765009280486,1207.0413926650451,1370.6700113031436
1074.001810960576,1207.2008064962063,1370.9303083969448
1073.5830421213147,1207.3906767904966,1371.1625917712263
1073.2146278400264,1207.5995472242819,1371.354405716852
1072.879855569675,1207.8126580678636,1371.495964583089
1072.565159583374,1208.0208424358432,1371.587683386774
1072.274814553739,1208.2335628728465,1371.6494458908865
1072.0187410140295,1208.4600301059031,1371.695900329158
1071.795331384156,1208.686475980929,1371.7133443980729
1071.5962450575769,1208.8945469874197,1371.6809790949712
1071.4146150155593,1209.0896728225225,1371.598863929486
1071.2401449356876,1209.294435839589,1371.4787269124135
1071.0567208077355,1209.523013101679,1371.3185942225862
1070.8525850095004,1209.770222836101,1371.097546554453
1070.63347227356,1210.0227729999328,1370.7946323209055
1070.4213810313354,1210.275047577389,1370.4053466620612
1070.2353734200804,1210.5308741364147,1369.937305527155
1070.0787033797158,1210.7970709861368,1369.4029901067265
1069.945635577611,1211.0774133123994,1368.8172827226285
1069.833460871198,1211.3692762386,1368.188979614587
1069.746615766514,1211.6687983149973,1367.5164739396623
1069.6930206677223,1211.9779678459133,1366.7940504235107
1069.6810895423148,1212.301557509506,1366.0159204379775
1069.7191787595998,1212.63961442513,1365.1773109541684
1069.8128438260637,1212.9872568509809,1364.2784804416565
1069.961915203461,1213.3397186514642,1363.326192515564
1070.16048828569,1213.6949747928943,1362.331155587244
1070.4012874619332,1214.0539686496254,1361.3083680305217
1070.6805640062892,1214.418261558367,1360.279238059873
1070.9967304371162,1214.7847588008544,1359.2694658419564
1071.344350875052,1215.1438964682516,1358.304871812568
1071.70579199755,1215.482866543377,1357.408753274014
1072.045970006196,1215.7904237895684,1356.5995249036628
1072.3158848768246,1216.062057727664,1355.887787385043
1072.4580717456754,1216.3027224859866,1355.2722961792474
1072.4128869130545,1216.5264757687664,1354.738400613453
1072.1306383636727,1216.754837387754,1354.265899334836
1071.5830715034313,1217.0126692140718,1353.8405009039413
1070.7694488479444,1217.3221320807024,1353.4583214285713
1069.7210289645707,1217.697580084873,1353.124728379606
1068.4997347247493,1218.144250440452,1352.8505193896679
1067.1830182758633,1218.6605288835779,1352.643398589909
1065.841509984697,1219.2386047582404,1352.4948608273023
1064.5227281102032,1219.865676205111,1352.372016363405
1063.2459039752525,1220.5329388044672,1352.225040057336
1062.006746292143,1221.245943985053,1352.0044637964147
1060.7918940383106,1222.0216762896882,1351.674221777771
1059.5985350033961,1222.8734444347292,1351.2172075982917
1058.4450147735765,1223.7991393806553,1350.635739639603
1057.3652148221295,1224.7793587115168,1349.9457404115085
1056.3944697764255,1225.7825808178875,1349.1688895451307
1055.5567461915655,1226.775922661499,1348.3291649902435
1054.8564426656571,1227.7358644637252,1347.448364034006
1054.2763577473688,1228.6513083930677,1346.5381604361603
1053.7846649567703,1229.5217003878108,1345.5974130732773
1053.3459625515484,1230.3558219737008,1344.6168044955339
1052.9270546504465,1231.1690600133375,1343.5861455494883
1052.497066068427,1231.9785776566205,1342.499676310245
1052.028187076287,1232.796738465975,1341.356026210028
1051.501145031243,1233.6247541166301,1340.158234108333
1050.9119880400588,1234.454810386617,1338.9192276216056
1050.2726238263485,1235.276910650053,1337.6632653834308
1049.603571406226,1236.0801767616927,1336.4167810352317
1048.9244157755775,1236.851277660111,1335.1997172261647
1048.2480996039803,1237.57581563693,1334.0252131489901
1047.5827209159602,1238.2431465617476,1332.9056233076215
1046.93742350462,1238.8494604900318,1331.8593466789098
1046.3230888306775,1239.3942401701083,1330.9084536860705
1045.7471171289503,1239.8753321312931,1330.0698663522815
1045.2114424061037,1240.2879069484259,1329.353500829129
1044.717268135436,1240.6267689369347,1328.7664065095025
1044.2707219477404,1240.8925209852996,1328.316038004152
1043.8820901156691,1241.0943498353035,1328.0091829625594
1043.558329483272,1241.2424393310346,1327.8432318168398
1043.2978459072617,1241.342678412641,1327.797557410583
1043.0923053540519,1241.4028897258659,1327.8353428845237
1042.9298990847794,1241.4389219953775,1327.9124621642861
1042.7964648461839,1241.4737503782126,1327.9873803906662
1042.6752931784258,1241.5331715053485,1328.0297342090228
1042.5465771930835,1241.6379832653517,1328.0253196219567
1042.3904723275173,1241.7943854693553,1327.9798147078643
1042.1958748711845,1241.9869951321152,1327.9218635276507
1041.9683108534553,1242.1787448541427,1327.898558488855
1041.7278142870393,1242.3225193736855,1327.9591254982645
1041.494630902264,1242.3788354966139,1328.1273808248343
1041.2693145827202,1242.3295967839215,1328.3722421935752
1041.018392252861,1242.1905402115096,1328.6017462097461
1040.6772414829775,1242.021058145351,1328.6960004276684
1040.173665738546,1241.9109676614482,1328.5592277632566
1039.4617669939687,1241.9364528865608,1328.1588195870966
1038.5489081704184,1242.1184200751632,1327.538664487245
1037.5014954563799,1242.4169717197658,1326.8099453234713
1036.42840503707,1242.7530472347053,1326.1243715900987
1035.4511212260347,1243.0360523747881,1325.6358395331717
1034.6703105801741,1243.1909896534673,1325.457759082184
1034.1427957943974,1243.1782165716534,1325.6293822223693
1033.8785573270643,1242.9974855552143,1326.108916072249
1033.8515359338905,1242.6798901090046,1326.7936688870911
1034.0115748526948,1242.279283855065,1327.5473428047776
1034.291995752765,1241.8651116225196,1328.2251524946755
1034.6189513250004,1241.511221591097,1328.7021138540636
1034.9268207265661,1241.2806181769774,1328.8946057658015
1035.17040123368,1241.2130810903188,1328.7618473458144
1035.3256462399465,1241.324798169637,1328.298853395736
1035.386705983785,1241.618135189667,1327.5339275084614
1035.3692087889422,1242.0873983249974,1326.5258243499402
1035.314315195119,1242.713692770772,1325.355070494956
1035.283434022943,1243.4584014858708,1324.110874232648
1035.342044434556,1244.2664210417772,1322.8794388640156
1035.5394835442812,1245.0782219952443,1321.7378627467338
1035.895672228316,1245.8429407370948,1320.748000004268
1036.400132209899,1246.5271034052062,1319.9478508147122
1037.0190514736535,1247.116996699828,1319.3476697121903
1037.701898852561,1247.613699182255,1318.9337661286863
1038.3870019128897,1248.0248243290287,1318.6767840709124
1039.0129785491763,1248.361503754614,1318.5403291642506
1039.5327492917786,1248.6402499772632,1318.488507358582
1039.921744112011,1248.8809742543567,1318.492011435229
1040.1808854571466,1249.0998618993638,1318.530529122289
1040.3355853145326,1249.3049280417017,1318.5931361995417
1040.4281136172763,1249.49931360216,1318.6807575260154
1040.5052627246414,1249.68819886011,1318.807983421645
1040.6073217152407,1249.880218435183,1318.996719999272
1040.7616606536676,1250.0802925693656,1319.261312567835
1040.9830797667616,1250.284755486733,1319.5979948489764
1041.279951688056,1250.4881057601417,1319.989659668766
1041.657225115319,1250.690099322576,1320.416445691335
1042.113960502833,1250.8929278920975,1320.858780422734
1042.6439781625834,1251.0972516955133,1321.296193487927
1043.2398907816523,1251.3016607797401,1321.7078577938998
1043.8949614922103,1251.502214420774,1322.0748678637044
1044.6035777090447,1251.6955389610123,1322.3843439818825
1045.3630563545983,1251.8854755092489,1322.6355904268091
1046.1775755141268,1252.0839918866175,1322.8471757188797
1047.0628119046137,1252.3017474403168,1323.057667035272
1048.046990441044,1252.5362397138156,1323.3089959945462
1049.1623632738294,1252.7720289319457,1323.6159479650346
1050.4287097671422,1252.9983309988081,1323.9462544779667
1051.8418660184552,1253.2261534372567,1324.2275992843852
1053.3725113909586,1253.48385502639,1324.3701403333446
1054.9712541024985,1253.8003734110637,1324.2909777968769
1056.5824054989992,1254.19621649768,1323.9370149595882
1058.1612119888496,1254.6788597668885,1323.296727270254
1059.682910520204,1255.2351758213072,1322.392847202222
1061.1438385788738,1255.8325657872347,1321.2671418105363
1062.5569664971263,1256.433781995742,1319.9701092122964
1063.9416343934545,1257.0084016426492,1318.5501894675147
1065.3103268473667,1257.5360514385604,1317.0431812958566
1066.6596730832816,1258.0101027356227,1315.473198417109
1067.9706389612306,1258.4353967315076,1313.8580855897635
1069.2138440426058,1258.8180023021114,1312.2093805081765
1070.35609761937,1259.1610517250535,1310.533933802471
1071.3675067412175,1259.4690075489095,1308.8403455212779
1072.226825757381,1259.7513904179948,1307.1448620309457
1072.922328914803,1260.0209571159216,1305.472501613538
1073.4505710953235,1260.285384638808,1303.851119635629
1073.8166091305252,1260.543562925324,1302.3051729287074
1074.0325744814172,1260.797455005228,1300.8560962166725
1074.1151891298719,1261.0632251364852,1299.523429421938
1074.0869015401588,1261.360692194698,1298.3209254232981
1073.9789240085786,1261.694519210383,1297.2526303074073
1073.83074302426,1262.0553647563327,1296.315390613318
1073.682051878618,1262.4378601305077,1295.5053133967522
1073.561790527749,1262.8477304263204,1294.8224961814105
1073.4833280384826,1263.2891074864742,1294.269264227863
1073.446149950541,1263.75098319938,1293.8405500091158
1073.4381915662734,1264.211124951556,1293.5189141165536
1073.4393107940361,1264.6519088822247,1293.285073930303
1073.4315875371208,1265.0669228998074,1293.13050811799
1073.4087190876044,1265.452932081194,1293.0546800581494
1073.3713207920184,1265.8020123569102,1293.0514153785634
1073.3141461158525,1266.1035720801583,1293.0995766901763
1073.2192383106715,1266.3549842249306,1293.1659230250239
1073.059249973691,1266.5713093735383,1293.218346025571
1072.809150804161,1266.7800117921129,1293.2405623374334
1072.459204170057,1267.0020907967007,1293.2410311427857
1072.0186762746534,1267.2399321899604,1293.2556681901094
1071.5079963651767,1267.4806249230483,1293.341545604491
1070.9490973615118,1267.7010948982474,1293.5584698963446
1070.3640262202093,1267.870068283012,1293.9467839356685
1069.7763597139888,1267.9561284352126,1294.5083525808463
1069.2029617256253,1267.9404805913293,1295.191155913695
1068.639482215871,1267.8281784290684,1295.8876417734316
1068.0516363242593,1267.6556428172385,1296.4572064126564
1067.3813108963784,1267.4871460057266,1296.7673133093258
1066.5730932282888,1267.3931844139402,1296.7356339822718
1065.6065326370433,1267.419350080387,1296.3558892615756
1064.5096795090983,1267.5676667549224,1295.6983216191022
1063.3520487608396,1267.799926419076,1294.8828134206453
1062.2253122863121,1268.0550161070432,1294.036877523007
1061.2168661149608,1268.2703214721732,1293.2602007648902
1060.3877557451183,1268.4009338181402,1292.6078436016144
1059.7626764803467,1268.4338433988112,1292.0916216123999
1059.3313754135975,1268.389844987329,1291.6899271001512
1059.058803444402,1268.3084105820658,1291.3561637770513
1058.899855397078,1268.2278576245292,1291.0282159048443
1058.8158280489024,1268.1776670416778,1290.646391347909
1058.786196910117,1268.1808976922725,1290.1724197190001
1058.808135391995,1268.2535610086688,1289.5929076384557
1058.8889952143281,1268.4044340085325,1288.9098912481888
1059.041283680651,1268.6410767256825,1288.1342826304713
1059.2774594356206,1268.9731090189441,1287.28362861226
1059.6032099401475,1269.4104208486276,1286.3790561513367
1060.0191816102663,1269.9602551146081,1285.4438022858315
1060.5301136362339,1270.6230596842972,1284.5038603392163
1061.145860266492,1271.3897531325024,1283.588345624295
1061.8705976773526,1272.2443038755675,1282.7288904822071
1062.6928459276303,1273.1709168917707,1281.9571297768985
1063.584810353077,1274.1586407658287,1281.3012392363728
1064.5090161394444,1275.1983876282975,1280.782567437473
1065.4284093568758,1276.278132730319,1280.4123824147712
1066.3150286249008,1277.3836125355301,1280.1901650634616
1067.1503404231023,1278.5015964242857,1280.1041506605739
1067.9191549924276,1279.6207233144173,1280.135388279649
1068.6086420599697,1280.7331002165256,1280.2644051426298
1069.2124375867484,1281.837081264758,1280.475170781677
1069.7297173279503,1282.9355583242102,1280.7561701070354
1070.1608282687353,1284.0293509701528,1281.1014713661846
1070.506480546061,1285.1144547205758,1281.510210360967
1070.768887914803,1286.1872607452178,1281.9831917068288
1070.951925129959,1287.2472762108775,1282.5181705229875
1071.063072428188,1288.2931444740152,1283.107961097856
1071.115427996223,1289.3198753904492,1283.7436444303676
1071.125330460989,1290.3167798449645,1284.4160943807892
1071.1106636729016,1291.2643536503974,1285.1089187954292
1071.0903433670103,1292.1418086749932,1285.7881091657048
1071.0772522324173,1292.945781202648,1286.3984455622945
1071.0701160297,1293.6998924879733,1286.8733789463424
1071.0579047918095,1294.447449479915,1287.1599835010013
1071.032523195866,1295.2369924495626,1287.245687565769
1070.9953952583087,1296.1058463229901,1287.1672716510327
1070.957644015154,1297.064116035674,1287.0006905930202
1070.9372813900095,1298.087973088832,1286.843074574588
1070.9533126604342,1299.12515168465,1286.788683601509
1071.0226522679036,1300.1069320858567,1286.898985460225
1071.1603762568327,1300.9662816540529,1287.182028912581
1071.3743048304786,1301.656067700644,1287.5900076045627
1071.654034785011,1302.1544447862473,1288.0283944529835
1071.9676801490598,1302.46260688339,1288.3785204588105
1072.2712402045318,1302.6046702441988,1288.5313963402818
1072.52033868441,1302.62102127342,1288.4117043931292
1072.6796779760075,1302.5524819664859,1287.9840190980638
1072.7326611183626,1302.430185572866,1287.2525384449957
1072.686479888629,1302.277894391472,1286.25988832144
1072.5673339711927,1302.1166346544367,1285.0806187702299
1072.4106176647817,1301.9625120702417,1283.804452076163
1072.2548211823298,1301.8225931745997,1282.518277078955
1072.1388297880783,1301.694101092851,1281.2982148900242
1072.0957913145608,1301.5657360019216,1280.2025317812531
1072.142160642179,1301.4237244904402,1279.2624729537167
1072.2709086812513,1301.2634344759135,1278.4863288297106
1072.459481256616,1301.0955902633427,1277.874817605675
1072.6856026039814,1300.9344546715524,1277.4303550262225
1072.9372616750886,1300.7807463301488,1277.1578513402585
1073.21477742507,1300.6244084001887,1277.0660224423252
1073.524617645808,1300.4581304065105,1277.1673065616912
1073.8706785066759,1300.278869476249,1277.4718736971063
1074.2548624308326,1300.0827598886874,1277.9817145946022
1074.6835563658613,1299.8640200779116,1278.6876870476804
1075.1670365222583,1299.6178360828371,1279.569779935952
1075.7128143745374,1299.345919619101,1280.6025462039513
1076.3245184705972,1299.0554163202903,1281.760586001751
1077.0062021476972,1298.7489058443446,1283.0200692918377
1077.7615566302431,1298.4220385668273,1284.3601059391417
1078.5884020325898,1298.0715347477126,1285.7642238021367
1079.4776035232371,1297.6969366413762,1287.2164275393166
1080.4145398171831,1297.2959312906567,1288.694647123842
1081.3782005740002,1296.8663754539527,1290.1697515428752
1082.342377828851,1296.4129142276022,1291.609502357911
1083.2801027544563,1295.9490083501428,1292.9840018859
1084.1687623272076,1295.4930596043262,1294.271309487673
1084.9944326087611,1295.060537686024,1295.46290462743
1085.7538250891982,1294.6529359302958,1296.5654751046252
1086.4552010617422,1294.2479956867617,1297.5919647658025
1087.116565798077,1293.8060846666929,1298.5490018696296
1087.7572714374865,1293.2969654852127,1299.4292967732388
1088.3837094104767,1292.7228163959212,1300.2044413415622
1088.9773947543897,1292.1179090149067,1300.8273437437324
1089.499478930608,1291.5291401069553,1301.2539977493982
1089.9121425037308,1290.9920169008644,1301.4679819429023
1090.200252928695,1290.515475292394,1301.489011198346
1090.3804140434072,1290.0779383949773,1301.3620198549047
1090.4954296407893,1289.6374685605356,1301.1360787861704
1090.5978414406713,1289.156063095418,1300.8454079118123
1090.7282383180006,1288.620056195442,1300.4971886407893
1090.8972647033472,1288.0425060287,1300.070600615317
1091.0850901215595,1287.4511829392145,1299.5291301702891
1091.2620574750526,1286.8755077265691,1298.8392771419217
1091.4097077260164,1286.3421571102976,1297.9857377914254
1091.5229038808939,1285.8743939897763,1296.9745506268896
1091.604575292808,1285.4909706930766,1295.8263374409403
1091.665644490778,1285.2056308550495,1294.5685714620856
1091.7201109709001,1285.026073035943,1293.228463182801
1091.775854236561,1284.9577079979517,1291.8312180881107
1091.8352989419493,1285.0099371054744,1290.4072530647575
1091.9025395037054,1285.191271882129,1288.9943947941063
1091.9854861392887,1285.499009338645,1287.6326017449414
1092.094394211189,1285.9186684431154,1286.3650849771684
1092.2405743346756,1286.4300908633495,1285.2380403149552
1092.4320102246731,1287.0130640026186,1284.2889318236764
1092.6669551207435,1287.6520594185336,1283.5359864874472
1092.9316472328844,1288.3383508175266,1282.974890837086
1093.2027984742851,1289.0689840849582,1282.5781276153189
1093.4528235017258,1289.8448317767452,1282.3023205284833
1093.656152889923,1290.6691282345535,1282.106065553468
1093.7953633855557,1291.5465517088394,1281.9651649810369
1093.8667811016394,1292.480207384317,1281.876714602844
1093.880431159075,1293.466908030544,1281.8545475465842
1093.8502191855416,1294.4974408026735,1281.9167950418441
1093.7836472968388,1295.5604980550415,1282.0714470036799
1093.6807316696938,1296.6463635034988,1282.313422058374
1093.5392952954585,1297.7523081113177,1282.634994265954
1093.3594070645422,1298.8809314527987,1283.0346662327615
1093.142947195632,1300.0278563458103,1283.515953948491
1092.8942695823873,1301.1747563554004,1284.084817989297
1092.6249402002718,1302.293174526276,1284.747204564898
1092.3517497750745,1303.3512358280855,1285.4951648436167
1092.0857827740483,1304.3236698369044,1286.2880700155438
1091.8222226408973,1305.2043110853012,1287.0521719655683
1091.535978405657,1306.0137684004337,1287.7024526094474
1091.1852718513403,1306.799236450916,1288.1695048643965
1090.7250602803238,1307.6197860520638,1288.4208661365926
1090.1260629619612,1308.5176359735576,1288.4755046801265
1089.391888005321,1309.4966947937776,1288.405368492445
1088.5654072557818,1310.5225601152754,1288.3189774881569
1087.7167868017184,1311.5347706452608,1288.3314860874011
1086.9198721697833,1312.4604434348644,1288.5306763359235
1086.2297075530219,1313.2330165934748,1288.948621809354
1085.6669985687379,1313.8124207739356,1289.5479587072377
1085.2156548410017,1314.1914367254933,1290.2318233474834
1084.8341662398175,1314.3916583682856,1290.8754538956823
1084.4708077828886,1314.4564546697698,1291.3598752643738
1084.0754177251101,1314.434864710778,1291.593672669978
1083.6065952197553,1314.3627990130017,1291.5257314450814
1083.036531842019,1314.2580038635383,1291.1524235024997
1082.3575213697402,1314.1298564532729,1290.515593063323
1081.5875933384932,1313.988768567802,1289.6866091709348
1080.7680464020295,1313.8442420830636,1288.7411209121183
1079.952924212099,1313.7025123253338,1287.7410269635495
1079.196074388133,1313.5744886932475,1286.7348261713641
1078.540369243563,1313.4805236080988,1285.7666374150508
1078.0131364421063,1313.4396318658748,1284.8779248243757
1077.6276689078222,1313.4559344728868,1284.1049590586756
1077.3871233840066,1313.519193188065,1283.4818144467097
1077.2868603942131,1313.6124796807053,1283.0398730241336
1077.3124805960474,1313.7165686238827,1282.798685144875
1077.4396213550115,1313.8150025310572,1282.7623515600146
1077.6401218084218,1313.8954063820029,1282.922320453434
1077.8878879214715,1313.9448038260948,1283.2568383824562
1078.164244879861,1313.953095994807,1283.734386106219
1078.4646449460813,1313.922739352225,1284.326548651941
1078.7965072322722,1313.8638967899903,1285.015889360859
1079.1690603625825,1313.776840980255,1285.791526945907
1079.5902234746147,1313.6446897443138,1286.6409015343436
1080.0691379277932,1313.4446001632325,1287.5439935460595
1080.6120548613492,1313.1661482024442,1288.473362360909
1081.2136288147715,1312.8212580254014,1289.3977880118046
1081.8533409872787,1312.4386949615723,1290.2865663349746
1082.4995057811814,1312.0488789401072,1291.1170797133059
1083.1184692483243,1311.6712564323705,1291.8817140016909
1083.6866502675455,1311.309955800813,1292.5899864172068
1084.201612917369,1310.953383237644,1293.2672682622276
1084.6830251106874,1310.5799009723614,1293.946429630887
1085.1594494489423,1310.1679359725356,1294.648036249523
1085.6527297763964,1309.700412456638,1295.3576195202847
1086.168854036458,1309.1703385087567,1296.017421913561
1086.6921593470606,1308.5921627683422,1296.5386792944907
1087.1823995981163,1308.0053001531373,1296.8282865243962
1087.580935373818,1307.463191783238,1296.8223146482267
1087.8308529832227,1307.0105109731237,1296.512377651446
1087.9024968680837,1306.6602184743824,1295.9507465226202
1087.809401236208,1306.3893996130819,1295.2363788238736
1087.6087152096518,1306.1527822979256,1294.489048782704
1087.3860141196326,1305.8995782080303,1293.8157021300879
1087.228443802052,1305.5889583382982,1293.2835273294188
1087.198501824993,1305.201365594822,1292.913352143015
1087.3225591596706,1304.7421906582144,1292.6889564963935
1087.5958885185692,1304.2353034470248,1292.5711457866475
1087.992411510603,1303.709603078483,1292.5096962661025
1088.4714782449357,1303.1938074939899,1292.4520112073858
1088.9868876284243,1302.7211236762948,1292.3499121635277
1089.5005441633416,1302.3275194735397,1292.1635890253297
1089.9908159345468,1302.0440634706404,1291.8638156064007
1090.448898349033,1301.8947932785113,1291.4366060188113
1090.8724759356355,1301.8978898290025,1290.8873881711174
1091.2691283771271,1302.063267563128,1290.23884987651
1091.6612435371349,1302.3894271148265,1289.526215875899
1092.077885686432,1302.8641506579509,1288.7926418790555
1092.5426650848838,1303.4655535681645,1288.0828306909584
1093.0698785106797,1304.164505095617,1287.4380419566753
1093.6640612666192,1304.9320685734112,1286.8920776236823
1094.3192275221118,1305.7443078781107,1286.4647747908293
1095.0187993658747,1306.5816061738037,1286.155904155516
1095.7333388425259,1307.4319795732447,1285.9474605883938
1096.423069605702,1308.298534367378,1285.8160970966308
1097.0547063683132,1309.1975972255716,1285.7429451196765
1097.61683702445,1310.14179793568,1285.7144911614057
1098.1163282116092,1311.1241584991653,1285.7227410893806
1098.5659465471904,1312.125573301576,1285.7670939546715
1098.977318085951,1313.1346252881206,1285.8521399313793
1099.359351879464,1314.1489940193258,1285.9790321570522
1099.7193859129084,1315.1685440297179,1286.1405872746861
1100.0642036306435,1316.2021289188274,1286.329528526456
1100.3976208282627,1317.2695558370508,1286.5462483635492
1100.719378662946,1318.3832814044363,1286.792979502254
1101.0298011181628,1319.5313627467578,1287.0643395434354
1101.331434347341,1320.6827890480708,1287.3414382664505
1101.6237829823845,1321.8086263506812,1287.5883760557715
1101.8973694823387,1322.899336560405,1287.7554779957961
1102.1271864460462,1323.9707930427883,1287.7924044508813
1102.2726758172525,1325.0598425886478,1287.6699329795347
1102.2953273248893,1326.2051077565372,1287.40109223948
1102.180834415212,1327.4217736582625,1287.045536628271
1101.9454023958892,1328.6877727310248,1286.6928232257153
1101.6277194959794,1329.945966463065,1286.4367206962042
1101.2793149119423,1331.1221612251843,1286.3504507948574
1100.9559851705376,1332.1512361687455,1286.463519335915
1100.7041944111052,1332.997030254472,1286.7477939461564
1100.5431726711079,1333.6578021126727,1287.1248845523917
1100.4549052672082,1334.155413466168,1287.4915383749828
1100.391561713698,1334.5186323082655,1287.7481605578403
1100.2946892066138,1334.7740139854918,1287.8203126639637
1100.1152752072753,1334.944394070008,1287.6705426413794
1099.8282073480075,1335.0504120873939,1287.2991056439012
1099.43554223077,1335.1100054894323,1286.7336651448616
1098.9594406868432,1335.132792300534,1286.0152346775653
1098.4340834153636,1335.1196640084315,1285.1891434098009
1097.9013091793174,1335.0743156916112,1284.300496957797
1097.4045194727466,1335.010712246583,1283.3904082614663
1096.9815433019164,1334.945994629957,1282.4964785057352
1096.6653564190242,1334.890479636904,1281.6554040671003
1096.48536640417,1334.844262509797,1280.8997655867247
1096.4605089068466,1334.802587110068,1280.257640586134
1096.5948069298447,1334.7646750795086,1279.7579721504019
1096.8780638842736,1334.7314064694383,1279.4238466180873
1097.2847768720558,1334.6953323544344,1279.2592484659367
1097.7756789091122,1334.643007009335,1279.2515500677953
1098.3052743352248,1334.5677254611362,1279.3833779389854
1098.8297015822739,1334.4736018414571,1279.6379909744824
1099.309964682479,1334.366763897196,1279.9993272476775
1099.7126801908678,1334.2449254351395,1280.4527628175856
1100.015872722903,1334.0956534957518,1280.9884228098426
1100.216959592637,1333.9037023629182,1281.6014635717077
1100.329739466629,1333.6581655527764,1282.2831058741406
1100.3712001817182,1333.3531786584913,1283.012646442375
1100.352101176666,1332.9889197070204,1283.7634179135662
1100.2779464624523,1332.5781738196913,1284.5156053847663
1100.156245695674,1332.1470079706596,1285.262873242145
1100.0018799827005,1331.7194342452692,1286.0080717054234
1099.8366928758762,1331.3014121359104,1286.7551709831382
1099.6859157548822,1330.8830074187517,1287.5090339375788
1099.5729520477507,1330.4465798610374,1288.2744262346355
1099.5130833942394,1329.9673949321334,1289.0416232565394
1099.5091612811877,1329.4237593381663,1289.7718484797686
1099.5478141605934,1328.8228467192598,1290.402135800823
1099.5952390204518,1328.2125553343776,1290.867600947723
1099.6045843860425,1327.658433449006,1291.1262163134872
1099.5391626955557,1327.2035199329962,1291.1769481701836
1099.392399406484,1326.8459572232064,1291.0642327461464
1099.1892412447664,1326.5487373209214,1290.864204753919
1098.9726719943556,1326.264103367257,1290.6567360509155
1098.7855024508501,1325.952828691437,1290.4955019802246
1098.656006799586,1325.596873430783,1290.3943318211732
1098.5913310501453,1325.2050995195282,1290.3354473516106
1098.579141558006,1324.8074053414343,1290.284010217797
1098.5966482199722,1324.4436294075422,1290.19816524743
1098.6201685313115,1324.1570957538065,1290.039738286143
1098.6256035621202,1323.989579110243,1289.7845612606898
1098.5855822920967,1323.9717754403648,1289.4250865607887
1098.4804927551606,1324.1144871602653,1288.9709644591803
1098.3170362388641,1324.4082386730204,1288.45438137935
1098.128946869215,1324.8301600100897,1287.93291451022
1097.9595484555996,1325.3507890306425,1287.4796052875713
1097.847832844534,1325.9379498095598,1287.1627039124587
1097.8243063906762,1326.562417073371,1287.0300264586122
1097.9049279501266,1327.205629928869,1287.104323239187
1098.080717821763,1327.8603721554862,1287.381318008093
1098.3151175887058,1328.524642888657,1287.8282988063684
1098.555188752282,1329.2030759063427,1288.3927878417703
1098.7519594631844,1329.9125141041332,1289.0196097335963
1098.8779565940051,1330.6730495689671,1289.6614825317815
1098.9293872454098,1331.4928169342725,1290.2825715362958
1098.9169521043318,1332.3675939015834,1290.8637949514234
1098.8583061416393,1333.2904730819223,1291.4043482173029
1098.7744462168157,1334.2550908563671,1291.911563039109
1098.6854478553853,1335.2530109614486,1292.3893485850228
1098.607584052523,1336.275051017722,1292.8387229444663
1098.5534606441172,1337.316419761468,1293.2636212124455
1098.5297205559423,1338.380546414246,1293.669872562311
1098.5367283587857,1339.4757827540511,1294.0605257677487
1098.5734357786941,1340.60615128035,1294.434440038872
1098.6382841602488,1341.7679536308906,1294.7875976739447
1098.7290380534262,1342.95303821948,1295.1146994032624
1098.8451056334645,1344.1478443551503,1295.4080073919438
1098.9847686092585,1345.3265516268425,1295.6495698844958
1099.1394789584426,1346.451562231255,1295.8032221501164
1099.2917666895803,1347.4893651914842,1295.8197500761223
1099.4159286071394,1348.4261340998878,1295.6539371249614
1099.4794537120463,1349.2685157265898,1295.2807507597652
1099.448463384101,1350.0347819870387,1294.704066040975
1099.2988366674174,1350.7422999158225,1293.9542996915184
1099.0257257272087,1351.3950181612263,1293.077397414974
1098.6465374588831,1351.9803656288705,1292.1274753215132
1098.1964627285656,1352.4779112099206,1291.1622656559653
1097.7167668556015,1352.8695328348201,1290.2301118479186
1097.2411923289503,1353.1471562129896,1289.3545904993193
1096.7843671297935,1353.3186859040754,1288.5315738704335
1096.3383405797028,1353.402541202659,1287.7389284534727
1095.883834955247,1353.414385795974,1286.9475664878416
1095.406528988691,1353.3648363184261,1286.1294960060322
1094.9018135549225,1353.265565768169,1285.264969183749
1094.368130508983,1353.130972650862,1284.3446523171474
1093.8054560141532,1352.9768114719338,1283.366795604596
1093.2235363079292,1352.8178757240069,1282.339306812755
1092.644553002728,1352.665268967501,1281.2847344540737
1092.095561441443,1352.5269773447683,1280.2367033692597
1091.6033808137672,1352.4092850862962,1279.232681637097
1091.1966983593104,1352.314265874136,1278.3112477446098
1090.906503287589,1352.235898841037,1277.5085180969832
1090.7594385247241,1352.1616201469346,1276.8526996941
1090.7683202480005,1352.0801744262308,1276.3597242822277
1090.925446143556,1351.990860562766,1276.0299638230763
1091.2019942334211,1351.9083083848113,1275.8502382548895
1091.5567984171364,1351.8525667954852,1275.7997785395241
1091.952912534015,1351.8293703043742,1275.8547232578726
1092.3685445293763,1351.8255309122346,1275.993126013933
1092.7943845156283,1351.8217111157696,1276.199357634959
1093.2274736815584,1351.8015387447883,1276.463356162527
1093.6678506283806,1351.7520898506991,1276.7777354492086
1094.1153996656217,1351.6634951201754,1277.1388534855673
1094.5687353464305,1351.5285642262634,1277.549416188785
1095.0253373994167,1351.3415848892794,1278.0122252736273
1095.4806238861318,1351.1012898875686,1278.516628217057
1095.928028440656,1350.8176284258625,1279.0346088819792
1096.3575626026695,1350.5127698288638,1279.5333338049977
1096.7525716086748,1350.2145375186296,1279.9923773138005
1097.0923223422012,1349.9460476844965,1280.4107607108122
1097.3623254971424,1349.7151481021956,1280.8020363114415
1097.5665440974437,1349.5112012760096,1281.188424918899
1097.7325993855509,1349.3083686031334,1281.5952783729915
1097.9022110284159,1349.0703977678372,1282.0344981692083
1098.1089207266768,1348.7622478851338,1282.4823804047724
1098.3580684463013,1348.3729787469795,1282.8776533090152
1098.6227140157057,1347.9388343203332,1283.1503169969524
1098.8525506812152,1347.5395854903538,1283.2606711397366
1098.99256954691,1347.254935760495,1283.2242095572524
1099.0127393285748,1347.114859560811,1283.1171503704
1098.9322239923881,1347.087045508229,1283.0609857307113
1098.820177975258,1347.099893337448,1283.1834978227498
1098.7754869320509,1347.0746648810502,1283.5692705329973
1098.8947454941263,1346.9507778679776,1284.2213014160466
1099.2402737877917,1346.7025748927085,1285.0524351092527
1099.8227459245386,1346.350486902777,1285.910158626534
1100.604604069032,1345.9589192808303,1286.6158083727994
1101.5189301218618,1345.6137092596337,1287.0015441490725
1102.4910973245599,1345.3943177819303,1286.9429886030782
1103.4516944365369,1345.3563865891763,1286.3808457457512
1104.3432014281161,1345.5219677143787,1285.3222247207966
1105.1296675041988,1345.8770901531361,1283.8306110710414
1105.8072690312188,1346.3789748394959,1282.016144408066
1106.4082629345862,1346.9695736853741,1280.0216436702976
1106.9931211608264,1347.5919514051484,1277.9987921246905
1107.631208484787,1348.2010595233644,1276.080319890374
1108.38309287413,1348.7658303358007,1274.3636666549198
1109.2920227474658,1349.2686350752583,1272.9107659209528
1110.3760229706693,1349.7027830500167,1271.750625618751
1111.6167203481702,1350.0695482454328,1270.8815392414724
1112.9522460843305,1350.3792925451257,1270.2818964161254
1114.2834830540753,1350.6551759110612,1269.9243734393451
1115.49670376455,1350.9287253633604,1269.7759679136475
1116.495454968241,1351.225595420841,1269.7885052682036
1117.2278238760764,1351.5639364949557,1269.907088547765
1117.6947102815147,1351.9666911576091,1270.0928774160486
1117.9361559182282,1352.4580361294124,1270.3287736920056
1118.0102629754028,1353.0478215129642,1270.6104284246478
1117.9800910363685,1353.7296474272762,1270.9442484669855
1117.907996986841,1354.4873116919255,1271.3468776783716
1117.8494620434028,1355.2998794334626,1271.8350853673596
1117.8450041070228,1356.1501867326076,1272.4148207156252
1117.914055202432,1357.0301295276,1273.0784384909423
1118.0542015760109,1357.9351499412192,1273.80810506721
1118.2466354753149,1358.860007574363,1274.5819549126713
1118.4664212514176,1359.8013732430725,1275.3767158378957
1118.694377085478,1360.7537508911032,1276.1652562907832
1118.9234328996786,1361.6987426513256,1276.9170371754944
1119.1531799477007,1362.6046989789093,1277.5990009818418
1119.379326871081,1363.4436254700738,1278.1743623967284
1119.5881472508295,1364.2124082605853,1278.608253385766
1119.754545683861,1364.937539914581,1278.8778981252067
1119.8447630542348,1365.6601588249935,1278.9800911300254
1119.8286506608647,1366.4167901270694,1278.9372120386158
1119.6957989680686,1367.2248774733544,1278.799534570812
1119.4654657316298,1368.0726821306166,1278.6382287295223
1119.1832899502706,1368.9173127685124,1278.5279101766755
1118.9057227987973,1369.6948212787327,1278.5246377430615
1118.6822877103784,1370.3385716499117,1278.6479854671838
1118.5432034118749,1370.7990123269788,1278.8704081405863
1118.4947776608471,1371.056478102324,1279.1181015326038
1118.520147095171,1371.1212180651164,1279.28868074086
1118.580084096392,1371.0226506949598,1279.2781402082728
1118.6175132938004,1370.7968997173443,1279.0044002337395
1118.5725310125622,1370.482138478777,1278.423532088666
1118.399162053098,1370.1179560815658,1277.5365279863447
1118.0705457385343,1369.7394970655919,1276.3817328090222
1117.5786401252788,1369.3730446446712,1275.0189509143092
1116.9380243761748,1369.039882697224,1273.521212887988
1116.187511105591,1368.7590446503584,1271.972952142493
1115.3821481372836,1368.5439291093637,1270.4620119609483
1114.5801166342872,1368.398145725454,1269.0710343140972
1113.835071825127,1368.3128967036776,1267.8752228707558
1113.1932190482198,1368.2676254779508,1266.9385241292707
1112.6846093694671,1368.2379642814774,1266.30722921526
1112.3108926273758,1368.2042340208263,1266.0048802097238
1112.043413856974,1368.1529530589803,1266.0283517681107
1111.8336300940211,1368.079254229564,1266.3515386809463
1111.6235988208962,1367.988707604367,1266.9341559215816
1111.3547593646545,1367.8890577920743,1267.7249529489582
1110.984233939074,1367.7832322266763,1268.668560070817
1110.5005827371938,1367.6716658807427,1269.7209639437121
1109.9227097657363,1367.551635212043,1270.8548707067011
1109.2888467869648,1367.4146319807794,1272.0512449398284
1108.6462457297628,1367.2509120305388,1273.2902382887808
1108.0376108173193,1367.0552343876884,1274.546605732181
1107.4894554946998,1366.8317370726431,1275.7917773885017
1107.0070496535945,1366.59779217117,1276.998341719756
1106.5724822955267,1366.3811915334832,1278.1431168461
1106.1542680398898,1366.2128736812906,1279.2146159561428
1105.726512278791,1366.1155451876411,1280.2206290343127
1105.2793649265875,1366.0888785440975,1281.1862313065537
1104.8182692179735,1366.1025599733528,1282.1406178251746
1104.3589680411249,1366.1054462283514,1283.0956520479476
1103.9174508245108,1366.050643164247,1284.0273922259987
1103.4932057046065,1365.9256535519692,1284.8749662744324
1103.0535982507565,1365.7645080173127,1285.561404234681
1102.537234237333,1365.629988878988,1286.0286593677938
1101.885213264882,1365.5802821672612,1286.2712900257966
1101.0800403694034,1365.6395051205982,1286.3499165224432
1100.1593891887346,1365.7841818172205,1286.371081129497
1099.19909168397,1365.953085513213,1286.4421680519517
1098.2878618114794,1366.0738863562594,1286.626354600368
1097.5041375994042,1366.0924759828306,1286.9185343887932
1096.8906584101012,1365.9960375438045,1287.2523691224542
1096.4394726615124,1365.8183882964172,1287.5290614302523
1096.1021282727804,1365.6212490408057,1287.646210091325
1095.8123532086372,1365.4658413781592,1287.5212504341764
1095.5040713610283,1365.3942318120326,1287.1123369203724
1095.1247978113083,1365.4230312421512,1286.4267594056757
1094.643853506218,1365.545223005458,1285.512797695479
1094.0534876825461,1365.7417967450629,1284.4448982508384
1093.3683831161334,1365.994545633626,1283.3057580046195
1092.6206476715074,1366.2878344622934,1282.1680614161926
1091.847751660149,1366.607335101507,1281.0859902835862
1091.0862718551614,1366.9446825413243,1280.0987629455499
1090.3735228819007,1367.3010044658597,1279.2372185658573
1089.7461949027406,1367.683442537926,1278.5253164725498
1089.23453342761,1368.0988884877206,1277.9782941014369
1088.852228873436,1368.5480983874215,1277.6015591532403
1088.587443322283,1369.0234396361354,1277.3908317595894
1088.4071309463404,1369.5170577104186,1277.3347969269469
1088.27189903731,1370.0300668080502,1277.4184023451376
1088.1507428355785,1370.5678340515126,1277.6254490812746
1088.0272591265887,1371.1285805560437,1277.9413718011865
1087.8923955553548,1371.6997718312698,1278.3540861798283
1087.7354616038353,1372.2657820119755,1278.8538538828177
1087.5474632084718,1372.8160235437795,1279.4341550156626
1087.3260157035988,1373.3407181146495,1280.0930274179732
1087.0694990991794,1373.8240532693908,1280.8347290435502
1086.7734963073015,1374.2508095073852,1281.6689518912572
1086.4359259819848,1374.6148998885442,1282.6034248179183
1086.0580072190246,1374.913727931887,1283.6306037770016
1085.641224906571,1375.1423571651992,1284.7214879817939
1085.1886890973344,1375.2992253869434,1285.8378480065994
1084.7072327720705,1375.3909172972935,1286.9518701533314
1084.2068011597703,1375.4276767057222,1288.053569426099
1083.700021955524,1375.414091766043,1289.1407435789067
1083.2017374865147,1375.3467795600552,1290.2062406117907
1082.7273264657379,1375.2245893747013,1291.233557642161
1082.2890426427803,1375.0607164844118,1292.1981400911827
1081.889413140573,1374.8876599665177,1293.0744891475576
1081.5156020574336,1374.754228931658,1293.8471411771532
1081.1434240445753,1374.7125516198066,1294.52226482588
1080.7556658309709,1374.795183581034,1295.1342434231842
1080.3621994506127,1374.9963944385406,1295.7365395287914
1080.0016212806042,1375.2726574791357,1296.380932553414
1079.7235361632738,1375.5581028843924,1297.0969584152094
1079.5678964713588,1375.7849178883682,1297.8767011262826
1079.5515247705043,1375.9016061117916,1298.6705412492895
1079.6632784934322,1375.8806773308165,1299.3943929441687
1079.8679018170849,1375.7171813823138,1299.9446093517677
1080.1135326891815,1375.4259956956128,1300.221112377073
1080.336777588589,1375.035405032411,1300.1530263054756
1080.468635185321,1374.5716258747266,1299.7132161444615
1080.4491477057431,1374.04623354359,1298.9174973849956
1080.2466203761235,1373.462694260884,1297.8164731511258
1079.8670036913138,1372.8309374676246,1296.4857384760446
1079.3497779491884,1372.1671785241647,1295.012970087385
1078.7559643964203,1371.4836711847524,1293.4833548570168
1078.15221088188,1370.7879096778393,1291.9708368714812
1077.5986418734983,1370.0893357611626,1290.5383098676675
1077.1459136170738,1369.3989740071638,1289.2402186969623
1076.8364613081596,1368.721848982087,1288.1206484327504
1076.70210256268,1368.054519341681,1287.210398831259
1076.7552756001376,1367.3927441656315,1286.5292940561528
1076.9811685453542,1366.7385359476702,1286.0864567694834
1077.3411439819124,1366.099226626456,1285.8729531234615
1077.7852620676706,1365.485407161796,1285.8595622193543
1078.2634985374675,1364.9086878916044,1286.0048002224682
1078.7327165656156,1364.377428784049,1286.264738794604
1079.1623928787649,1363.8972636022627,1286.602135408117
1079.5407057340913,1363.4727772180481,1286.9936740153544
1079.87660156003,1363.1046399238671,1287.4310250913118
1080.191769899898,1362.7884512097025,1287.915334847346
1080.5081997061816,1362.5141685421643,1288.4492968117793
1080.8400157710016,1362.2639771105053,1289.0275039120602
1081.1897086717595,1362.0182765962702,1289.6272562402942
1081.5476496984422,1361.7700855002363,1290.2092280324139
1081.8938657310873,1361.5300848312556,1290.7278147705895
1082.2015419447007,1361.3178310651588,1291.1438196447875
1082.4400406631976,1361.1557465741475,1291.4378878418906
1082.57715011008,1361.063368737504,1291.6195717830426
1082.5911204148094,1361.0380956397169,1291.723205247061
1082.489378893405,1361.041565028154,1291.7920774591767
1082.3093181422405,1361.0165182231726,1291.8597277496867
1082.0941096713211,1360.9202218757864,1291.9326962450928
1081.8630215616033,1360.7455813896847,1291.9822298698919
1081.5967497974507,1360.520055191523,1291.956944297004
1081.2478040103106,1360.2881384850596,1291.8146098498805
1080.7696291723912,1360.0880340212807,1291.5524810219595
1080.1434276753762,1359.9349013585268,1291.2146679880398
1079.3876319795431,1359.8177165032166,1290.8733935685423
1078.549891131701,1359.70353893377,1290.5974451757743
1077.6893717316552,1359.5448514644854,1290.426816330108
1076.8579229276388,1359.2972906263653,1290.3667848287218
1076.0848826174606,1358.9416466210876,1290.3949977710006
1075.3732488501819,1358.4885089348322,1290.467841052935
1074.7101920658156,1357.9633405031477,1290.5289997832592
1074.078238306251,1357.391762669412,1290.5267685613835
1073.4588657194806,1356.796461387715,1290.4295954887812
1072.835535867193,1356.203281336106,1290.2291588052674
1072.1982368627955,1355.6482527136334,1289.9336117708583
1071.5439125963285,1355.1744533067153,1289.555037906488
1070.8739884685715,1354.8213252267203,1289.0990157487272
1070.195650433246,1354.6176283171098,1288.567265302852
1069.5248937940728,1354.5797535855932,1287.970981987357
1068.8846110175573,1354.713850005492,1287.3417906661982
1068.299971001296,1355.0147537995272,1286.7304075817508
1067.796968011793,1355.4589770485127,1286.1941715948649
1067.4035706445895,1356.007253747339,1285.7851278296105
1067.1476715811773,1356.6173950153848,1285.5443489076802
1067.0456160432516,1357.250988362247,1285.4951422033976
1067.0857926469926,1357.8785553012547,1285.637286685936
1067.2231251939425,1358.4873597047856,1285.9518261875987
1067.3906440117808,1359.0784364750857,1286.410067906964
1067.519104324724,1359.6557907479803,1286.9787920865829
1067.5562424716136,1360.2215818686,1287.6256576277992
1067.4782360753695,1360.7780091085176,1288.3262067376957
1067.2861121275882,1361.329425541317,1289.0666544038081
1066.9962937489088,1361.8797402256478,1289.8404025421692
1066.6368959446986,1362.4278284416905,1290.641789316273
1066.2424795226011,1362.9696248473547,1291.461144356531
1065.8453616115144,1363.5062447980786,1292.285002091187
1065.471216763826,1364.0466862977848,1293.1002609528387
1065.1361924095872,1364.6032168162474,1293.8985363878635
1064.8454635015305,1365.1862513668461,1294.682481921829
1064.6002341716562,1365.7956508251623,1295.4689987623801
1064.4108690800006,1366.4105239076748,1296.2782928638444
1064.3018312258027,1366.9953602095086,1297.117308568928
1064.2980357279416,1367.5228955584287,1297.9732305553985
1064.4051427061459,1367.9876976141759,1298.8173887040582
1064.6056634837819,1368.3994612829338,1299.6166550345338
1064.8741054621437,1368.7738290594414,1300.3456112331178
1065.1931189546083,1369.1307487756956,1300.9876177476533
1065.5521894869728,1369.4920120319143,1301.5273779917586
1065.9351959386572,1369.8766480203474,1301.9488010422133
1066.3187183967718,1370.3004180442165,1302.2440168607168
1066.6829153590602,1370.7767059195128,1302.4239316068679
1067.0193305037553,1371.312606786006,1302.5160066177648
1067.3323599810376,1371.9020234433563,1302.5511214315493
1067.6391342400548,1372.521603931347,1302.5523956084785
1067.964867660979,1373.1352339294212,1302.5295931157207
1068.3315902965687,1373.7074626768697,1302.4739365536302
1068.7463642476614,1374.2154936942275,1302.3541703507155
1069.19714776234,1374.6519852011995,1302.1246591153777
1069.657838466052,1375.0219891440581,1301.7459148082976
1070.097975921294,1375.3385413827668,1301.1997871054484
1070.4917598350046,1375.61713030573,1300.4914961332283
1070.821964928428,1375.867953363026,1299.6479604238796
1071.08122942509,1376.0900374574303,1298.7141509643677
1071.2743248281788,1376.2728358880026,1297.7419351043927
1071.4158735797673,1376.4033270906414,1296.7765834775557
1071.520457369904,1376.472847746385,1295.8506617616963
1071.5934443072151,1376.4806531364297,1294.984899885799
1071.6297461884092,1376.4342172225613,1294.1913349566316
1071.618091477809,1376.3477042356976,1293.477814514888
1071.548382788894,1376.2421922253184,1292.8523489891484
1071.419937683654,1376.1433341225243,1292.3256710897933
1071.243774209568,1376.0676215186352,1291.9121295173143
1071.0390248378624,1376.0130431793937,1291.6300733404257
1070.8301991314484,1375.9701572914191,1291.5012369176154
1070.6471931644012,1375.9338875149806,1291.5445567056688
1070.525471722233,1375.902489264925,1291.7664879639767
1070.502940166573,1375.8756057465773,1292.1588819305982
1070.611329669341,1375.8536678138819,1292.704366515195
1070.8659998130001,1375.8361220549662,1293.3761102908788
1071.2632487985727,1375.8230381425383,1294.1314817418765
1071.785285693572,1375.818424850444,1294.9141323523918
1072.403406867315,1375.8317546647945,1295.6666675408724
1073.0783822635628,1375.8750133572933,1296.3398259188082
1073.7651944424815,1375.957110460205,1296.8955494580446
1074.4235532646403,1376.0833207020946,1297.314514562638
1075.027473272576,1376.2538957563356,1297.6059775357667
1075.5667375939538,1376.4551800046747,1297.8084751338226
1076.0442024678234,1376.6529482896622,1297.9782755129654
1076.477071637924,1376.7956252751155,1298.1679233445013
1076.8924018618068,1376.8293661017178,1298.397577181524
1077.3048671394622,1376.725892720096,1298.6329824422025
1077.692716458084,1376.5103469625842,1298.7954545235966
1077.9966031592135,1376.2622933956352,1298.8079033759543
1078.1453692023456,1376.076925419682,1298.645907469701
1078.09700743419,1376.0130494034524,1298.3598501411407
1077.8721013350466,1376.069472943855,1298.0553507345003
1077.5533623828314,1376.1991460800432,1297.84112865951
1077.2518093518709,1376.3429890281693,1297.7731992050576
1077.0675257025368,1376.4651486734697,1297.827563923451
1077.0613263410664,1376.5715352486147,1297.910973642224
1077.2378113490295,1376.7024105875785,1297.8965737892258
1077.5459998226543,1376.9095379740438,1297.6663528824495
1077.8994866683029,1377.233003634063,1297.1471355090791
1078.2065836671745,1377.6858705720772,1296.3311516149472
1078.4015268308115,1378.2503764622074,1295.2727106143807
1078.4630712993082,1378.887056228223,1294.063898149311
1078.4089382048678,1379.5520952793433,1292.808159713276
1078.2776474740833,1380.208680940915,1291.6000292035515
1078.1143332150482,1380.8287287074104,1290.5084845539973
1077.9599410033807,1381.396616810416,1289.5715077481952
1077.8425013460253,1381.9126203156193,1288.801834602296
1077.775757432389,1382.3875977965965,1288.1913752489256
1077.761209871975,1382.8368051581294,1287.7169412296257
1077.7882417274877,1383.2803973856962,1287.3539719421394
1077.837219876131,1383.7431182525804,1287.084103730539
1077.886185089172,1384.24818324042,1286.8876134067064
1077.915904043922,1384.8136211462802,1286.7364674389828
1077.9144822967824,1385.454776459756,1286.602073424969
1077.8818385246818,1386.1858002586846,1286.4702961568041
1077.827814167793,1387.016033381041,1286.344662182962
1077.7653536790965,1387.945356902734,1286.235069637709
1077.7092707158993,1388.9631450440797,1286.1505730746467
1077.6808125398245,1390.0501256259788,1286.1026077564618
1077.707514215049,1391.1811044361666,1286.1059807777938
1077.8163036371561,1392.3289272131592,1286.1736305907218
1078.0246431653727,1393.4687983296628,1286.310008323982
1078.3301075252955,1394.580977115702,1286.5058588874979
1078.704561093006,1395.656343834598,1286.7432146920041
1079.1027793863302,1396.7032530339036,1287.0102243607116
1079.4805211222188,1397.7370582159474,1287.3043934336586
1079.8123816087138,1398.7570346683683,1287.6214584679776
1080.1020202646616,1399.7418582851187,1287.9471372740616
1080.3740219906906,1400.6649029556174,1288.251672411726
1080.6526114032645,1401.5096978498534,1288.4873767271438
1080.9451615502514,1402.2802494458067,1288.5986534112226
1081.2360007013665,1403.0051636453911,1288.5403356632214
1081.4907538684824,1403.732114501856,1288.2943799471093
1081.6720326620823,1404.5092936547626,1287.8787399725773
1081.7599369119387,1405.3584105951516,1287.3443044894564
1081.766030996517,1406.261471889774,1286.7619212614982
1081.7325412496243,1407.1722593850461,1286.2038623018407
1081.717629321004,1408.0356714593083,1285.7236816686
1081.773499341197,1408.803712256717,1285.341422036749
1081.9282559144094,1409.447429455825,1285.0388033194781
1082.1800966776962,1409.9605417194475,1284.763607599649
1082.5002498939496,1410.3538093332324,1284.443480814707
1082.840496143933,1410.6429736098385,1284.0077693092192
1083.1451099545932,1410.837790853103,1283.407403758956
1083.3633850057572,1410.9411495432794,1282.624577980077
1083.4592693622167,1410.9551217255062,1281.6726636852159
1083.4173446143895,1410.8831811909695,1280.5873224495533
1083.2453688780738,1410.7269683159077,1279.4124654620855
1082.9709089504772,1410.4856332734703,1278.1871255328638
1082.630417530588,1410.1615348955927,1276.9382156167153
1082.2588208661648,1409.7678215100782,1275.6863541076727
1081.8871165174608,1409.3312468210213,1274.4613489730705
1081.5433573467424,1408.8838653138162,1273.3085736844964
1081.248455430457,1408.4459269943998,1272.278145375461
1081.0128084156433,1408.0186603538361,1271.414141848105
1080.8457191722753,1407.596664481067,1270.758969834446
1080.7643766254632,1407.1796376558939,1270.357418803602
1080.7846654186828,1406.7685068000567,1270.2401056509884
1080.9071742810795,1406.3600288498187,1270.4018882603805
1081.1170997425975,1405.9501015765945,1270.804367176946
1081.393053665665,1405.537157620617,1271.396290793436
1081.7110020293983,1405.120850537827,1272.1246190275647
1082.0419157330866,1404.6999157601704,1272.9350962877693
1082.3512703521133,1404.27154342291,1273.777981304413
1082.60208760402,1403.8355257869023,1274.6144428682937
1082.7593039727021,1403.4023033922313,1275.4156025380396
1082.7965363681033,1402.9913188499906,1276.1595842297609
1082.7016643102213,1402.6182543012255,1276.8285648529168
1082.4761977729665,1402.2910821574394,1277.4095153797227
1082.1299203181318,1402.0168024198401,1277.8985498538582
1081.6750761378455,1401.802471704234,1278.3032379777474
1081.1237389024282,1401.6484360701745,1278.6498408046104
1080.4926790280276,1401.5413022211098,1278.9898588461565
1079.8127710298165,1401.4511902929878,1279.3839763008173
1079.126493851033,1401.336186775299,1279.869443326278
1078.4669344543217,1401.1589419173752,1280.4390454519157
1077.834077478522,1400.9127069623466,1281.0454892825
1077.1856979064537,1400.632939941503,1281.62787926362
1076.4510834103696,1400.3749669178603,1282.1467100633056
1075.5661440686752,1400.1758847561377,1282.6083604981654
1074.5137824717017,1400.0352299289984,1283.0655258273102
1073.343025935997,1399.9220275774494,1283.5899344954507
1072.1498791717931,1399.7957016457967,1284.2285331256728
1071.0321627969804,1399.6326162388339,1284.967792688957
1070.048857662951,1399.443134036807,1285.7247635679987
1069.204089106453,1399.266057961525,1286.3671759538888
1068.457638921504,1399.152009905857,1286.7519280272684
1067.7487331826744,1399.1491563607294,1286.7653844951844
1067.017184714258,1399.2883275916806,1286.3534789390612
1066.2195461786473,1399.5685228526622,1285.5345372076965
1065.3414562283742,1399.9550967825187,1284.389516835631
1064.401880230833,1400.3925099637954,1283.0348297949129
1063.4472568993622,1400.822488614427,1281.59641611729
1062.5368903663084,1401.2008811150017,1280.1941274332783
1061.726876706621,1401.5047634628256,1278.9281886269343
1061.0620548357845,1401.7298414539846,1277.8693640073375
1060.5709431058715,1401.8879970574253,1277.059719121662
1060.2568532206462,1402.0043779057444,1276.515373412803
1060.095818898399,1402.1113617016447,1276.2272155275596
1060.0449433372196,1402.241634386416,1276.166846228641
1060.0505945237057,1402.4204951481297,1276.2956365376676
1060.0569817503574,1402.6633738869552,1276.5716218251755
1060.0200006259279,1402.980487788124,1276.9536919109528
1059.9193815487467,1403.3799383187834,1277.4027621457428
1059.7593149123848,1403.8676787576976,1277.8844080122508
1059.557437813006,1404.4439486044064,1278.374499418128
1059.3346290466698,1405.0987102215115,1278.862761543708
1059.1145476582876,1405.8169777319824,1279.3522163249904
1058.923110721149,1406.5855221772845,1279.8514825951322
1058.7797410636056,1407.388633515921,1280.3620261201547
1058.6889351986308,1408.2072757216724,1280.873601499744
1058.6404291514484,1409.0284503610299,1281.3702172124938
1058.615319178025,1409.8495829847623,1281.8346818657744
1058.5928094901499,1410.673392224704,1282.250625331217
1058.5588737742341,1411.5000637023343,1282.6095366614322
1058.5172133703536,1412.3190597746616,1282.9160031037688
1058.4932879627906,1413.107505497893,1283.178867324808
1058.5237830627104,1413.8427675290422,1283.3941582234086
1058.6386017559025,1414.5171295983498,1283.536459070014
1058.8488728835164,1415.138342686722,1283.5662054846753
1059.144412897918,1415.7241536713082,1283.4464839078187
1059.4971533662006,1416.303944522128,1283.1559275354705
1059.8690059080388,1416.9176825146442,1282.694247513202
1060.2225016807477,1417.6014016551503,1282.0873378903716
1060.533013242477,1418.3694162593345,1281.3875342609253
1060.7996840198673,1419.2090858945653,1280.6607819446986
1061.045723655563,1420.0909210069026,1279.9661751455008
1061.3049192991352,1420.982284502463,1279.3383272761512
1061.604512221778,1421.8550372538475,1278.7802394676999
1061.9532984669884,1422.687987661525,1278.267058207717
1062.3365069744539,1423.4673501746709,1277.75616551569
1062.71995279348,1424.185187528472,1277.1989078718375
1063.0628998944342,1424.8350378599305,1276.5496981858578
1063.3286202319002,1425.4106201591503,1275.775991772513
1063.486255161132,1425.9103213950489,1274.869960246858
1063.5115962768675,1426.3407167724852,1273.852629689684
1063.3946110111842,1426.7168906520951,1272.768211609181
1063.1485428885762,1427.0585034221208,1271.6732002408482
1062.8088592239874,1427.3824123656755,1270.6256372198714
1062.4231879919057,1427.7006140811131,1269.6799966345661
1062.042021608541,1428.0232992201027,1268.8859992220803
1061.7116798734526,1428.3591195654874,1268.2877822372825
1061.4695379968641,1428.7128259929148,1267.9218183526589
1061.343702125883,1429.0826096988135,1267.8099105214776
1061.352638801088,1429.457726027517,1267.9497763405243
1061.5028775383682,1429.8207531369587,1268.3151482556395
1061.7889180210857,1430.1548866006021,1268.8674184576068
1062.195371831279,1430.4482106123487,1269.5655675261198
1062.7023690106091,1430.6918058724686,1270.3678537786104
1063.2947866910006,1430.8752705636484,1271.2281262780918
1063.9684336685282,1430.9855403043396,1272.0945826448487
1064.726297890665,1431.0146825161532,1272.9187397959013
1065.567060762466,1430.9690115724463,1273.6629779251032
1066.4777634417837,1430.8688403402145,1274.2965667348299
1067.4344732446325,1430.7418672101621,1274.7912959035068
1068.4038973497393,1430.616497194234,1275.1234323118895
1069.3493223366368,1430.5188754473454,1275.2820799945353
1070.2441574120746,1430.4698693171704,1275.2792521125184
1071.0809372525368,1430.4747408187118,1275.1494797606397
1071.8692361954634,1430.5146595186425,1274.9420274685174
1072.6313555811503,1430.5516980493169,1274.7126311197856
1073.399508295046,1430.540736072655,1274.5063041701894
1074.206338339878,1430.4404508318182,1274.3359272173943
1075.0668304278506,1430.2249732219952,1274.1757638920267
1075.9632309844894,1429.894454149199,1273.970471666939
1076.8464749879922,1429.478694351121,1273.6520921519304
1077.6531343639335,1429.0305303824116,1273.1697072952293
1078.3271690403174,1428.605036591849,1272.524782998283
1078.8430183508701,1428.2316329550476,1271.785233739076
1079.2223985705762,1427.9014202114677,1271.0660503793977
1079.5325136637778,1427.5758807298632,1270.4879586765715
1079.8675555986983,1427.2051244854201,1270.1334119277396
1080.3209504511824,1426.7524554564372,1270.022245263708
1080.956109555268,1426.2167412103245,1270.112487185094
1081.7867961703264,1425.632740687704,1270.312144263393
1082.7750340381033,1425.0547816334886,1270.5007035936394
1083.8481729952925,1424.5441609985978,1270.5658906771685
1084.9249170384896,1424.1580196481386,1270.4386511208506
1085.9383139464937,1423.9332543383384,1270.1058816952182
1086.852328672361,1423.875370521659,1269.6042756254992
1087.6684140420346,1423.9612018010646,1269.005830654557
1088.4219222470667,1424.150190828068,1268.3979484735128
1089.1711114937116,1424.3967811183609,1267.8634391852868
1089.9784384410127,1424.6635365020388,1267.4664473752437
1090.8891744216317,1424.931532833089,1267.2470285425152
1091.9166060519913,1425.2000730040438,1267.2236734244357
1093.0404791118133,1425.4759826000627,1267.3964908720907
1094.2170965755165,1425.764142005832,1267.7487658549016
1095.388780912368,1426.0673616625522,1268.2503366184185
1096.4903575880348,1426.3914667680149,1268.8645114864962
1097.4623364135757,1426.7474689962398,1269.558525661214
1098.266361546281,1427.1460163379234,1270.3061323715558
1098.8924260398067,1427.5888932565256,1271.0777452989057
1099.3566388813808,1428.0675352845278,1271.8372358377521
1099.6917124525303,1428.5698900440448,1272.5539368527259
1099.9362638046216,1429.088800389276,1273.2138418552918
1100.127223027321,1429.6256925161988,1273.8162757813575
1100.2939617541656,1430.1880422204715,1274.363700162008
1100.4573956421996,1430.7798554275082,1274.8593878934462
1100.6365942094296,1431.388181232197,1275.309035048781
1100.853451701283,1431.9770047369575,1275.7142846240583
1101.126880121958,1432.4951537565096,1276.059684641691
1101.4614074833903,1432.8962416802656,1276.3044823661808
1101.8388787568535,1433.164594419711,1276.3880987779314
1102.2175865622962,1433.3333188546617,1276.2515984305373
1102.541881707361,1433.4756804800406,1275.867544430733
1102.764048462118,1433.6691209330465,1275.2632912094919
1102.8691469971175,1433.961305203345,1274.5279625543221
1102.8846971569903,1434.359278811511,1273.7951801275804
1102.8706993680828,1434.8334051394318,1273.2023256755774
1102.9004846613068,1435.3281264846125,1272.849380113625
1103.039934473085,1435.78179850358,1272.776051523311
1103.329613016973,1436.15226708351,1272.9586483518847
1103.7725837599282,1436.432478224369,1273.3246284135719
1104.3302243262872,1436.643221913161,1273.7765381870877
1104.9339975832243,1436.8146899270992,1274.21895427045
1105.508784963759,1436.9738765862214,1274.5828457851585
1105.9919954984803,1437.137699259283,1274.8356255356596
1106.3463772245254,1437.312595492401,1274.9785405533867
1106.566475713832,1437.5005454631216,1275.0378394931427
1106.6737726031472,1437.7023539712327,1275.0495308958432
1106.7056592254773,1437.917749019663,1275.045962106754
1106.7056510467064,1438.1452356430605,1275.049820855585
1106.7134071056682,1438.3792186815256,1275.0710708369588
1106.7541346824555,1438.6076267492454,1275.1060630450304
1106.8343638470988,1438.8145395565466,1275.1409126799147
1106.9447990944404,1438.985816146445,1275.1586964423188
1107.0629917835756,1439.1129533640628,1275.1447944893764
1107.1570443241992,1439.193774502337,1275.0871595808226
1107.1951537794196,1439.232888731461,1274.9781581719792
1107.155811003693,1439.2410951269753,1274.8177403858451
1107.0313069348606,1439.2323957673834,1274.612779889224
1106.8254501320519,1439.2217519197943,1274.3750359135652
1106.552108435326,1439.2206664675693,1274.1172445510483
1106.2374753237982,1439.2293858955647,1273.8499630495494
1105.9207592999821,1439.2379850217753,1273.5866611561312
1105.6460193811622,1439.2368685361012,1273.3484816411908
1105.445454411641,1439.2195651985373,1273.156674132886
1105.32743012625,1439.1767395200804,1273.0224509374254
1105.2811816334795,1439.094387632465,1272.947624828161
1105.2897260228128,1438.9592290582095,1272.932506098314
1105.3349338802816,1438.7660461899895,1272.9810733413553
1105.3946605338735,1438.5193585593693,1273.0971958139937
1105.4426307383167,1438.226899529553,1273.2752627516204
1105.4532340881556,1437.8934202272328,1273.4972980862337
1105.4069102153392,1437.524317244508,1273.7441746427996
1105.294388615908,1437.1326340763644,1274.0119200416916
1105.1180027197884,1436.731827899423,1274.3158687959572
1104.8898498940214,1436.3200893960623,1274.6813343825215
1104.6279769369185,1435.8794529324175,1275.1288882725196
1104.3492808489734,1435.3884787633147,1275.6586327189843
1104.058519094756,1434.8349203617524,1276.2416910198092
1103.7378425958454,1434.2278575778118,1276.823880746202
1103.345297921051,1433.6062090289447,1277.344081509529
1102.828532982356,1433.0304268921413,1277.766755521036
1102.1511484603982,1432.5535807593974,1278.1076924492604
1101.3172480900491,1432.1911692857486,1278.4326713564224
1100.3770940088223,1431.915206140772,1278.8333423123
1099.4090145220232,1431.6726153148352,1279.3924966446623
1098.4886828781123,1431.405214404077,1280.1512169297416
1097.6654722955998,1431.0635557367925,1281.0939406425705
1096.955460881755,1430.6238169325911,1282.1567384525083
1096.343623490781,1430.098687705401,1283.245178236321
1095.7896588223098,1429.5272642629639,1284.2467156394328
1095.23924039907,1428.9583750095167,1285.0442260798598
1094.6356592903596,1428.4446844052502,1285.5435361040295
1093.9250898763082,1428.036285831323,1285.6996030807047
1093.060310429194,1427.7665777068746,1285.5210816382184
1092.0095209081812,1427.6453701553487,1285.0607200840225
1090.766352881333,1427.6626236617449,1284.4000937825547
1089.3548301891417,1427.7939940994434,1283.6291244449515
1087.8277776285413,1428.008894469742,1282.8310888103838
1086.2564036296237,1428.279661226532,1282.0775228426012
1084.7136464329776,1428.5863385880186,1281.4260304902766
1083.2611771504587,1428.9156622746866,1280.9190642183546
1081.943532141803,1429.256086968823,1280.5839834377714
1080.785826909705,1429.596442770366,1280.433608267862
1079.7902551586594,1429.9297059080523,1280.4659772145199
1078.9317296057882,1430.2564345873743,1280.665622489868
1078.1626386999747,1430.5854134405201,1281.0085568569293
1077.4300598702007,1430.9292677226756,1281.4642712675352
1076.6938553361736,1431.3001937083532,1281.9972830490838
1075.9362690786497,1431.7106663874445,1282.5768809410085
1075.1635840679949,1432.1714849059076,1283.185704942821
1074.4009906102635,1432.6856379163908,1283.8185062139269
1073.6824390184129,1433.2460654676977,1284.4759063939218
1073.039723085346,1433.8391657345785,1285.1587133482521
1072.4958009202312,1434.4501870409722,1285.868219564574
1072.0649232099904,1435.0681056904455,1286.609804763352
1071.750722049193,1435.6889047406767,1287.3898950455741
1071.5430670138185,1436.3161298442235,1288.207842779547
1071.4272960640562,1436.957387520066,1289.0539949861673
1071.396879875722,1437.616864327201,1289.9178726535854
1071.4565384141229,1438.2889064324038,1290.7971506442836
1071.6204458717461,1438.9552158217057,1291.696203959147
1071.9095234782346,1439.584720646564,1292.612543112764
1072.3474754457418,1440.1419385318256,1293.5207155591452
1072.9511382675273,1440.6062893780115,1294.3696335128495
1073.7146898350838,1440.989828629594,1295.0952066601242
1074.5987761726046,1441.339583926541,1295.6343598264436
1075.5350237896375,1441.7228789514197,1295.9393217848128
1076.4501967448928,1442.2019651320231,1295.9985922947442
1077.299190361415,1442.8081928838833,1295.8504340445486
1078.0810092161005,1443.5295257914086,1295.5697824830588
1078.8283199668413,1444.318975316491,1295.2384424845254
1079.5850376622836,1445.1152828035124,1294.9204882939287
1080.3856172780816,1445.859716149811,1294.645239465746
1081.2411576101151,1446.5044880680518,1294.397284173993
1082.1345690061196,1447.0185895527177,1294.1206239720793
1083.0244680012688,1447.3909830543791,1293.7349340909855
1083.853415491284,1447.6285259287772,1293.1564261735916
1084.5578985196914,1447.7503803426366,1292.3182130734274
1085.0798587914314,1447.779956861401,1291.1860031373312
1085.3759750791157,1447.7385873589976,1289.7642257112493
1085.4247707561133,1447.6444600251396,1288.0904382152046
1085.2341105331257,1447.5133291480965,1286.2262762759794
1084.8409541573667,1447.3603750368618,1284.2522235785807
1084.2982965440124,1447.202227947674,1282.26237905135
1083.6622602170644,1447.0555766196135,1280.3566412231098
1082.9908296646486,1446.9327119114305,1278.632588954476
1082.3464957577926,1446.8354697303605,1277.1757303170994
1081.7898332645386,1446.7539918158027,1276.0501347804761
1081.3663798355365,1446.6742730269334,1275.297346411061
1081.0983829913564,1446.5856259911807,1274.9374133027454
1080.9829565136556,1446.483592695033,1274.9613711185916
1080.992257508664,1446.369997572126,1275.3246568301463
1081.0796648942678,1446.2477049158465,1275.9564217902669
1081.1953798460406,1446.1159769919998,1276.78265946774
1081.302749111569,1445.9739743419864,1277.7452128809157
1081.3869095847954,1445.8246689736407,1278.8061436269606
1081.4559805608985,1445.6730916046783,1279.9446767334232
1081.5360018448127,1445.5243750029201,1281.1508686064528
1081.6591300252157,1445.3827165342122,1282.4118387003152
1081.8483364018145,1445.2508275990972,1283.699098399232
1082.1069709457051,1445.1360429303945,1284.9728367838284
1082.4167128558515,1445.0576593962812,1286.1952108207104
1082.7426651855994,1445.042305472277,1287.335324271408
1083.046423482954,1445.1133446861286,1288.3719367212893
1083.300714230976,1445.284447276491,1289.3031234230684
1083.49648792549,1445.552582955505,1290.1533517345806
1083.644349292573,1445.890962200601,1290.9674731992293
1083.7722896699343,1446.2519609092315,1291.7980257586223
1083.9168780670298,1446.5814815403562,1292.6944065908206
1084.109231293522,1446.8358672884303,1293.6882631783221
1084.3607628615418,1446.9926865054092,1294.7781997141892
1084.6557593948608,1447.0535468577577,1295.930534256546
1084.9572633116893,1447.0397478792877,1297.098367912995
1085.224333626386,1446.9791583581036,1298.2419352317713
1085.4299978104166,1446.890624506112,1299.3337949698662
1085.571192176145,1446.7809373713549,1300.3531971981652
1085.6674151730674,1446.654214189861,1301.278726726823
1085.7473280332229,1446.5216439455523,1302.076004095786
1085.8317095439515,1446.4077496628252,1302.6871878574614
1085.925644599766,1446.3508055170817,1303.0392759076756
1086.0193555176277,1446.3940674940873,1303.0669173368422
1086.0910749775571,1446.5723251792233,1302.7308296653048
1086.115163109202,1446.9031642584541,1302.0293776769015
1086.0757718303198,1447.3852714753361,1301.0041126430276
1085.9757017983475,1447.9989442835126,1299.7301961938065
1085.8354926598154,1448.7086324909783,1298.295031592843
1085.686726408979,1449.4704210575806,1296.7817274431397
1085.56188141017,1450.2434227232438,1295.264534898924
1085.4822913414364,1451.001556748469,1293.8060900482274
1085.4518095249325,1451.7397870920033,1292.4481797265832
1085.4599612314971,1452.4723474095463,1291.2057891555594
1085.4867122888893,1453.2260362112097,1290.0743362929209
1085.5070306615269,1454.0272572060396,1289.0420009825693
1085.4981563729777,1454.8875962934735,1288.0964257513604
1085.4430500991025,1455.8031429926416,1287.2286076381731
1085.3285608879137,1456.767184785926,1286.4379616092826
1085.1438271816905,1457.7787048165878,1285.7327313378269
1084.8800437621107,1458.8378731071577,1285.1207878611774
1084.532461402775,1459.9400209531582,1284.598749705584
1084.101698378734,1461.0813445423928,1284.1540155652888
1083.5901505115949,1462.2639290556735,1283.7768910119878
1083.0002621519543,1463.4860080424914,1283.4665652116078
1082.3387163853429,1464.735932935535,1283.2304183180295
1081.6182372114763,1465.998460926676,1283.0806230067165
1080.8536541238582,1467.2564825901834,1283.0255604622917
1080.0564235322688,1468.491605072243,1283.0637365630355
1079.2295315816993,1469.6911869089379,1283.1853399323231
1078.3671684118158,1470.8516900183874,1283.3759572799504
1077.465055978294,1471.9754405543295,1283.6227285044401
1076.5347976836165,1473.0653631970881,1283.9217479443025
1075.6088721022427,1474.1199665358586,1284.275800208481
1074.735374173677,1475.129225948248,1284.6800930658173
1073.968326999253,1476.0740587174785,1285.1082373473196
1073.3521151828922,1476.9374838279632,1285.5056283237457
1072.9018840948113,1477.7261019090013,1285.791995219664
1072.5933015414914,1478.4831698683201,1285.8812097076782
1072.3723446272709,1479.2764216372682,1285.7162941457138
1072.1825664344635,1480.1658465331934,1285.2983405178627
1071.9937468290286,1481.1730301814603,1284.6883604483005
1071.81334414492,1482.2708255601315,1283.9832166918368
1071.6777780998855,1483.3985099701297,1283.2863212113634
1071.6311933936292,1484.4881291854526,1282.6838453041807
1071.7004228842493,1485.4833976338753,1282.2214875381947
1071.879830415611,1486.3486227946169,1281.886488843332
1072.133834514167,1487.07096070953,1281.6130375794073
1072.4088704317264,1487.6560338337129,1281.3111965514931
1072.6444737086695,1488.1190318168206,1280.894563094122
1072.7817249037696,1488.476431764135,1280.2966519365991
1072.7721066111392,1488.7442185894777,1279.4847605920459
1072.5888452219303,1488.9395983157929,1278.4663002410732
1072.2350089453885,1489.0780998356195,1277.2785458478422
1071.7408567755035,1489.1722654138166,1275.9723341729778
1071.1531975022144,1489.2379973043082,1274.6036920572064
1070.5243144011843,1489.2967450243564,1273.2323415771034
1069.9057817868043,1489.369250214913,1271.9227025861856
1069.3471869213288,1489.46999225958,1270.7450385634972
1068.8926984475997,1489.6030442243382,1269.7694498956082
1068.5751355295824,1489.7610093792518,1269.0532570843045
1068.4137134564373,1489.9322636206707,1268.6330974305051
1068.4122938286773,1490.1087720056191,1268.5252032482301
1068.555532401359,1490.2887186788248,1268.729044087676
1068.8086889403567,1490.4752670393118,1269.2296641258454
1069.1273047997477,1490.6697913242463,1269.9982659485206
1069.4755457319754,1490.8689591986463,1270.9993652937583
1069.8374521739784,1491.073362541919,1272.2045032998385
1070.211703211735,1491.2916532792333,1273.5950193248295
1070.6027374146133,1491.5277825388264,1275.1517643869074
1071.0178103812034,1491.7662760905891,1276.84682943977
1071.4652537602378,1491.977883892716,1278.6417844037746
1071.9493832387673,1492.1433328791516,1280.493492045249
1072.4638165960075,1492.2688986644778,1282.3652321094173
1072.9887661141277,1492.3780753975293,1284.2316222104434
1073.4948841108921,1492.489570199586,1286.0745198010543
1073.9538932104294,1492.6033816131717,1287.8823232809414
1074.3525437559606,1492.7037679064515,1289.6600939204575
1074.6987477801524,1492.7654156860954,1291.433531981802
1075.0168408486804,1492.7556599618506,1293.2308259706745
1075.3375202729492,1492.6429593667467,1295.0550410069272
1075.6846032549304,1492.4096640161083,1296.866615383381
1076.0640723633812,1492.0593961767447,1298.5869219846468
1076.4579709731463,1491.6220717154881,1300.1214341223033
1076.822069869671,1491.153932848995,1301.3858619305934
1077.0967678529614,1490.7205747209955,1302.3266834697229
1077.2331994883866,1490.3672198085508,1302.9374542170526
1077.216811747526,1490.0976040657204,1303.264124565874
1077.074623632505,1489.87717257564,1303.3930961267233
1076.8644156276728,1489.6561109385354,1303.4263868943317
1076.6500542264803,1489.3921904711463,1303.4535347822975
1076.4763294916158,1489.058427846617,1303.5280711160894
1076.3584535156117,1488.640306280647,1303.6561291825913
1076.2873751883344,1488.1368784520528,1303.8053644119252
1076.240001191804,1487.5692627108724,1303.9290711954698
1076.1873710354075,1486.9811182372912,1303.9847107317673
1076.1011063739995,1486.4217867598063,1303.9371536453064
1075.9583642395744,1485.9306000909398,1303.7587111014495
1075.7435311236125,1485.5371314323675,1303.4342870180342
1075.4462816299342,1485.2689874966659,1302.9667878256473
1075.0615972535918,1485.1555085007112,1302.378642640177
1074.5961393541204,1485.2208434651955,1301.707553426404
1074.0725898888682,1485.4722155506952,1300.9989666979363
1073.520328622693,1485.8968184593655,1300.3048161441106
1072.9613018744628,1486.4679694774159,1299.68632607024
1072.4109794214073,1487.1515118177226,1299.2018660288563
1071.8871520348068,1487.9095151978288,1298.8842451593734
1071.4065590938947,1488.7090540380445,1298.737790758219
1070.972895931449,1489.5342735063841,1298.7519537783676
1070.5686840026203,1490.3872105891044,1298.9062008434978
1070.1567005350712,1491.2776116162902,1299.168492578307
1069.6921558651263,1492.2127769303902,1299.4990051156929
1069.139889002207,1493.1927335440755,1299.8604901997194
1068.4882897905427,1494.2073609230017,1300.2290025416235
1067.7516131102175,1495.2356001174362,1300.5996379204428
1066.9581524412863,1496.2547987617586,1300.9842723788886
1066.1359157690154,1497.2505256303778,1301.3943929258237
1065.3040954791838,1498.2160363707792,1301.825803129353
1064.4681867652653,1499.1501230014187,1302.26534252326
1063.622476479732,1500.0533810145084,1302.7002932640648
1062.7598432323805,1500.9226029393549,1303.119122817315
1061.8788302493965,1501.7517675160368,1303.5117802619545
1060.9857138404632,1502.5333802318164,1303.8631969296925
1060.0930588081735,1503.2568295585447,1304.1421956402048
1059.2122619081379,1503.917258481332,1304.3030787958876
1058.344498186928,1504.5325405518397,1304.3037715596604
1057.4794931678064,1505.1433934238303,1304.1255067902214
1056.606265681166,1505.791425482571,1303.7827933265187
1055.7289584756454,1506.4981647922443,1303.3245723230332
1054.8725048193642,1507.2569245757284,1302.8245562264663
1054.0762861184385,1508.0357500718762,1302.3609576753677
1053.3848101580245,1508.7873063914312,1301.9903544768542
1052.8355132998183,1509.4606372162002,1301.7263217953607
1052.4467942809858,1510.0186949989597,1301.5391414005549
1052.2119358556236,1510.4528908525526,1301.3708580685939
1052.097412533139,1510.777931780232,1301.150024213354
1052.047589040073,1511.0148366465144,1300.8048433106997
1051.9972834463351,1511.1787647791675,1300.2775101765392
1051.8858326399773,1511.2783936289766,1299.5414067558313
1051.668727493365,1511.323837649732,1298.6118801838775
1051.3262968793308,1511.331187555157,1297.5381737596113
1050.862946395749,1511.315350086631,1296.3830278899845
1050.2961999495815,1511.2819159247347,1295.2076293868588
1049.647946464517,1511.2320633667903,1294.0690573245588
1048.944086580283,1511.170186995273,1293.020260779033
1048.2156934832085,1511.100453073956,1292.1047917328387
1047.4947275288255,1511.0209412029596,1291.351599550849
1046.8054059516571,1510.9241921646374,1290.7737993422222
1046.156251322529,1510.7985466004693,1290.3696412980385
1045.5389003589607,1510.6313412455195,1290.128176895817
1044.9358069371747,1510.4187653481056,1290.0396619700898
1044.3292473190813,1510.169852737054,1290.096970636986
1043.7063992528572,1509.8962900421382,1290.2852159348113
1043.0638853082194,1509.6035421643655,1290.579559295078
1042.4124986959305,1509.2938263599463,1290.9559890792534
1041.7772217759727,1508.9705382602324,1291.3992824069364
1041.190187135513,1508.6379354067938,1291.903497213797
1040.681350018362,1508.3028603014577,1292.468971567646
1040.273636655601,1507.9793932290313,1293.0977729306767
1039.982789104008,1507.686976265627,1293.786906573988
1039.8151579662674,1507.4402478199158,1294.518359455842
1039.761847227886,1507.2467280834842,1295.2604089476526
1039.7971438491124,1507.1157901346264,1295.9852528735819
1039.883536791773,1507.0576828338526,1296.679616878905
1039.9805316604036,1507.0725398254338,1297.3445901390633
1040.0577685829517,1507.1468220236052,1297.9964009768926
1040.1051173393512,1507.2509724152746,1298.6581956562907
1040.1311328480597,1507.338387533122,1299.3422709437334
1040.151411562251,1507.364804933024,1300.0366282259993
1040.1687188541605,1507.3147090912923,1300.6966275780635
1040.1552150758475,1507.2086530138963,1301.2534475178288
1040.0549032265606,1507.0943530199265,1301.6497495257026
1039.803665618631,1507.0242137081689,1301.8720355403586
1039.3532276992341,1507.0249638375858,1301.9551867912655
1038.6957942444105,1507.0830935100994,1301.9703369496503
1037.8797263025047,1507.1539377658548,1302.0053042853701
1036.999069963196,1507.1837170585366,1302.138254746998
1036.1592788698035,1507.1335621639628,1302.409385772966
1035.4426864006268,1506.992957032258,1302.803207929095
1034.890974221039,1506.7777366095756,1303.2529520431162
1034.504262582413,1506.522079882564,1303.6612787837214
1034.250336979949,1506.2726526612173,1303.924580698137
1034.0783544622652,1506.0811341559834,1303.9552727336725
1033.9330537553506,1505.9919904230712,1303.69968178519
1033.7673399626449,1506.0325842887605,1303.1478069136465
1033.5511239724553,1506.2103453817033,1302.329075778569
1033.2745994863355,1506.5139418965928,1301.296573204113
1032.949113273938,1506.9183650313591,1300.1136603024102
1032.6079239854432,1507.3938466122524,1298.8484956849736
1032.2985195743272,1507.9134779278277,1297.5696531291105
1032.0652906443202,1508.4578492950375,1296.3417146453164
1031.9363453418835,1509.0148898314403,1295.2218129430796
1031.9192854641915,1509.5742088843133,1294.255341450772
1032.0020618764806,1510.124046670114,1293.4760447610947
1032.1567386009049,1510.653251944363,1292.9093270830517
1032.3424148689749,1511.1537608891706,1292.5689092787204
1032.5076881216553,1511.6238291727796,1292.448793221864
1032.5968089161588,1512.0718695471421,1292.5226246916743
1032.5619586920784,1512.5166793384778,1292.754088891954
1032.3787779690833,1512.9802203648508,1293.1060204308587
1032.0540192633307,1513.4789955791207,1293.543348498651
1031.618593912525,1514.0243926174926,1294.0405427779797
1031.112754584336,1514.6248018984036,1294.5912825804273
1030.5732753261145,1515.2793795742416,1295.2062258864435
1030.0264870794556,1515.9731433686134,1295.8991788196572
1029.4854306162165,1516.6833289747658,1296.676046014596
1028.9493201545224,1517.391530739344,1297.5323162218665
1028.4073880405692,1518.0896342058993,1298.4540956527985
1027.8462947680148,1518.7758756773471,1299.4226524179942
1027.2576736741541,1519.4484677961293,1300.420984408683
1026.644942993005,1520.1009899987841,1301.432413323552
1026.0229562571812,1520.7233743424445,1302.4319274044856
1025.4078714975478,1521.3109740308378,1303.3840770015447
1024.8090157755653,1521.869780405787,1304.2482802680124
1024.2300156309295,1522.4116045270819,1304.9845482204773
1023.6749564956662,1522.94861172125,1305.5612549384841
1023.1517772900138,1523.4930977069068,1305.9613424802071
1022.6677540587486,1524.059483144813,1306.1808363351056
1022.2230430142624,1524.660616788036,1306.2260565480192
1021.8129008813959,1525.2973267529503,1306.1170485276348
1021.4379492990553,1525.9510885464638,1305.8906880074626
1021.1103305920313,1526.5866620141007,1305.5897447160346
1020.8487290782608,1527.159877318288,1305.2380094369564
1020.6687323661434,1527.6248743021363,1304.8218541715692
1020.5760279689586,1527.945325386463,1304.2969976119005
1020.5638802671173,1528.106369747024,1303.6109469006649
1020.6140797761315,1528.1178583700944,1302.7199783158012
1020.6979307788997,1528.009840960559,1301.5963976748692
1020.7752177798618,1527.8190884443036,1300.2284319313342
1020.7960429428279,1527.5759658640648,1298.623113443803
1020.7113125610565,1527.307030174401,1296.8189014076895
1020.4900380427927,1527.0422199520242,1294.8892640431231
1020.1333096470851,1526.8115055784037,1292.930291090772
1019.6750549932063,1526.6316356324653,1291.0461223648742
1019.171698462186,1526.4921215525412,1289.336016677101
1018.6899343553443,1526.3569966106488,1287.883857838359
1018.2944261302955,1526.1862031858848,1286.750951766017
1018.0320362712105,1525.9569846459517,1285.96799660302
1017.9164519737818,1525.6680995468905,1285.5293453973754
1017.9243536392628,1525.3330975981328,1285.3982984412378
1018.0064730144721,1524.9757880538687,1285.521384501115
1018.1047791976409,1524.6254414168384,1285.839605752576
1018.1688539161233,1524.3055780654304,1286.294909841779
1018.1706547669429,1524.0241273417369,1286.8416330639775
1018.1140142997476,1523.777076088508,1287.4593549563301
1018.0319229717721,1523.5619697749585,1288.1519749649879
1017.9730806970196,1523.3848239802328,1288.933251175779
1017.9878970128412,1523.25630839616,1289.810404055735
1018.1167116072521,1523.1860276130917,1290.7711384090408
1018.3771895893547,1523.1801267766111,1291.779863997632
1018.7556166089722,1523.2439624372912,1292.7891583781377
1019.2108922468884,1523.3874052155145,1293.7607815569856
1019.690016986315,1523.622392414295,1294.6798306732585
1020.1429436842734,1523.9492309684638,1295.5541185538486
1020.5334840208325,1524.346975852313,1296.4099708519818
1020.8502353620182,1524.7765297337507,1297.2855052596851
1021.1086797168045,1525.185755517719,1298.2081952779374
1021.3354258093416,1525.517397759055,1299.1639601317631
1021.5429183960053,1525.732590949965,1300.0830947278812
1021.7087320151414,1525.838024077364,1300.8592416391793
1021.7695385500579,1525.8875086707228,1301.392675845119
1021.6360200969416,1525.9536283740113,1301.632534062391
1021.2244548989923,1526.0918745223626,1301.598410743929
1020.493100594759,1526.3180628893751,1301.3728562063252
1019.4691118562878,1526.60686906338,1301.0689154535694
1018.2467999847395,1526.909576688554,1300.792656234421
1016.9556331557194,1527.179423060569,1300.6182635648167
1015.7245313038627,1527.3899033604312,1300.5767830201125
1014.6610603973384,1527.5418210917219,1300.655010396524
1013.838943214675,1527.6604311287888,1300.8023628373262
1013.2863302375106,1527.7834679698612,1300.9443928753772
1012.9822032922035,1527.948168909275,1301.0046190567534
1012.8678610177467,1528.1869031991782,1300.9278224184347
1012.8667261269862,1528.5270235179273,1300.6891346491361
1012.9025269309334,1528.984635706278,1300.2852267761439
1012.9126186159065,1529.557770580313,1299.7227922371492
1012.8585984577626,1530.2322430020881,1299.019963862093
1012.7331754357955,1530.9947044778578,1298.2123621344404
1012.5572738371976,1531.8364279765228,1297.346452203731
1012.367173821519,1532.7481591531223,1296.4674757031137
1012.1990357949863,1533.716488250101,1295.6157512196335
1012.0799226222782,1534.7229394525034,1294.828647780191
1012.0252070001181,1535.7452603394959,1294.1426172528927
1012.031310786956,1536.7608723864337,1293.5902064224636
1012.0686768131271,1537.747829855681,1293.1896295725426
1012.0913058355313,1538.6880772856812,1292.9382293637445
1012.056086742293,1539.5757670000785,1292.8183282165428
1011.936699823095,1540.4158961789121,1292.8051821071397
1011.7304527313447,1541.2149739439378,1292.8714212379816
1011.4588009892935,1541.9791670925754,1292.9941979129674
1011.1608614063762,1542.7150254552785,1293.1627192937729
1010.8810474610551,1543.4262949246277,1293.3790674873517
1010.658093854418,1544.1119209807832,1293.652842679295
1010.5219341839097,1544.768322906345,1293.9931277362386
1010.4922902289359,1545.3951237962406,1294.3998584698525
1010.5740004413522,1546.001916125641,1294.8626104301054
1010.7536730694691,1546.6093532286654,1295.3702022891696
1011.0045485448002,1547.2371903502772,1295.9189572150688
1011.3000910341673,1547.8876719420782,1296.51420277289
1011.6273668193846,1548.5417890537026,1297.1679798453106
1011.9944830702922,1549.1694343366464,1297.8889087982252
1012.4262944019406,1549.741758418178,1298.6663005992277
1012.943700105313,1550.2423353724462,1299.4632012799227
1013.5408988062557,1550.677910987667,1300.2232187213317
1014.1788658749671,1551.0816223237325,1300.8836131649043
1014.7988783694937,1551.5030219194905,1301.395379066712
1015.3467712987829,1551.9867234833928,1301.7453678264765
1015.7937313719392,1552.5527720038167,1301.9646722402633
1016.1461897661513,1553.19494692069,1302.1191015212876
1016.4414977533374,1553.8880969432612,1302.281038454219
1016.7322861989867,1554.591250510864,1302.4926041924055
1017.0694098267743,1555.2583396687712,1302.749757755046
1017.4870498152426,1555.855398671466,1303.0119696991135
1017.9922294783939,1556.3628990863476,1303.2136075727008
1018.5669270957102,1556.7690691552953,1303.2755218534307
1019.179582076922,1557.072086890535,1303.1274634084598
1019.790644113364,1557.2825613175069,1302.7277939850228
1020.3546189324729,1557.4163011858031,1302.0665336633874
1020.832017936161,1557.4860114216024,1301.15925885754
1021.2010866229461,1557.5002936180958,1300.0397700989533
1021.4572457911756,1557.468188940587,1298.7522821217378
1021.6109977836226,1557.4032489327287,1297.3458608039994
1021.6853899377778,1557.3240770319023,1295.8723637091502
1021.7045834558982,1557.2519814315456,1294.3866393104092
1021.687893064916,1557.2065747667134,1292.9469815042785
1021.6574807034096,1557.1989809800543,1291.612091518241
1021.6381315110804,1557.226743255645,1290.4358618097194
1021.645462687854,1557.2774604080419,1289.465543467936
1021.6829973953836,1557.3367054240484,1288.7410794235243
1021.7487472134735,1557.391973074807,1288.2883254922958
1021.8396000708575,1557.4344667788441,1288.1089427950933
1021.9499451657065,1557.459877131129,1288.176555071838
1022.0682578746774,1557.4681747140592,1288.4425320725518
1022.179593792922,1557.4653864752904,1288.848187765436
1022.273042536314,1557.461743919064,1289.3354549048177
1022.3463891821283,1557.4625937591084,1289.8528837984118
1022.4072733138382,1557.4647351562191,1290.3635201196819
1022.4712185571877,1557.4634625318558,1290.85211899535
1022.5549595928605,1557.456563488641,1291.3181269771405
1022.6691809630186,1557.4411282515896,1291.7565949252178
1022.8148436846876,1557.4158488121034,1292.149338680857
1022.982713374493,1557.3908144918414,1292.4765832111436
1023.1553679184157,1557.3899380151918,1292.731034012749
1023.3097322165396,1557.4371717856957,1292.9162251134032
1023.4196175703165,1557.5404817836243,1293.039290248633
1023.4621944280918,1557.6900498435066,1293.1145808382696
1023.4275877719194,1557.8616364767263,1293.168111018488
1023.3227456800664,1558.0160923304802,1293.2285294652345
1023.1652266383196,1558.1070178214577,1293.3099637974315
1022.9706966868413,1558.0999908621038,1293.3980988453043
1022.7376479453516,1557.991407149097,1293.451405614921
1022.4371386136031,1557.8156819864191,1293.4222781005021
1022.0199556842165,1557.630899937857,1293.2826448158212
1021.4391951194841,1557.486241961801,1293.03979880449
1020.6763328028636,1557.3955038504093,1292.742143451478
1019.7594990954027,1557.3344630578038,1292.4665555405904
1018.7591302854662,1557.2585640403795,1292.2847230118182
1017.761201669106,1557.1292307066583,1292.2330579990448
1016.8348107036476,1556.934134569061,1292.3047880716274
1016.0093755208148,1556.6919299973777,1292.4583358270045
1015.2736020511334,1556.4424070608325,1292.63286087404
1014.5916456060089,1556.2281114240811,1292.7657725803908
1013.9181901705421,1556.0788663244277,1292.8088459205994
1013.2086997064869,1556.0082560261662,1292.7411415293286
1012.4304176756506,1556.0199566696676,1292.573527766588
1011.5698302760492,1556.1131971278533,1292.3399163184636
1010.6330123285909,1556.2812294050318,1292.082325272437
1009.6434437193911,1556.5100678438869,1291.841574637923
1008.6382056492454,1556.781560064582,1291.6536564395253
1007.6622584439503,1557.077570971207,1291.5493803673996
1006.7622626997263,1557.3839165744532,1291.5560607379098
1005.9763658011146,1557.6909221103897,1291.6935260467174
1005.3222642904975,1557.9922907126559,1291.9676711875884
1004.7953856110394,1558.2865403079877,1292.371032681627
1004.3784880344184,1558.5763939426135,1292.8841373240762
1004.0483760685215,1558.8666439646295,1293.4742800457618
1003.7753341187108,1559.1667322613337,1294.0989741017415
1003.5305800828162,1559.4912726910447,1294.7136833691477
1003.3010165781811,1559.8548766818253,1295.2820970115959
1003.0915288570067,1560.269290542868,1295.7858317278756
1002.9163619426603,1560.7408729939996,1296.2226781809209
1002.7928040906475,1561.2677721825175,1296.5981868806507
1002.7373268412456,1561.8435322053592,1296.9269970258997
1002.7647234585163,1562.4614542221236,1297.2392662524235
1002.8881290291245,1563.1146534962293,1297.5766812331656
1003.1108743641876,1563.7967892686174,1297.9770314189582
1003.4210240615436,1564.5011941638231,1298.46071413019
1003.8023626628718,1565.2116885617058,1299.0274170185833
1004.2451082749836,1565.8920800458704,1299.6569579793118
1004.7437687274356,1566.4909388584376,1300.3148638838368
1005.2939514982515,1566.9603419246557,1300.9631086380746
1005.8914020181851,1567.2692413179739,1301.560432894944
1006.5253325808377,1567.408754205358,1302.052874192735
1007.1682290885434,1567.3991240949558,1302.3734246159463
1007.772830633605,1567.290115022535,1302.4548463963363
1008.284117194854,1567.14431085452,1302.251662858008
1008.6624910400118,1567.013999495224,1301.7640204085185
1008.9023752407328,1566.930196005647,1301.043725451921
1009.0348084012647,1566.9070505237964,1300.1760099531002
1009.1173273080709,1566.9475934517782,1299.2553840684834
1009.219066834998,1567.0413113065104,1298.3661710329307
1009.4078440599282,1567.161516285257,1297.5651798022056
1009.7428599377897,1567.2752923198343,1296.8746181881884
1010.2647990218247,1567.3612831508221,1296.2884095358206
1010.9803274678967,1567.4154135734468,1295.7763094556187
1011.8574945182697,1567.4412760601917,1295.2860033928766
1012.8381231272838,1567.4415186987226,1294.757875257066
1013.8546393367894,1567.4174720893818,1294.1450646829999
1014.8450611711265,1567.3717567499486,1293.4242040264137
1015.7642969800468,1567.309904055576,1292.5970543127569
1016.5878800375092,1567.2388185752825,1291.687049029958
1017.3104558607279,1567.1605970156195,1290.7321075930413
1017.9417582750511,1567.066445572429,1289.7748624580174
1018.5010928667754,1566.938847850736,1288.8567488785718
1019.0132216803559,1566.7636810082115,1288.0195997980425
1019.5023015936006,1566.540617214706,1287.3032576173875
1019.9810700627689,1566.2785532408323,1286.7336991973552
1020.4448945541353,1565.9858959575197,1286.318910649213
1020.8798285314646,1565.6695027958076,1286.059829339396
1021.2760942152996,1565.3380695117796,1285.9597451104241
1021.632368192488,1565.0059209490628,1286.0253084644003
1021.9539122530844,1564.691395401504,1286.2621794710942
1022.2546879837488,1564.4068060330785,1286.6662557266864
1022.5592229972738,1564.1541647814115,1287.220618165868
1022.897497517008,1563.9333118693057,1287.904127752374
1023.2988149230263,1563.7488860741996,1288.700628380297
1023.7897320980302,1563.6080403751394,1289.5989459499854
1024.3895925147553,1563.5155710137453,1290.5877783398105
1025.1025944419948,1563.46919672973,1291.6517381259507
1025.9163614636773,1563.456390178273,1292.769835997688
1026.808646566842,1563.4612780037164,1293.9181464940878
1027.7539957029894,1563.475743016656,1295.0736629843875
1028.7256053060041,1563.5011718663113,1296.2147165075057
1029.6934611227748,1563.5470296029293,1297.320486462098
1030.623928556051,1563.6314341595812,1298.3701067272482
1031.4838063381671,1563.7760211190637,1299.3434644540314
1032.246794629963,1563.9978419299064,1300.2314716958874
1032.8980747816636,1564.3027010496073,1301.0473603599144
1033.4344790937405,1564.6762729876425,1301.82245410247
1033.8654550904678,1565.0788380295676,1302.592070000366
1034.2155318059397,1565.4540587963802,1303.382911419092
1034.516734711483,1565.7511983387883,1304.1994367366217
1034.787663036042,1565.9486393192158,1305.0125147139545
1035.0134736423615,1566.0624311487516,1305.7635697948551
1035.1449033385434,1566.1353935415877,1306.387296181736
1035.1221583751453,1566.2182702043747,1306.8427564315152
1034.908342620894,1566.3492580943184,1307.131575370095
1034.5092344323425,1566.5329933983544,1307.2844546287429
1033.971726575537,1566.7401197267086,1307.3340590945636
1033.3679861663536,1566.9377234810852,1307.303155555064
1032.7736919188417,1567.1138994518235,1307.1981950940867
1032.245769858863,1567.2703672717994,1306.995864034993
1031.8069577158892,1567.4098710872217,1306.6426404065344
1031.447879804749,1567.5428870537462,1306.0802552483126
1031.1426598577611,1567.6952139431392,1305.2752384580203
1030.860108959052,1567.895076226166,1304.2276793406904
1030.5685626260909,1568.1540475231754,1302.9631607219924
1030.2452189363073,1568.4654767975885,1301.5271907478234
1029.886818785802,1568.8164357524813,1299.9847610612019
1029.5101074267257,1569.1934735086827,1298.409912292265
1029.1417973118341,1569.5786262856313,1296.8643497638413
1028.8073891235908,1569.9489905211035,1295.3881072632255
1028.5262417854096,1570.2888429552206,1294.0138355444567
1028.3118682580343,1570.6022730464572,1292.7815868696598
1028.172363218911,1570.908435128792,1291.7348306977867
1028.110042894927,1571.2259026172412,1290.9093534496367
1028.1200210047684,1571.561088577497,1290.3245240339268
1028.18917991654,1571.9061153582293,1289.977962544096
1028.3007398003701,1572.2489634797341,1289.8490362226432
1028.442160161622,1572.589095468134,1289.9084430464939
1028.6078298739903,1572.94510377049,1290.1253263633175
1028.792519956314,1573.3467671799938,1290.4660918482452
1028.9852217293785,1573.8189252286475,1290.8913910240733
1029.1787250970651,1574.3740455135126,1291.3662995482412
1029.3838693727216,1575.0126072453309,1291.8739933426723
1029.625753433957,1575.7235626474094,1292.4157963646198
1029.9296969344916,1576.4889725063642,1293.005085895762
1030.3135972867185,1577.289588011015,1293.6592654117592
1030.784994686267,1578.110497470372,1294.3909785433373
1031.3381238203506,1578.9475449243016,1295.2047586047156
1031.9551567390579,1579.7986412812304,1296.0937524746832
1032.6178514762078,1580.6493374236186,1297.0427522161715
1033.3209188166143,1581.476978050114,1298.0397400397273
1034.0716452131312,1582.257435893713,1299.0687581020236
1034.8802220694413,1582.9620175598072,1300.0859658899035
1035.751203884487,1583.5663600714365,1301.01394423765
1036.6708518111677,1584.0760643193041,1301.7601315673821
1037.593183938427,1584.5417723040896,1302.2421801273535
1038.4436175843118,1585.0413040407752,1302.4118991886564
1039.145499715923,1585.6408867112882,1302.2754421782984
1039.6555526313084,1586.3661311808617,1301.9015529767305
1039.987798191754,1587.194341299604,1301.4044463899313
1040.2111752283315,1588.0644368297183,1300.9064894402825
1040.4239155550338,1588.9009327081378,1300.5031995973677
1040.7183966826294,1589.6397499610393,1300.236858790981
1041.1492971456623,1590.2415569392256,1300.0807433788736
1041.7174746630808,1590.692792802008,1299.9522422435393
1042.37583031737,1591.00380567728,1299.7562381328544
1043.0480656054724,1591.2050609718967,1299.4267667444053
1043.6482199816971,1591.331875263475,1298.939070763472
1044.1010926478914,1591.4011180323657,1298.2971387714424
1044.3623028313702,1591.405601048181,1297.5221052510906
1044.4254993845134,1591.335219133259,1296.6494961798367
1044.3124553131274,1591.1983953479655,1295.7217488464905
1044.0599209720335,1591.0219445406333,1294.7766036067906
1043.7139381518396,1590.8350317971217,1293.8425870668366
1043.3260960208434,1590.6604281023701,1292.9467405736245
1042.9450510408635,1590.5191358725888,1292.128474620819
1042.6082282135737,1590.4265048531443,1291.4380830411253
1042.343382361979,1590.3844525715324,1290.9227056381797
1042.1752285560142,1590.3899408748284,1290.6233764270094
1042.1203136733407,1590.4424843449565,1290.5741697517706
1042.1732023528443,1590.5381677437647,1290.7904730014277
1042.306037754927,1590.6687651411294,1291.2612909067998
1042.485386624927,1590.8289327852742,1291.9524251647476
1042.6878900662778,1591.016155162804,1292.8135560240335
1042.9026497919583,1591.2230103486477,1293.7872593655509
1043.1254010434805,1591.434869482576,1294.8200366844578
1043.354453141997,1591.6384995599537,1295.872949281625
1043.590634420007,1591.8300708128022,1296.92143396214
1043.8363131365263,1592.0119889108964,1297.940003116589
1044.0914038294648,1592.1879409190994,1298.8912750751317
1044.3477473519144,1592.3649207414355,1299.7342012155523
1044.5844635356127,1592.5556212625493,1300.4429915175995
1044.7679622855671,1592.7736477347119,1301.0183268750689
1044.861229340661,1593.0235094913162,1301.4843169804253
1044.8444530745455,1593.298601954996,1301.887111544434
1044.7326470794676,1593.5832775084546,1302.2908851737707
1044.5699900803434,1593.842076632017,1302.7468058328652
1044.4036793414332,1594.0195161190602,1303.2534967637007
1044.2583393358102,1594.077231213325,1303.7496979796388
1044.123702850277,1594.0352548131768,1304.1440021004332
1043.9558769168602,1593.9706498012893,1304.35858958975
1043.6961006162119,1593.9712914713662,1304.3651494643002
1043.306063765565,1594.0822234728212,1304.2022411449987
1042.7969201725,1594.287023004107,1303.9673646240115
1042.231900400041,1594.5290722661089,1303.7800453423185
1041.7076637028051,1594.7434354700283,1303.728969530384
1041.3254428518317,1594.8815282042854,1303.8294617440315
1041.1567444451666,1594.9290443456027,1304.0112595804424
1041.2144000719313,1594.9127483720565,1304.1400464226713
1041.4462885356163,1594.8907641074134,1304.0613725610413
1041.7569243704336,1594.930857940379,1303.6483003219787
1042.043720309107,1595.0843609546766,1302.834450187374
1042.2281081863932,1595.3679841349485,1301.624843917382
1042.2687480006123,1595.7646621135168,1300.0858676864602
1042.1626528793033,1596.2359361396484,1298.3175022059647
1041.9440422980806,1596.7351798622062,1296.4239697167584
1041.6755241122921,1597.221445982645,1294.4984653247784
1041.430770561573,1597.6703162035724,1292.6165126396402
1041.280585503849,1598.076465328066,1290.8324046334455
1041.2831487036283,1598.4488325093266,1289.1812528345588
1041.4715331599514,1598.8028182617272,1287.6851409630021
1041.8448875490028,1599.1531799170257,1286.3602767767477
1042.3714936267775,1599.5086013293455,1285.2213122187745
1042.9967219325313,1599.8706390151974,1284.2775969770146
1043.650562452651,1600.2410035548992,1283.5268032275708
1044.2625346528687,1600.6340370080345,1282.9603812817788
1044.783635736336,1601.0776466710154,1282.5728216909731
1045.2015746100537,1601.593617438507,1282.3566179583645
1045.5405308132686,1602.180988687159,1282.2962081402168
1045.8447812258125,1602.823360999369,1282.3748165002141
1046.1547630306015,1603.5067763675877,1282.5819988127737
1046.4915158191636,1604.2287199980442,1282.9135175131482
1046.8539955009348,1604.99380229747,1283.3654530757956
1047.223002938009,1605.8054758835237,1283.9306839821172
1047.5712331138088,1606.663724051228,1284.6054516249046
1047.8811729723573,1607.5617596259128,1285.3945773396665
1048.1617930549253,1608.4737437746062,1286.3020932364288
1048.4483173922606,1609.347118063414,1287.3130841003494
1048.7809196886778,1610.1160517666408,1288.3762829606337
1049.1757896811487,1610.7347586566977,1289.4003010797037
1049.6053699281742,1611.2115361175033,1290.277338219294
1049.99826226638,1611.6120291350728,1290.9214594103792
1050.2652748213088,1612.0227416939324,1291.2991984956861
1050.3401943873837,1612.5028959575009,1291.4415682235879
1050.206291429532,1613.0587510267128,1291.4305867751636
1049.8967681366755,1613.6529316468016,1291.367978108818
1049.4801578675363,1614.229700297286,1291.3412226917478
1049.0390060004145,1614.7376902153924,1291.3994180312202
1048.6437171140478,1615.1473367088731,1291.5448471977618
1048.330883167288,1615.4532637701504,1291.7348479463071
1048.095468121628,1615.6630563394515,1291.8925175853562
1047.896540948935,1615.7902963506979,1291.9291250335104
1047.6753723544132,1615.8538379143495,1291.7722506098467
1047.3791850622829,1615.875432521663,1291.386918724613
1046.9753139667725,1615.8766364920666,1290.7790839956547
1046.4490129260594,1615.8761683728098,1289.9791592129302
1045.798112061179,1615.888045817958,1289.020864765236
1045.0387834126507,1615.9219375998555,1287.9368686988
1044.2105163337965,1615.9830754404156,1286.7643532592829
1043.3641401220746,1616.0717625936547,1285.5432904286413
1042.5445845571803,1616.1859223249737,1284.315525271167
1041.7871239663625,1616.325095778805,1283.1314844547169
1041.1236593101012,1616.4881365223468,1282.05014699618
1040.5827935707264,1616.6639013152737,1281.1243772901698
1040.1786723539578,1616.829128827436,1280.3873946448925
1039.9001279879158,1616.9578686929156,1279.8539054129735
1039.7126129087828,1617.030924092575,1279.5248956157868
1039.5721695587254,1617.0404726262,1279.386095470542
1039.4423004288985,1616.9904036899475,1279.4088418215786
1039.3050259327879,1616.892732877096,1279.5600302197581
1039.161378031735,1616.7621428056757,1279.8128534673606
1039.023756011553,1616.6090661047251,1280.1483778941804
1038.908860835646,1616.4334035440324,1280.5518278382037
1038.8377629217327,1616.22415073441,1281.0097013778511
1038.8365278669698,1615.9684678190401,1281.5066885995345
1038.925465546281,1615.6660840247503,1282.0256599007607
1039.1024861921674,1615.3356058093932,1282.5500252141287
1039.3413585794729,1615.0084099624653,1283.0645877869663
1039.608545039249,1614.7193214899066,1283.5589237142535
1039.8768345401459,1614.4949110936357,1284.0297120585283
1040.1263162744594,1614.3430201670913,1284.4810146630407
1040.3478750661775,1614.2563212046841,1284.931696976224
1040.549423553679,1614.2198198147858,1285.4173023183223
1040.749239727035,1614.2073656567236,1285.9709885104976
1040.9647256886803,1614.180175268257,1286.6029120519547
1041.2092994442112,1614.095893070695,1287.2914052157387
1041.487758926013,1613.9216383232576,1287.975801515107
1041.7847042471803,1613.65138369848,1288.5635029536882
1042.0518828300526,1613.3172746617406,1288.9664060129273
1042.209827262342,1612.9744876838129,1289.1448329375721
1042.1788669172274,1612.667780295639,1289.1296978540722
1041.9200721127409,1612.408865997487,1289.0096991738878
1041.4538731962557,1612.1743779195244,1288.8886811611483
1040.8524027261083,1611.917917717677,1288.839555527229
1040.2155056127249,1611.5945185836933,1288.8820083219093
1039.6378723199448,1611.1878817965655,1288.9874001436415
1039.1792430362038,1610.7190532871803,1289.0950357316058
1038.8502831234678,1610.2334402702186,1289.1292623948962
1038.6179434353312,1609.7848555843161,1289.0177846088989
1038.426270403367,1609.4244751249082,1288.7086083635152
1038.222595645341,1609.1886110182213,1288.1817209656847
1037.9756718625765,1609.0895087788588,1287.4545620928657
1037.6798714431443,1609.1164921743994,1286.5756236424486
1037.3521374470843,1609.2434272585842,1285.606660991485
1037.0270926523801,1609.4357684183485,1284.6066034677096
1036.7476237580158,1609.656636755774,1283.624324737051
1036.5530232513624,1609.8764930164577,1282.7002092913044
1036.4716490755732,1610.0805161739545,1281.8712452183493
1036.5194652158195,1610.263087939641,1281.1710105566356
1036.6997773055696,1610.4177651308698,1280.6244949895242
1037.0001973030721,1610.5358259770185,1280.2421457280768
1037.3896309421405,1610.6118429625822,1280.0177348914215
1037.8196478846876,1610.648864756268,1279.930187751317
1038.2340504072336,1610.6593719136954,1279.946590300706
1038.5869017519417,1610.6633116230182,1280.029954681473
1038.8590148391474,1610.6857216121764,1280.1506024440084
1039.0636093919363,1610.750812023363,1280.2914722512623
1039.2387590786925,1610.8714218008881,1280.444779784184
1039.429146238046,1611.0439696043497,1280.6078074227987
1039.6682176562724,1611.25501599832,1280.7830227902982
1039.9719975038286,1611.4928604407448,1280.9813590046936
1040.3444292742777,1611.7533297536436,1281.2225094190092
1040.7850926915726,1612.0345332793106,1281.5251771378867
1041.2905796952507,1612.3338313652102,1281.8994136438548
1041.8520051968635,1612.655504097756,1282.3564665883573
1042.4558121362206,1613.010528224197,1282.9210521199132
1043.0862894088484,1613.4022809874118,1283.6291032408283
1043.7298194167163,1613.815054554612,1284.5143089368728
1044.3832796343795,1614.2134946505118,1285.5891459823204
1045.0574366831001,1614.553309418141,1286.8291752254981
1045.7664085328745,1614.8025589329284,1288.1708369824576
1046.507076901453,1614.9644261210467,1289.5240564999654
1047.2408694492533,1615.0852431602523,1290.7952649796393
1047.8955170448783,1615.2366292266377,1291.9164518619698
1048.3945946539618,1615.4796290440286,1292.8709841531495
1048.6979315724345,1615.837605248316,1293.700600586767
1048.8236492573783,1616.2948201836284,1294.486686894706
1048.8389378279014,1616.80950574829,1295.3145922827614
1048.8307327454995,1617.3286820615356,1296.2375740780417
1048.8720218102494,1617.8031300934229,1297.2549997574604
1048.9978084197724,1618.1975597528847,1298.3114362462752
1049.1989334713248,1618.4941468649133,1299.3162532856493
1049.4303207251535,1618.692541391161,1300.173984369643
1049.6308563796558,1618.8044167729524,1300.809996653841
1049.7459816930423,1618.8442726000492,1301.1824931991268
1049.7366903602313,1618.8210989474048,1301.277907465601
1049.5760230936557,1618.7319110967342,1301.0950888445855
1049.247428062532,1618.5651387658295,1300.6362209534502
1048.7487018329346,1618.3161412039242,1299.9102923016283
1048.0937353347597,1617.9967486884232,1298.9324838644034
1047.3112625688693,1617.6319378987641,1297.7205347623963
1046.4430899324454,1617.2557840821985,1296.3043147809335
1045.5366302037567,1616.90556907414,1294.736174498334
1044.6375359953872,1616.6090061816567,1293.0887197681009
1043.7917400577057,1616.3747356669223,1291.4503670169508
1043.0440735512989,1616.193807295076,1289.9209997681296
1042.4278483458918,1616.046440652097,1288.5979626930296
1041.9627517739048,1615.905876234035,1287.5478912897138
1041.6557460592799,1615.7461427026276,1286.7847916912694
1041.4886465506454,1615.5589573848968,1286.2780914960276
1041.4119004056,1615.3577681211837,1285.973884850234
1041.3621343552793,1615.160382362154,1285.811330089176
1041.285578837135,1614.9761938746828,1285.7427805796628
1041.1519197966404,1614.8082488136372,1285.7493206258991
1040.9610822795323,1614.6561345582797,1285.8317197822641
1040.7377010142625,1614.5172288651943,1285.9880862178443
1040.5093651219292,1614.3920560710058,1286.2059631683346
1040.286448712151,1614.289423706014,1286.4721031384465
1040.0574070267207,1614.223908847742,1286.783277747554
1039.7985939578184,1614.2052623827394,1287.1478529000942
1039.492922743756,1614.2280712927106,1287.5830983558478
1039.1418415971202,1614.2713066440795,1288.1183806378237
1038.7636050796757,1614.2998044214528,1288.7914027521776
1038.3875604363318,1614.2572737495905,1289.6167813216234
1038.0457257263718,1614.0765430191273,1290.5536546539315
1037.7545639536163,1613.7247862719005,1291.509961286447
1037.492377913402,1613.2383214513493,1292.37291034078
1037.1963267839178,1612.705461395855,1293.0512016622838
1036.792423526131,1612.2165802944937,1293.5214118560543
1036.2394209756278,1611.8199314691303,1293.843222824237
1035.560441013227,1611.5094163579643,1294.126165820079
1034.8457294014306,1611.246968691948,1294.474102776164
1034.2218054057169,1610.9946513245295,1294.9361038223076
1033.8020866352074,1610.7339854247339,1295.483803948609
1033.647612221751,1610.4697034188875,1296.024175034392
1033.7592839493082,1610.2262906101985,1296.4369573210017
1034.0964559036026,1610.045396584603,1296.617992044729
1034.6009019595551,1609.9766324843183,1296.5075092498937
1035.2157873256717,1610.0546622410748,1296.0919164809006
1035.8989109570448,1610.2797997931054,1295.3918399320335
1036.6263938094166,1610.6204961873393,1294.4540785821248
1037.388499847572,1611.0317306301358,1293.3475613321962
1038.1863349774278,1611.4716234724622,1292.153778409639
1039.025906205778,1611.9096482261414,1290.9502916821298
1039.9065421097685,1612.3271961237901,1289.7955089513086
1040.815990187257,1612.7129019269423,1288.722690837971
1041.7333966975477,1613.0632372700609,1287.7442865078228
1042.6303478801033,1613.3863105776545,1286.8598047438052
1043.4724607644403,1613.6963181465378,1286.063268841712
1044.225933920128,1614.0071925415368,1285.352068670586
1044.863702547692,1614.3345687463668,1284.731631298435
1045.3673868388694,1614.6951703437433,1284.2091777567234
1045.7293284552038,1615.1014528584205,1283.787046007652
1045.957714049598,1615.5611526889163,1283.4664783432797
1046.0767068817654,1616.0767321039273,1283.2499391943948
1046.1161225157061,1616.6411791410085,1283.1368184878656
1046.1027014926237,1617.242609192798,1283.1255381409371
1046.0599795064386,1617.8740310078283,1283.215431345801
1046.0053016057389,1618.5335152261714,1283.3960574343566
1045.9405046413196,1619.2208949890446,1283.6400115045526
1045.8503560112554,1619.9396260602323,1283.9154080727687
1045.7156498981733,1620.69613230156,1284.2062846776987
1045.527617392385,1621.4945878744988,1284.5229593712359
1045.292461711367,1622.3307704032463,1284.8947106024486
1045.0312969366612,1623.1811379821431,1285.3462134324084
1044.7778634725469,1623.9983886959008,1285.8752520554144
1044.568350366002,1624.7332192901936,1286.4490102580176
1044.4245373856363,1625.3664499863296,1287.0126724918623
1044.338018857377,1625.916243427137,1287.5003486088006
1044.2668187298075,1626.421078634007,1287.854625861985
1044.154881289732,1626.9236654307094,1288.053618437747
1043.9622878010737,1627.4602134994834,1288.1243896452986
1043.6801079221332,1628.049266086122,1288.1311643928389
1043.3271411111505,1628.6853344425022,1288.1481698266123
1042.9387784834166,1629.3396475923666,1288.2307850586797
1042.5510140053784,1629.967231678276,1288.3971906327913
1042.1861496203987,1630.5259965789173,1288.6293554482502
1041.8453465737116,1630.9971601540406,1288.8858375826774
1041.5109840932034,1631.3839443744243,1289.110169342343
1041.161810652729,1631.6935999532222,1289.2327859680486
1040.7859200935877,1631.9287694930529,1289.181794192346
1040.3770552467736,1632.0934420143635,1288.9079225466064
1039.9265619538,1632.1933434067669,1288.3981442059164
1039.4247577826716,1632.2274339729108,1287.6648742784703
1038.8664983872438,1632.1893967907397,1286.733303661946
1038.2555058279622,1632.0794177699422,1285.6392266292262
1037.6096590210088,1631.9099278620188,1284.4284817439686
1036.9589357705704,1631.6996207672796,1283.1519012455697
1036.3307084733403,1631.4636067052,1281.8585751479475
1035.742873044504,1631.2108170074935,1280.5977043781907
1035.2148331329554,1630.9508194596615,1279.4307787332798
1034.7713520950406,1630.6954193738761,1278.4308297854118
1034.4294607938734,1630.4490213538338,1277.6604250472778
1034.192813739904,1630.208453221192,1277.1588412392002
1034.0581984053827,1629.9743529942775,1276.9463574323534
1034.0151720027923,1629.7534164921972,1277.0226437090405
1034.0407078534556,1629.5539080259598,1277.361639287038
1034.1050643023518,1629.3843879433466,1277.9194314503877
1034.1871047642444,1629.2519094632603,1278.6512982216827
1034.2820965155768,1629.1563764398527,1279.52225201471
1034.395936431289,1629.0847951394965,1280.5046245047092
1034.5366484841152,1629.0142026802332,1281.5731747818807
1034.7121923321458,1628.924037797903,1282.704939074423
1034.9315413572758,1628.8068798153806,1283.876674274218
1035.2040210339044,1628.6713665335017,1285.0607593623376
1035.5327380226151,1628.5372763010748,1286.2256546770327
1035.903939014255,1628.4254908328094,1287.3410573472488
1036.2906437015392,1628.3529798669151,1288.3931223827885
1036.6714053328749,1628.3323322611416,1289.4001317424882
1037.040308985769,1628.3649785664736,1290.4066553065522
1037.4023640622654,1628.4328812987446,1291.4574784500155
1037.762188842962,1628.499899066763,1292.5640927290003
1038.1116354588828,1628.529139511904,1293.6857386187842
1038.4186984501443,1628.509653424013,1294.746191630908
1038.6203762300481,1628.4639886799037,1295.6703752569838
1038.6356027747934,1628.4274128235388,1296.4183062200555
1038.4019196479899,1628.4236877422932,1297.0074987209528
1037.908319998986,1628.4537716078198,1297.5077688647941
1037.2012773853917,1628.496922666213,1298.0070406997052
1036.368510079042,1628.519754964208,1298.569532548293
1035.5130138911202,1628.4901033221915,1299.2074051722252
1034.7215078861025,1628.392378687188,1299.8754048378737
1034.03751204657,1628.2354197890386,1300.4861513773587
1033.4560191448288,1628.0512876059,1300.9389083807944
1032.9399316058575,1627.8890849350207,1301.1499372281626
1032.4410160681214,1627.7984078661868,1301.071092200544
1031.9134006978431,1627.8047999406235,1300.693867452123
1031.3226590703623,1627.897366566879,1300.045424891111
1030.65335730858,1628.0403239960133,1299.1810201760925
1029.9125525031611,1628.2004329118895,1298.1770900372946
1029.1274889666283,1628.365505262887,1297.1221513420044
1028.3346109702168,1628.5348472433857,1296.0950919980935
1027.5662656006948,1628.7059488564034,1295.1490295419655
1026.845534709999,1628.8809055250347,1294.320409270082
1026.1855723415506,1629.0739040203607,1293.6428277497216
1025.5922154514071,1629.3044404784632,1293.148665356679
1025.0685486704167,1629.5807549275855,1292.8612233730366
1024.609948008805,1629.8934188624382,1292.7873625776303
1024.19916889386,1630.2308932399712,1292.9221302607098
1023.8168092668557,1630.5913203368225,1293.2545380206325
1023.4507019041122,1630.981270275585,1293.7656325250066
1023.0901890837429,1631.4173986005278,1294.4285569918613
1022.7207359137907,1631.921276731291,1295.2087275320669
1022.3315112651517,1632.5077245953046,1296.067642481208
1021.924201671606,1633.1854179655288,1296.980174385352
1021.5078759060623,1633.9597043199788,1297.9464720734209
1021.089739437098,1634.8269710227219,1298.9845483784172
1020.6786914564655,1635.7693191761596,1300.1167234163968
1020.2894743288726,1636.7540081340005,1301.3585186892124
1019.9350722353373,1637.7437097043498,1302.7138149932755
1019.6197363470358,1638.715428825501,1304.17702667894
1019.3355448733644,1639.6660427405043,1305.73387568773
1019.0598148431038,1640.5987245574577,1307.3605679267494
1018.7630219523926,1641.5132448463348,1309.0301723926018
1018.4249095581039,1642.4078291645171,1310.7206896434427
1018.0449171472277,1643.27497181991,1312.4082186005614
1017.6429180728702,1644.0942294065408,1314.0504441459534
1017.2510146642455,1644.845107679082,1315.5829077944604
1016.8963215339375,1645.5345302295962,1316.92861335166
1016.5827254006354,1646.2065957642715,1318.0078002159353
1016.2843243825745,1646.9226312503922,1318.7513449793603
1015.9572480555157,1647.7329260751994,1319.1245187057796
1015.566191731368,1648.6594957663142,1319.1480694786624
1015.1100074159052,1649.6895960799152,1318.8959038202372
1014.6300525623175,1650.7779473895282,1318.4686963388328
1014.1982545708992,1651.857256499084,1317.9600960333973
1013.8945870472218,1652.853232183739,1317.4294341388306
1013.7845241946662,1653.7033424405354,1316.8904324332693
1013.8993988522797,1654.3742539076527,1316.3162563299984
1014.2224680029634,1654.8622020609948,1315.6487102975047
1014.6879708973786,1655.178801540411,1314.8110657137327
1015.1979968021112,1655.3479679075544,1313.7384091331373
1015.6512140431782,1655.4122584650022,1312.410619886323
1015.9648349788475,1655.4234466377304,1310.8543377609121
1016.080446958945,1655.4255553000273,1309.1248999627721
1015.9676736212937,1655.4489541625078,1307.2971861747935
1015.6329200801057,1655.5061279906533,1305.4589633561939
1015.1196163323298,1655.5875621216837,1303.70018331165
1014.4966155280298,1655.6703502241135,1302.1082097714448
1013.8467423018866,1655.732791683976,1300.7653669948
1013.2519153648656,1655.7562457324814,1299.7333120081337
1012.7681946277468,1655.7166719127806,1299.0272873719168
1012.4105115239227,1655.589116616379,1298.611263333521
1012.158709461403,1655.3647006628166,1298.4237914147573
1011.9696807902396,1655.0554965944627,1298.4032069008153
1011.7896982189397,1654.6850258686873,1298.4955400274855
1011.5697110323829,1654.2781970871738,1298.6575856563438
1011.279499204547,1653.8556570978758,1298.8627183937776
1010.9170770545905,1653.43217489994,1299.1033932019986
1010.5094251446675,1653.0177043609904,1299.3852990011105
1010.1042525984748,1652.6219790199834,1299.7188998666
1009.7592996902858,1652.261441961249,1300.1138964799989
1009.5299465901538,1651.9597302036225,1300.57274761367
1009.4516218642298,1651.7369838604955,1301.0795891916553
1009.5266478956933,1651.6013109888372,1301.5981468140535
1009.7314611340796,1651.5554655849503,1302.0935169117088
1010.0339424041498,1651.6027952111851,1302.5533574672352
1010.3972834498466,1651.7371687813313,1302.980714413014
1010.7803488990148,1651.9363993086347,1303.384682565468
1011.1484455426706,1652.1682600278682,1303.7865244397763
1011.4786399029942,1652.3888609936657,1304.2070816787973
1011.7597685325587,1652.5414048333564,1304.6336823291476
1011.9894932242952,1652.5813519935073,1305.0098833547534
1012.1494712958246,1652.51019597264,1305.2581881324156
1012.1801378180038,1652.3783626973875,1305.3159480271468
1011.9940280765031,1652.2508793780628,1305.1684542093042
1011.5179647620575,1652.163019740507,1304.8594829496337
1010.7350566440323,1652.1003277329112,1304.472395354015
1009.7043202591162,1652.019028153567,1304.1017541329697
1008.5445938337147,1651.8841284027021,1303.8277289919108
1007.3946583446341,1651.6852021579634,1303.6874815089288
1006.3739691560646,1651.4282183433986,1303.6543262048936
1005.5545973786294,1651.1323944135313,1303.6441742613508
1004.9458649497158,1650.8341842312425,1303.541645397231
1004.5000945423756,1650.5827375575177,1303.231575030164
1004.1400467346357,1650.4269993877754,1302.6302640702681
1003.786936995767,1650.4020278160142,1301.7033820537822
1003.3784219072694,1650.5238096669746,1300.4702914426562
1002.8830058870984,1650.7957554707245,1299.001510603522
1002.3056182719433,1651.2132085382557,1297.4001032295982
1001.6815290330579,1651.7564996006117,1295.7716709258675
1001.0674389741133,1652.3839383238999,1294.202363803574
1000.529650310172,1653.0405996904833,1292.7553883725868
1000.1277278636622,1653.6808090918905,1291.4844664790926
999.8973247703095,1654.2847535313122,1290.4444832767663
999.8332353768247,1654.8549552408786,1289.6814187667599
999.883681431399,1655.39710958551,1289.212574269452
999.9687790269185,1655.9040311930733,1289.0214290565984
1000.0106565118133,1656.3606671125735,1289.073005895278
999.9525793971549,1656.765072011683,1289.333481318836
999.7624318005682,1657.1378183709078,1289.7760359544945
999.432693795435,1657.506167029436,1290.3707591257682
998.9836413768916,1657.8857913055338,1291.077943150308
998.4615298850439,1658.2851739085581,1291.8608679153203
997.9272046401829,1658.719745080664,1292.7031655110131
997.4396383757866,1659.2085841461942,1293.6064077683914
997.0431122506516,1659.7593312181314,1294.572107299397
996.7649808454659,1660.3670870747198,1295.5935876639226
996.6163611788459,1661.0266604321662,1296.6615427312684
996.5911580549406,1661.7383501767026,1297.7676221160796
996.6707730326933,1662.5032201047484,1298.904124472459
996.83622181806,1663.316027951329,1300.0645034521035
997.0812276987775,1664.1606411302039,1301.240060681225
997.411563394727,1665.0083245852227,1302.404768222397
997.8301668147537,1665.8271095393932,1303.502751343618
998.327108997329,1666.6078081669507,1304.4658802026115
998.8789580387219,1667.3749702520981,1305.2422754110548
999.4549720511619,1668.1591278387266,1305.798731419047
1000.0295101141181,1668.9707755551494,1306.114608647463
1000.5883517087079,1669.8090323247866,1306.192011235277
1001.1203586472488,1670.6766723616222,1306.0633893568481
1001.6064460602898,1671.5760011878876,1305.783135140828
1002.0253195104358,1672.4981611008598,1305.4163831613068
1002.3718560006239,1673.418154055346,1305.0280091216982
1002.662944514246,1674.2981847024828,1304.6667754010437
1002.924747996472,1675.1016198075072,1304.3528602723668
1003.1765414297771,1675.8045158446996,1304.0746013069686
1003.4215783290788,1676.3963282928903,1303.7944621942659
1003.6477395124529,1676.8810987108745,1303.4673472000811
1003.8355024173597,1677.2781513345246,1303.0613339158588
1003.964907756976,1677.6112396341891,1302.5633998225287
1004.0169835812148,1677.891810865797,1301.9723840240204
1003.9769884756894,1678.1158808173652,1301.2959364793758
1003.8427639749736,1678.2775164563468,1300.552830318688
1003.6261962991355,1678.3775741499114,1299.7660582259332
1003.34517779887,1678.4204929797472,1298.9499525199833
1003.0194382845372,1678.4128017048552,1298.111563095076
1002.672742483658,1678.3649940288913,1297.2656948776541
1002.3320620771846,1678.2886324380904,1296.4424284400784
1002.0237044622556,1678.1916610289336,1295.6822376414982
1001.7730849904947,1678.0778648625724,1295.030208103349
1001.6060730711135,1677.9482802550751,1294.5298181457626
1001.5459700439301,1677.8024361625528,1294.2121577014907
1001.6066254915238,1677.6402072517535,1294.086266556995
1001.7873004077303,1677.4631848902807,1294.1377419609564
1002.075535380287,1677.2738519870773,1294.334853275583
1002.4593525742724,1677.075177642042,1294.637126058107
1002.9352631546866,1676.8737133148052,1295.0029975297248
1003.4992779511564,1676.6821790769452,1295.3949650341863
1004.1387022111265,1676.5149032231013,1295.7836156866108
1004.8408360800622,1676.3756509487584,1296.1489080567303
1005.6005069573014,1676.2516758882189,1296.4770981160545
1006.414312034216,1676.1272731859692,1296.7599583031144
1007.2733803806069,1675.9991496287332,1296.9947585468842
1008.1623419878629,1675.8761243040024,1297.1810304653063
1009.0599781020279,1675.7762726492685,1297.3203788445012
1009.9394073186388,1675.7226392093962,1297.4153393644408
1010.7733845470761,1675.7333414145642,1297.4701325923058
1011.5440888088253,1675.8170878631072,1297.5038651112268
1012.2497950329978,1675.965581464036,1297.5542265610873
1012.9056488996431,1676.1421764869806,1297.6560857506292
1013.5349521093608,1676.293393848176,1297.8157293216618
1014.1491577164737,1676.3836687075154,1298.0010317236442
1014.7293235752873,1676.4214386020674,1298.1566752064905
1015.2269409860016,1676.4523682863983,1298.2371641022337
1015.5881608302489,1676.5273515328336,1298.2349936925311
1015.7831249156837,1676.6724920214313,1298.1850320045985
1015.8186264666015,1676.8781091215242,1298.1413916262125
1015.7333486541952,1677.107744530402,1298.1441164730113
1015.5837724669724,1677.3172911872184,1298.196278086622
1015.4232373247489,1677.4720518790095,1298.2582390051462
1015.2801008005466,1677.5583170356401,1298.260038101553
1015.1485796206603,1677.5878018028814,1298.1257911047394
1014.9989723120627,1677.5926496350546,1297.7970339369356
1014.7931712159086,1677.6130102862248,1297.246955339989
1014.4921011104759,1677.6805469587855,1296.4852235524354
1014.0615508228375,1677.8082074496929,1295.5562078000514
1013.4805856267665,1677.9945620008712,1294.5284340290368
1012.7510273838377,1678.2336966317414,1293.4771831929781
1011.9060549298315,1678.5178132422539,1292.470916335312
1011.001301993208,1678.8370196598494,1291.5669947818787
1010.0909122527282,1679.1869668631848,1290.8169930196802
1009.220509628027,1679.5732193967372,1290.2709140710813
1008.4334948926182,1680.0002496102006,1289.9672974031612
1007.7644905687685,1680.4598497371003,1289.9211399265623
1007.2265095719824,1680.9351554471884,1290.1259774155371
1006.8074658139647,1681.4122253289083,1290.5616189041305
1006.4774905351983,1681.8875801675092,1291.1976543186897
1006.1991474173113,1682.3704937810528,1291.991683209989
1005.9315374181574,1682.876394678205,1292.8825954552894
1005.634106361986,1683.4205581423641,1293.797297860217
1005.2757877158052,1684.0197635599206,1294.6737964407994
1004.8425245533598,1684.6881507809417,1295.4744616168086
1004.3422863079476,1685.4306603273028,1296.1886508820407
1003.8054960291958,1686.2459681444907,1296.8342360729137
1003.2737957167141,1687.12857703839,1297.4459956370977
1002.7838775133755,1688.065195009926,1298.0514779850369
1002.357638024627,1689.0409017624324,1298.661792951714
1002.0035136608927,1690.0517375689833,1299.2816314430693
1001.7244579839829,1691.0984538104124,1299.909843827188
1001.5197316741651,1692.1681096555862,1300.5302703864222
1001.3847418490606,1693.2313157063134,1301.1145940320873
1001.3202159338092,1694.254581559178,1301.6301525612898
1001.3336321207064,1695.2136798160113,1302.0340681120256
1001.4191583784266,1696.105355378892,1302.2606935665276
1001.5401947405747,1696.9579571639258,1302.2310850750303
1001.6345369274819,1697.8362103698914,1301.8951227617995
1001.6342124902894,1698.8265186921994,1301.2735463489416
1001.4929902413888,1699.9938306298172,1300.4595758393943
1001.2154233842961,1701.3357773967537,1299.5832860635226
1000.8676865386199,1702.7792571845878,1298.7759593225232
1000.5570125085818,1704.218862901004,1298.1444751059662
1000.3929256820832,1705.5543629184888,1297.741347273927
1000.4526143560771,1706.7139784501958,1297.547934632576
1000.7601943592447,1707.6677027871938,1297.4857004927007
1001.2820221225352,1708.4199376771553,1297.4351149330657
1001.9372541572245,1708.992051298656,1297.2571057541709
1002.6189356161811,1709.4130878242304,1296.8248189002336
1003.2201534946794,1709.7141445148775,1296.0549791525486
1003.6557336780565,1709.923076460836,1294.923610209625
1003.873912443783,1710.0608814681937,1293.4600310036687
1003.8642587370607,1710.1385834592156,1291.72337933818
1003.6597508898672,1710.160468421034,1289.7778189935404
1003.3218655300377,1710.1393556356534,1287.6867164716523
1002.91764310735,1710.111462741374,1285.5244896975712
1002.5103521740168,1710.1285020423634,1283.3815828953225
1002.1645038395208,1710.2291582474377,1281.3536148365085
1001.9480691583174,1710.419942841449,1279.530524655511
1001.9220121994126,1710.6800098710637,1277.9925127991107
1002.1216767547206,1710.9764847090014,1276.8057165621885
1002.5421319081394,1711.2763371037724,1276.0143815988272
1003.1391460861992,1711.5515967382617,1275.6302157880878
1003.8454784647897,1711.7821820950667,1275.626139198942
1004.5878835109777,1711.9586917901665,1275.9424009593472
1005.2977137259672,1712.0829514223583,1276.50315478391
1005.9213201067009,1712.165348391039,1277.2353934080234
1006.4305279598178,1712.214284009816,1278.076568225682
1006.8283716682876,1712.222779596852,1278.9702314179478
1007.1475242220647,1712.175176302348,1279.868945203446
1007.4366813417595,1712.0703092443412,1280.742028034944
1007.7364567596012,1711.9285299007613,1281.570354178671
1008.0611526323956,1711.7790305541018,1282.3361277253118
1008.3989451446084,1711.6486280789466,1283.0221346406602
1008.7249949901993,1711.5566101646327,1283.620379074044
1009.0176267570275,1711.5104052337922,1284.143532781388
1009.2697058711319,1711.5039343547683,1284.627716291129
1009.4874903010666,1711.5171123574369,1285.1143153373614
1009.6814980538056,1711.5177161305314,1285.6189646106004
1009.8607203293719,1711.478270227624,1286.1195652790798
1010.02563661006,1711.3983811937528,1286.573400943905
1010.1531608844,1711.3072482280118,1286.9412876876645
1010.1929419310845,1711.2475827637843,1287.2110227848798
1010.095696816861,1711.2523974088322,1287.4201559219753
1009.8546766764321,1711.3199811709967,1287.653806397922
1009.5230195947569,1711.4054556268013,1288.005461009149
1009.1935731338514,1711.4462491271643,1288.5306176972933
1008.9570475600858,1711.4019009093754,1289.2199170627443
1008.8636826579151,1711.2740233865727,1289.9933457575928
1008.9055426483371,1711.1042090019753,1290.7210383890797
1009.0257740313104,1710.9593119719327,1291.268265833392
1009.1450809143843,1710.906210099215,1291.5386803151125
1009.1872446020016,1710.9912479124446,1291.4991177204743
1009.0982530221683,1711.2296125578725,1291.1797326842536
1008.8621151137831,1711.5960886381001,1290.6467450961927
1008.5083310688669,1712.0327412195734,1289.9725296167287
1008.1006766144601,1712.4807303709943,1289.2267641098802
1007.7129206374549,1712.9060101281937,1288.4777040504844
1007.4110927243356,1713.2993136725613,1287.7858367326928
1007.2474417647622,1713.6618554678482,1287.1910306925542
1007.2569070989055,1713.9954282938058,1286.7105992948043
1007.4506614007853,1714.3029933720795,1286.3514122902038
1007.8081465746344,1714.5893928517908,1286.1145109655247
1008.2759071501923,1714.859389925283,1285.9885246109047
1008.7815886210926,1715.1215821880069,1285.949335725561
1009.2583315749199,1715.3961639878705,1285.969190910031
1009.6609869546583,1715.7206746443414,1286.0274296483706
1009.9650133826401,1716.1452276834616,1286.1114402659969
1010.1647483670467,1716.7076774374666,1286.2004279366754
1010.2793862613848,1717.4107293153347,1286.257817004552
1010.3484361634968,1718.229649618835,1286.255067253163
1010.4127847106771,1719.136191938308,1286.1945720463505
1010.5013191071428,1720.1100860411252,1286.0990035828943
1010.6273928534522,1721.1378860076056,1285.9871749073
1010.7823983591602,1722.215816979442,1285.8688445406437
1010.9346906995106,1723.3496358981674,1285.7528872453565
1011.048107823654,1724.5390904194066,1285.6486586860065
1011.1044142076693,1725.7655414367848,1285.56233601533
1011.1105570216104,1726.9930548354143,1285.4892702715267
1011.0907726179797,1728.1771172316012,1285.4008474119807
1011.0674900383194,1729.2846315944903,1285.2402098547584
1011.0371752749443,1730.3175588706063,1284.9371877798278
1010.957461261647,1731.31543050637,1284.4346058981932
1010.765456888628,1732.3317070735384,1283.715560243532
1010.4186523946975,1733.4097942978174,1282.8247696476008
1009.9209213555531,1734.566445393623,1281.865883056642
1009.3233223130504,1735.7768183073545,1280.9654944583174
1008.7101369018601,1736.980001405531,1280.2263386756335
1008.171606007335,1738.108767370519,1279.6975820387438
1007.7780888359555,1739.115648662308,1279.3674819819662
1007.5624884620762,1739.980960774402,1279.1681269313874
1007.5064030193784,1740.711986906167,1278.992447552113
1007.5432732056447,1741.334827582944,1278.7251622753179
1007.5815454455259,1741.8771266476715,1278.2753487886696
1007.5352359728593,1742.3563370031034,1277.5991310077375
1007.3505221802375,1742.7807018721498,1276.70390355693
1007.011728842999,1743.1519632922636,1275.630790650479
1006.5292157994669,1743.4676470829281,1274.4319045553955
1005.9346987054943,1743.7318187786768,1273.1626877501299
1005.2795826289935,1743.9625308253967,1271.879219449602
1004.6144429724811,1744.180430897764,1270.623304599799
1003.9687015412646,1744.397727054195,1269.4129971238622
1003.3535021258681,1744.618189644771,1268.2521857514223
1002.7690381448508,1744.835042908989,1267.1441536500674
1002.2044770000653,1745.0365768585932,1266.106006057944
1001.6440837728026,1745.2216779762707,1265.1817358433382
1001.0778641354176,1745.400339962736,1264.4365519882992
1000.5056572221101,1745.580189967106,1263.9329699764842
999.9335672814135,1745.7579791236722,1263.7029842601646
999.3688843496146,1745.9218454741388,1263.7323877781926
998.8216801659453,1746.0637247030368,1263.9746521939846
998.3084429471978,1746.1854163482985,1264.3801135009548
997.8507740979448,1746.2896070989095,1264.9102341730788
997.470928521124,1746.3766161099345,1265.5379282149504
997.1836817827117,1746.4478559522363,1266.243670726102
996.9896477056826,1746.5003894097713,1267.0053047715169
996.877616372144,1746.5238824021317,1267.7903388608752
996.828879428899,1746.5125148225802,1268.5648046097915
996.8162187311267,1746.4770486442135,1269.3094443132725
996.8069691771036,1746.441522552011,1270.028967045901
996.7739973404271,1746.428492967459,1270.75304126093
996.7026826284016,1746.441108463731,1271.5251082919604
996.5990269176397,1746.45260852747,1272.3864819803593
996.501051516257,1746.4128406558827,1273.361474804586
996.4656150489354,1746.270891171911,1274.436981635619
996.5288000968387,1746.0077673606818,1275.5498339515145
996.6711009167178,1745.6603739452391,1276.5987699672014
996.810796663033,1745.3143787343986,1277.4868012554975
996.8358026315924,1745.0629684987641,1278.1793014524278
996.6617406511872,1744.9557512054728,1278.7351484844478
996.2865795465383,1744.9759722529232,1279.287833445685
995.8102865674794,1745.0575182271373,1279.9878148575833
995.3980389461207,1745.1213091410486,1280.9307943850947
995.2053249959865,1745.1071992469697,1282.1075544160021
995.319394000362,1744.9920950545288,1283.4085788287252
995.7433202404825,1744.796276318657,1284.6775707875413
996.4040208381383,1744.5707404657862,1285.76384220774
997.1782656317102,1744.3700167209954,1286.5478299930032
997.9371642613046,1744.2375131664726,1286.9617496582443
998.5826825007109,1744.2065749528633,1287.007895742332
999.0595549264792,1744.2949852817198,1286.7463369203265
999.3504067210578,1744.4927709023896,1286.2533675201857
999.463991991467,1744.7677678070856,1285.5905093561155
999.4306536621187,1745.0920820972528,1284.8061583016665
999.306001256756,1745.4589079992907,1283.947796862024
999.1647020973804,1745.8741378599277,1283.0623287926705
999.0848141129054,1746.3439025684806,1282.1948311027024
999.1309331293236,1746.868233821751,1281.3891297669322
999.338854793672,1747.43235131265,1280.6788732719701
999.7117015613696,1748.0070135995595,1280.0818196415403
1000.2211303231271,1748.5649464280602,1279.6038414425411
1000.8067231806974,1749.0957017470375,1279.2381677967937
1001.3890229154945,1749.6082272121846,1278.9630239661842
1001.8953932759466,1750.1251917066716,1278.7454860510225
1002.2771133602429,1750.6760453088173,1278.549659052936
1002.5121447905606,1751.2901406237281,1278.3478685587704
1002.6061672256739,1751.9851953920613,1278.125830575085
1002.5916126299768,1752.7567095496038,1277.8767417188212
1002.512538897897,1753.583680460649,1277.5976951584103
1002.4045709846948,1754.4450093630921,1277.2939545064112
1002.2881634258564,1755.3268044534532,1276.9790635637416
1002.1709485229849,1756.223443895044,1276.6674878076692
1002.0516279895836,1757.138584482354,1276.365904166649
1001.9268206137525,1758.0799982541744,1276.0700531460177
1001.7918420471104,1759.0551925992352,1275.7754328569665
1001.6348009656067,1760.0696301816906,1275.4913222297978
1001.4414728652139,1761.1181154222875,1275.2393338962136
1001.2101596226995,1762.1805161060827,1275.0437692047462
1000.9602061035937,1763.2279443583545,1274.9224608265151
1000.7258290659955,1764.2249145587539,1274.8693558484276
1000.5395909176583,1765.132607312379,1274.8385505982155
1000.4177864229011,1765.928537554897,1274.7523578251362
1000.3472641024731,1766.6293908730067,1274.5311068742906
1000.2784714796345,1767.2877960167807,1274.1237525525435
1000.1474441046997,1767.9587972542897,1273.5238968903686
999.9155205070632,1768.6681722638623,1272.7717235677594
999.5881918307817,1769.4083421686287,1271.9452216620793
999.2064397987688,1770.1471095142606,1271.1316166566633
998.8293767060464,1770.834542255218,1270.3883835699546
998.5139879813739,1771.4209897800752,1269.7266332708723
998.2894333547943,1771.880280060364,1269.1190368295847
998.1442556981124,1772.2162887902705,1268.5160290668869
998.041193644061,1772.4561435482317,1267.8669144263813
997.9347671495848,1772.634486931223,1267.133342436314
997.7754090520033,1772.7735152397568,1266.2931024160673
997.5200429662382,1772.8801800172291,1265.3501272811327
997.1496959594731,1772.958504645091,1264.3428019180199
996.6735594958473,1773.015327307167,1263.334201248919
996.1186353001597,1773.0599911051736,1262.3910908035284
995.517437469588,1773.1025230220826,1261.5661696922418
994.9053575394507,1773.1461522279676,1260.890155205299
994.3245344556452,1773.1820417468214,1260.3735171370097
993.8178034001019,1773.195202671889,1260.0133382639074
993.4106171742726,1773.17525027522,1259.7993848650297
993.0962612888701,1773.1204523490474,1259.7172278983069
992.838982051783,1773.033956255585,1259.7516887039692
992.5926973896965,1772.9232138548994,1259.892825416755
992.323568786872,1772.8061084120718,1260.1409293330944
992.026328646332,1772.709603696315,1260.503625570811
991.7220776145249,1772.6540431529236,1260.9860070577029
991.4411822466365,1772.6400775699212,1261.5842038580297
991.2112288194336,1772.6532625027342,1262.2863355074742
991.057135293653,1772.6792186444616,1263.0799667208576
991.002457497189,1772.7126533620483,1263.9597537347315
991.059567549155,1772.7519560284402,1264.9213472364727
991.2179541150565,1772.7905267242702,1265.9495966757077
991.4480442226734,1772.8160747591949,1267.017768165021
991.713319279538,1772.8128435184349,1268.0938452390635
991.9766192002808,1772.7702029801633,1269.1546036280702
992.2036324393025,1772.6948434651233,1270.2016578336313
992.3692627784421,1772.6044911116187,1271.2595923819129
992.4630845521326,1772.50829118829,1272.3638680007773
992.4924222543948,1772.3962318310132,1273.5515526646523
992.4863049080124,1772.2394364743375,1274.847103936631
992.4945457748408,1771.9968011073802,1276.2428899146098
992.5680339732479,1771.6292026474275,1277.6795089035866
992.725107600244,1771.1277452411593,1279.040640100661
992.9302774555317,1770.5436565578516,1280.1883419693067
993.095646957126,1769.9782789388023,1281.025516278979
993.1078158927644,1769.5295519329884,1281.5421792417937
992.8834723370009,1769.2436156117722,1281.8224689884814
992.4235863589173,1769.0998033264218,1282.0097269075386
991.8254720294742,1769.0285038090374,1282.2506508389808
991.2452911332753,1768.9508706876659,1282.649877434516
990.8375048860719,1768.811496138434,1283.2456602689715
990.7082835755562,1768.5872415647991,1284.0115106724165
990.8978215492475,1768.2790188246368,1284.880780160548
991.3833504217274,1767.8971368775901,1285.7726225645672
992.0957109951207,1767.4556918797111,1286.6075727102632
992.9419368251987,1766.9783253640167,1287.315866601656
993.8238264851207,1766.498758891685,1287.8427046045852
994.6560513570748,1766.0549424864746,1288.1543783597556
995.384039983733,1765.6824569900195,1288.2402300695671
995.9856356245909,1765.4059561845256,1288.1041270805802
996.4638738250951,1765.239741391167,1287.7584698847566
996.8490405140867,1765.1936282689373,1287.2249886842565
997.1961332859007,1765.2662189834027,1286.5304121359325
997.5682531755831,1765.438715953259,1285.7054960312478
998.0235273543362,1765.6867797364002,1284.7951045754276
998.6124165648179,1765.9952298687153,1283.86166899408
999.3699459204522,1766.352873645117,1282.968318146661
1000.3024178694556,1766.7393853535348,1282.1574431014194
1001.387891889045,1767.1275769733336,1281.4462076752257
1002.5844599873634,1767.493291203814,1280.8352560464316
1003.8326215318643,1767.8248448350494,1280.3181715993899
1005.0638607394253,1768.1301365777065,1279.8857456508917
1006.2181582593346,1768.4297031408994,1279.5266495231922
1007.2557613913002,1768.740400835187,1279.2279558607243
1008.1580864088787,1769.068556155497,1278.9740411955506
1008.9226302687604,1769.4162225909502,1278.7496399861714
1009.5606141896271,1769.7841044235447,1278.5451710058996
1010.0989823819767,1770.1688951424057,1278.3546470047552
1010.5761762670969,1770.5705217086904,1278.1752783941245
1011.0285935427221,1771.0018582364567,1278.0142924051374
1011.4794445843484,1771.4870901252516,1277.8926277657054
1011.9375979144518,1772.0519623909033,1277.8402134459307
1012.4033362143816,1772.7073274938339,1277.8855183922224
1012.8796470376376,1773.43051008244,1278.0443019496554
1013.3877587719469,1774.1598584066824,1278.3072612695692
1013.9698665453819,1774.8148644799007,1278.6281785654041
1014.6623217376696,1775.3400912484553,1278.9287726817504
1015.4596793046487,1775.742630462705,1279.123592181566
1016.3048235262994,1776.0843757226403,1279.1427215618219
1017.1101862809007,1776.4385982465483,1278.946710394545
1017.794217595458,1776.8525119902347,1278.5437361680079
1018.3166199811538,1777.3328964176642,1277.9972534624205
1018.695979053249,1777.851894471759,1277.409014687995
1018.998470241934,1778.362969236026,1276.8826865796968
1019.3037383324919,1778.8130495071794,1276.483327855088
1019.6713675271155,1779.151798359459,1276.2147963282996
1020.1267630135977,1779.3458767822708,1276.0307658718962
1020.6629348151336,1779.3894784935414,1275.8632027669191
1021.2451306830496,1779.2975418983976,1275.6403490056307
1021.8178591294629,1779.092667457923,1275.2993233589818
1022.3184378966967,1778.8018379668615,1274.8083266398528
1022.6941578505259,1778.451962282625,1274.1781321343028
1022.9148208390276,1778.0619452085423,1273.448174814165
1022.9736251952513,1777.6468409070796,1272.6686213338444
1022.8865838559035,1777.2249319344132,1271.889719165181
1022.6958334169033,1776.8147474379703,1271.1532589042727
1022.4629399198687,1776.4312297511283,1270.4906142820635
1022.2514498580684,1776.0871347716964,1269.9289567065819
1022.1081687541107,1775.7939246503506,1269.4945955787625
1022.0536327737016,1775.5572720110745,1269.2085528919342
1022.0899155276835,1775.3732022931736,1269.0855298680983
1022.212448505192,1775.2336053760914,1269.1416478327096
1022.4120821958554,1775.1348674505439,1269.3968179944325
1022.6722988150349,1775.07719823017,1269.8612398668906
1022.9713582882475,1775.0573223367203,1270.5204065261769
1023.2933763979947,1775.06913814954,1271.3404337183617
1023.6361480297754,1775.1113863405978,1272.2858003815559
1024.0051675112065,1775.1862908649966,1273.3255066672343
1024.4044407429815,1775.2910046105776,1274.429630681048
1024.8364301279096,1775.4169572682126,1275.5716482385992
1025.306990342744,1775.5561920482546,1276.7356135607054
1025.8187304770058,1775.701933892737,1277.9126189656229
1026.3593932146523,1775.8454013814796,1279.0883939249288
1026.9074148478783,1775.9803929887971,1280.2425449757088
1027.4401609657566,1776.1076909246672,1281.3535613715649
1027.9293282236226,1776.2291280335683,1282.3953052679506
1028.3408404383965,1776.3457260038704,1283.3396638246695
1028.64462838728,1776.468205202648,1284.1778477131547
1028.8250931405153,1776.6176961623673,1284.9390827909167
1028.890110541857,1776.805345648179,1285.6822812320493
1028.8755099068926,1777.0170623431898,1286.4722010544706
1028.8380386786291,1777.2174188447111,1287.3533746914295
1028.835094804878,1777.3616369634917,1288.3206521137683
1028.9008535685832,1777.4194338089644,1289.309069611026
1029.0281647302622,1777.4039641049967,1290.2220493200757
1029.1655255377175,1777.3730545502276,1290.9777081229865
1029.2382845707282,1777.3928875200927,1291.5425843687435
1029.1850100407391,1777.4936007752906,1291.9408422459878
1028.9894141650693,1777.6533424229767,1292.2416335184614
1028.6923418649762,1777.8156579902252,1292.526071610655
1028.3757001201789,1777.917853517388,1292.8477539939086
1028.1230440730735,1777.913924358269,1293.2143764387947
1027.9811273263674,1777.7851446099735,1293.5963090045036
1027.9500318552937,1777.5365480653415,1293.9448417563617
1027.9986867517734,1777.188464173044,1294.2070396668587
1028.0818080442941,1776.7762426624665,1294.3378056558013
1028.1511411128913,1776.3514367148966,1294.3079121625176
1028.1680958565642,1775.9651319728544,1294.0997487882119
1028.1100194686446,1775.6493020458572,1293.7014987294174
1027.9641159330579,1775.423388790747,1293.115456415549
1027.7263265275774,1775.3054242420287,1292.3642412152417
1027.4110969261076,1775.3055499928328,1291.4825264191109
1027.057526759206,1775.4204840112693,1290.5123945244231
1026.7238086504333,1775.639024262004,1289.5071839336222
1026.4736743294548,1775.9450127663067,1288.5280287802661
1026.3606894124018,1776.3152840101,1287.6313836122351
1026.4131857896268,1776.7228238197667,1286.860208429212
1026.624781289479,1777.1437655525897,1286.2408115118042
1026.9569440757155,1777.558948089881,1285.776643692082
1027.353450374163,1777.954629419945,1285.4450544019094
1027.756973013045,1778.329332102414,1285.212165077482
1028.1190040547433,1778.697871854039,1285.0565376933857
1028.4033323092165,1779.0818122086414,1284.9734153079235
1028.5870018879739,1779.4924310038068,1284.956756112123
1028.664322999399,1779.9230867318302,1284.9865156118785
1028.653763948706,1780.3587903439175,1285.035751119165
1028.5979969445448,1780.7944824852254,1285.0858388972765
1052.1867691236814,1206.9754622869543,1366.197138400492
1051.873674095156,1207.3170795644915,1365.5971186888596
1051.5515774666505,1207.6351512218591,1365.0796377678835
1051.209838115344,1207.9173035872805,1364.6890209286967
1050.8438282447398,1208.1646136220336,1364.4269077165682
1050.4510692884614,1208.38315983424,1364.273804529032
1050.0249562705703,1208.5746721303105,1364.207857212007
1049.5564156415346,1208.739631865603,1364.2098991847195
1049.0402391755956,1208.883579636635,1364.2637649468475
1048.4793453507423,1209.014920294417,1364.3571275204292
1047.8853728190588,1209.141075450899,1364.4812962889278
1047.272351383785,1209.2685093510192,1364.6307624305573
1046.6489293917075,1209.3997160615827,1364.802320134555
1046.018317633417,1209.5287550667576,1364.99504531891
1045.3832574201695,1209.6453694848294,1365.2116087579138
1044.7496087446002,1209.7439254888202,1365.4543169614687
1044.1280595018388,1209.8272255149454,1365.7158431564146
1043.5339894539027,1209.9061454296418,1365.9783652795638
1042.9810844340232,1209.9964733035738,1366.2251152914814
1042.473211844078,1210.1106712966957,1366.446156673897
1042.0066167924012,1210.2509253016694,1366.6321835384779
1041.5777270357414,1210.4126686100697,1366.7740672333368
1041.1876755223157,1210.5928202144944,1366.869653602249
1040.8438248530153,1210.7907427584896,1366.924471585874
1040.553430224187,1211.0043966477258,1366.94761358134
1040.3120213259879,1211.2302576799639,1366.9484776767827
1040.1028407511344,1211.4654333441783,1366.9343018236125
1039.9096025152726,1211.7061023897281,1366.9065658891138
1039.7266367178308,1211.9455263564332,1366.8547102641949
1039.5559095610859,1212.178423667502,1366.7549173806472
1039.3965812622384,1212.4068597815292,1366.5831929833353
1039.241922695031,1212.6391364464753,1366.3308426581084
1039.086090606549,1212.8827074539345,1366.0043808701396
1038.9285913588858,1213.137842864127,1365.614719692092
1038.7742271518198,1213.3973035742672,1365.169334322078
1038.6323886742748,1213.651814726541,1364.671137809012
1038.5127896207537,1213.8974475619893,1364.1215600036837
1038.4181890157781,1214.1382849918305,1363.5216881357096
1038.3429834939068,1214.3814967703358,1362.8698134818258
1038.2831960740477,1214.63316348692,1362.162506224676
1038.2482807867152,1214.8980155274114,1361.3972302547331
1038.259010921658,1215.1778784809867,1360.5698177995678
1038.3308417551418,1215.4704274567375,1359.6761890249124
1038.463188130202,1215.7711621559513,1358.7196778512796
1038.6459364139805,1216.0776515269258,1357.7105596426693
1038.8690292640276,1216.3937696941905,1356.6620939888076
1039.127480433429,1216.7293304071682,1355.5918778406042
1039.4231523491896,1217.0928615672512,1354.5235871651096
1039.7578822528658,1217.48331222402,1353.486393512198
1040.1238357468253,1217.8875998680212,1352.5121751927063
1040.5016794052058,1218.2826942499646,1351.6295998810099
1040.8600431917282,1218.6419021574316,1350.8583390692024
1041.1517042625953,1218.9474056725276,1350.2067100803902
1041.316333263709,1219.1990237032626,1349.670755267704
1041.2921572953107,1219.4089338460526,1349.2308397002446
1041.0286153660625,1219.5915327748155,1348.8488352701875
1040.497337907195,1219.7620050462556,1348.4790603780677
1039.6994909294233,1219.9406094386923,1348.0962934521865
1038.6677283666697,1220.1503064663757,1347.7127358586486
1037.464596752799,1220.4071800478068,1347.3612170388883
1036.1696699705963,1220.7172453403366,1347.0687729783056
1034.8530464864425,1221.0803676330675,1346.8440851261014
1033.5564792222842,1221.4927839158297,1346.6700191392083
1032.2938842270075,1221.9553841818247,1346.5021254784901
1031.061157996849,1222.4830996002743,1346.2817120850189
1029.8499779308515,1223.0955883745105,1345.9537518154898
1028.6620908615228,1223.7982303614024,1345.4819295868035
1027.5160702101005,1224.5790363596016,1344.8614590541385
1026.4432165860987,1225.4201221585035,1344.1204711190117
1025.4749308518508,1226.3018465198838,1343.3035860996313
1024.6313782452762,1227.1986941138548,1342.4509602983712
1023.9167961303027,1228.0857843913477,1341.5866413775984
1023.3163355618748,1228.950841616516,1340.716105739346
1022.7988504282579,1229.7921055281538,1339.8300419201173
1022.3284326943367,1230.6095652215151,1338.9127211041418
1021.8719584471247,1231.4053332680708,1337.951274118825
1021.3995808663817,1232.1888461714166,1336.9394597668327
1020.888541722902,1232.9744946245899,1335.8712050186484
1020.3289622672193,1233.770932958695,1334.7360264978345
1019.7208839694194,1234.575238463453,1333.5331649761495
1019.0688253162588,1235.377240627821,1332.2857857731603
1018.3839608459385,1236.1639520881554,1331.0297747895345
1017.6844480602991,1236.9199515399218,1329.7959752461306
1016.9876141670422,1237.6297162002588,1328.6075262190732
1016.3035828915588,1238.282756463904,1327.4843137157636
1015.6377104238873,1238.875545366533,1326.4450768292284
1014.9970402420047,1239.4085223147313,1325.5037711592229
1014.3922779998769,1239.8818149295225,1324.6649545248495
1013.8330976667149,1240.2926731570728,1323.9307540973869
1013.3227178525968,1240.6398500903647,1323.3130646761433
1012.8617099750371,1240.9313655516814,1322.8320343269334
1012.4566624443598,1241.1786592638566,1322.501745535541
1012.1173732288702,1241.383084517061,1322.3171477929495
1011.8447756055884,1241.541921983297,1322.2530340350831
1011.6261634888033,1241.6681311073055,1322.2743594991073
1011.4415281350742,1241.7918138388627,1322.344658615937
1011.273161837179,1241.9422521787055,1322.4278287716018
1011.1107017273471,1242.1325353326638,1322.4888251006885
1010.94792752899,1242.356198754609,1322.4980447526516
1010.7761752070303,1242.5980810442857,1322.4458597291768
1010.5838516878591,1242.847763966453,1322.3595996877098
1010.365479202136,1243.0951265398342,1322.3006929997857
1010.1304545520759,1243.3165995095283,1322.337539761644
1009.8960523392403,1243.478390849784,1322.5100937444308
1009.6639811129098,1243.556829972849,1322.8013917739554
1009.398739919453,1243.5536526688836,1323.1273790445603
1009.0296844538336,1243.4970969734354,1323.3551417693009
1008.4825840944844,1243.4341427537279,1323.3479401220766
1007.7217979727695,1243.4147928996476,1323.0176597094492
1006.774739209944,1243.4708289803816,1322.3634814852094
1005.7253176011222,1243.5996496371051,1321.4843437574782
1004.6865773715034,1243.7634987449387,1320.557702872802
1003.7678179473331,1243.9080347124827,1319.7921689617851
1003.0476107792931,1243.9877846427148,1319.3690993927369
1002.564022182988,1243.9766510614083,1319.3838751325447
1002.3189254769406,1243.86368605321,1319.8155682728877
1002.2849911609617,1243.6525080596778,1320.548302719559
1002.4145526614095,1243.3678427838734,1321.4215838112725
1002.6494410704457,1243.0564252276888,1322.2730397673702
1002.9275851668816,1242.7774761170685,1322.9627472771042
1003.1900612249968,1242.5882898738853,1323.3834043712156
1003.3909420578677,1242.530778484797,1323.4600497040947
1003.5051970453759,1242.6274791887404,1323.1481871409048
1003.5337275891395,1242.8886700495837,1322.4376600618527
1003.5040163811232,1243.3184330255062,1321.3614782671489
1003.4622670925178,1243.9106696497777,1320.0042386522402
1003.4625313326414,1244.6408495328521,1318.4931798110226
1003.5568713520129,1245.4635340679597,1316.9665641866725
1003.7826903825588,1246.3201686508878,1315.5454147115581
1004.1550581442312,1247.1560996305311,1314.3230577037373
1004.6685043203333,1247.9346440387017,1313.3601343379628
1005.2954524726756,1248.6358395596556,1312.6787444585434
1005.9846415006224,1249.248444654374,1312.2610884079913
1006.6720409199551,1249.7679737193453,1312.0568023792446
1007.2980041211598,1250.1953140249598,1311.9940822725198
1007.8197217740131,1250.533731091796,1311.9964290885405
1008.2155740395589,1250.792426911458,1312.0101912512253
1008.487126379609,1250.9896434021152,1312.0183863412817
1008.6602949590246,1251.146989491967,1312.0266775771593
1008.7769318183463,1251.282561811704,1312.0474080296367
1008.8800739372948,1251.4086359590763,1312.0955059537075
1009.0051464333587,1251.5333483307554,1312.187871328184
1009.1782157267359,1251.6631094688973,1312.340660881641
1009.4163045372338,1251.8028755238415,1312.564618890658
1009.7284808485776,1251.9561433577978,1312.8610344041995
1010.1176206033747,1252.124661919935,1313.219914879178
1010.5828379739387,1252.305415491368,1313.6220179094698
1011.1213409641871,1252.4854862570864,1314.0426447800803
1011.7281889527433,1252.6430233921242,1314.453667115294
1012.3951209139648,1252.7644554448254,1314.8285136187974
1013.1109925485866,1252.862255764723,1315.1499573299493
1013.8670724398494,1252.964998900222,1315.4122329820652
1014.6683047772063,1253.0918993350842,1315.6213654274839
1015.5436025868669,1253.2465183341424,1315.7983428406208
1016.5377146505717,1253.4285830715162,1315.9761904060447
1017.6825768634101,1253.6387202864878,1316.1874516510993
1018.9780747978215,1253.8749150598494,1316.4431942634308
1020.3984802411406,1254.139168872419,1316.7118381397065
1021.9081877740884,1254.4471152192325,1316.9150698596359
1023.4707184357294,1254.8193880720332,1316.94634953189
1025.0483477184926,1255.2656040591899,1316.7088995297906
1026.6058415290245,1255.780181539038,1316.1503858295812
1028.1224468311098,1256.3477744298673,1315.2706479390768
1029.5927859460198,1256.9477397756057,1314.114167721682
1031.0195873505602,1257.555263572352,1312.7541614247923
1032.412732269088,1258.147006708732,1311.267177869217
1033.7825718249003,1258.7083292898053,1309.7140706866905
1035.1244041739137,1259.2328597756984,1308.1338523324896
1036.4150142600622,1259.7172680832134,1306.545372340066
1037.6261490192858,1260.158224417636,1304.9521616567001
1038.7341640203506,1260.552672315957,1303.3485138751607
1039.714801213019,1260.8998100676868,1301.7335339224205
1040.5408669605333,1261.2040260249178,1300.1237415088326
1041.196650437924,1261.473930744971,1298.5436000140442
1041.6876546428862,1261.718651263325,1297.009703443165
1042.026991538122,1261.9482926674827,1295.5344667822678
1042.2221268733717,1262.1730066389678,1294.1332537267772
1042.283747514038,1262.3990211982637,1292.8177430950636
1042.2382500114384,1262.6336452161947,1291.5957372051669
1042.1244104743844,1262.8939969062267,1290.4794536147308
1041.9821116486853,1263.2015864155214,1289.4846981939854
1041.8434275436143,1263.5678550819998,1288.6304638503334
1041.7275191886379,1263.9879210605475,1287.9360085082108
1041.6430187865712,1264.44389635691,1287.4004698526528
1041.5942580026096,1264.9136358264489,1286.9934292852042
1041.5785735576587,1265.38352735805,1286.6818799700322
1041.5811820156007,1265.8524024082842,1286.4559688795125
1041.5834621777303,1266.3202730156313,1286.3187389035566
1041.5742033591227,1266.778945150374,1286.2662176275742
1041.5473393621603,1267.216533330013,1286.284600752238
1041.492375287758,1267.6260637459116,1286.3532974137847
1041.3915285511866,1268.004752383961,1286.4421397714768
1041.2244967265042,1268.3494490448657,1286.5122038692302
1040.9733113884802,1268.6612586910073,1286.5328645150587
1040.627996726557,1268.9507991338994,1286.5057905955919
1040.1937365076374,1269.2283740111118,1286.472000531519
1039.6904253919356,1269.4918262225424,1286.4992441713293
1039.1435659541428,1269.7298532723742,1286.6655644081848
1038.5769579246862,1269.9270481894373,1287.0377844276422
1038.008511579297,1270.0623877270564,1287.6392299965664
1037.4429028724167,1270.114453209085,1288.4229915564515
1036.864167385602,1270.074476096013,1289.270746548286
1036.2355446148886,1269.9598448882957,1290.019993086828
1035.5091440476774,1269.8143065743966,1290.5053454658487
1034.647115006086,1269.686193913371,1290.6009576163658
1033.6455149902642,1269.6063989527227,1290.2608575677007
1032.5401649749556,1269.5826928219194,1289.5407754077178
1031.3947941595907,1269.606102231476,1288.5818668763834
1030.2887894752412,1269.662538996276,1287.5599215902912
1029.3023402877602,1269.73378689658,1286.6238202149484
1028.493695832475,1269.793967311207,1285.862900839449
1027.8832264590528,1269.8225899531164,1285.309559670389
1027.4557951697745,1269.8161572921397,1284.9417963142366
1027.1740142310534,1269.7831527290655,1284.6883964200267
1026.9932993545758,1269.7389237098746,1284.4567381351087
1026.8793826879448,1269.7042448627303,1284.1635204536567
1026.8218602851348,1269.7013737527884,1283.749575556664
1026.8292974218496,1269.7511396497337,1283.1850109374254
1026.913579661994,1269.8734927158548,1282.4685396892596
1027.0819950827508,1270.0867145323944,1281.6215692871565
1027.3380691490609,1270.4028584382343,1280.6789777665642
1027.6855095811304,1270.8281526978385,1279.676671850421
1028.1282626729167,1271.3699681754706,1278.644975205405
1028.6671222761988,1272.0353393080343,1277.6110872432146
1029.3014268636848,1272.8224465947048,1276.6033223538768
1030.030748074009,1273.7206549251912,1275.6547566128393
1030.8490625074453,1274.7148056138913,1274.8013397348018
1031.7379516252133,1275.783690036552,1274.0741150364533
1032.6665616277146,1276.8991173970273,1273.4938938911312
1033.5975004812221,1278.0349619739375,1273.0711981113418
1034.4941224989807,1279.1787104658938,1272.8080925047711
1035.329386741947,1280.3267757476235,1272.6935477590353
1036.0932634692165,1281.46727572164,1272.6981947331838
1036.7855483103692,1282.5800817727993,1272.7903361922044
1037.401978062084,1283.6607280726373,1272.9607443822156
1037.9346314149511,1284.730624268715,1273.2194407324773
1038.3784700814253,1285.8093403624066,1273.568694313495
1038.731967826429,1286.8886180891047,1273.9917844539848
1038.9963356634062,1287.9470783238273,1274.4706847463076
1039.1757385429742,1288.9747378883712,1275.0012404178
1039.2785838063069,1289.9705319611078,1275.5852197502625
1039.3196797207738,1290.9267173334317,1276.218047842554
1039.3193419400363,1291.8264574695281,1276.8887351865903
1039.2987609966492,1292.6590749760219,1277.586639680847
1039.2760171531336,1293.4317024130262,1278.2984775465268
1039.261514122901,1294.1578353609266,1278.9859451878388
1039.252925457353,1294.8452122981168,1279.570264299869
1039.2391508142941,1295.5094688511672,1279.955711868005
1039.2144783000274,1296.1879248720384,1280.0800539495835
1039.1863714273732,1296.9222496794985,1279.9552671939427
1039.1687921815942,1297.7307877112225,1279.6704448660348
1039.1754970667462,1298.6020048909097,1279.356446605529
1039.219116234025,1299.500166791103,1279.1393081510596
1039.309638360516,1300.3718242047728,1279.1076427046844
1039.4554954481746,1301.159751630554,1279.2983109738725
1039.6650147952857,1301.816198121304,1279.685664788315
1039.936619615743,1302.3093869441554,1280.1779503633118
1040.243950205623,1302.6288546352525,1280.6457843274545
1040.5373001580504,1302.7827208277945,1280.9614673059718
1040.7645507247219,1302.786999493556,1281.0156154371252
1040.893095462618,1302.6630483278136,1280.7338855082303
1040.9175524772763,1302.442232970595,1280.1011599327214
1040.8506075435766,1302.1640096494993,1279.161715927587
1040.7130807202288,1301.8668642405166,1277.9980685153591
1040.538851053113,1301.5796916236934,1276.7122911326521
1040.3751796156166,1301.3190158729642,1275.4101833568575
1040.2642425295671,1301.0923358039422,1274.1846034726361
1040.2286656239394,1300.8997787247108,1273.1029408573045
1040.2740744689465,1300.73113963745,1272.2011866408882
1040.3962859837036,1300.5701183847477,1271.4899585795993
1040.5808823131636,1300.4069865903002,1270.9679768938186
1040.8019463697226,1300.2422388470723,1270.6287338026468
1041.0356872066154,1300.0756642939045,1270.4646681443833
1041.2799293437477,1299.8981342511693,1270.475368805619
1041.5546416336715,1299.7013502456682,1270.6707376296902
1041.8806556597826,1299.4908473329558,1271.0637406082217
1042.2622905871674,1299.2801523456212,1271.6601486120376
1042.6943517513746,1299.0759868025857,1272.4530778314772
1043.176233541461,1298.872439901362,1273.4203694892633
1043.7115175491704,1298.6538141964672,1274.5258814565236
1044.3056051479002,1298.4096257534081,1275.7327522723508
1044.9683036470142,1298.1518907226794,1277.0189207360022
1045.708571587705,1297.9023322307582,1278.3741238262392
1046.5278128724055,1297.6644642720244,1279.7858320957696
1047.4185108243414,1297.4248745299099,1281.2386674224829
1048.3621800058481,1297.1737519024232,1282.7205501339106
1049.3320415478358,1296.9103095512703,1284.2130772943253
1050.3010187501313,1296.6331808179102,1285.6790031589017
1051.2444118797823,1296.339138220773,1287.0703719591386
1052.1379408364044,1296.032007423761,1288.3473918218085
1052.963061560686,1295.7238370593998,1289.4929742661332
1053.7184095145954,1295.4283295248079,1290.5228465065281
1054.4199377715595,1295.1474757690503,1291.4786906408267
1055.0891894481058,1294.857926364583,1292.3991190034462
1055.741164506752,1294.5245951961442,1293.2936460261353
1056.3705625779953,1294.1315049243199,1294.1319451247105
1056.9467431938274,1293.691529058666,1294.8472665337385
1057.4326202203806,1293.2330321315926,1295.3619637733104
1057.8096939847148,1292.7820776253457,1295.6223718437811
1058.0863444076838,1292.350446395456,1295.6213075822418
1058.2900657597952,1291.9370541506694,1295.407680937829
1058.4533226729789,1291.5371192903833,1295.072146275368
1058.6039147991053,1291.1380692614832,1294.6949670620354
1058.7612608546974,1290.7142413418942,1294.2977643522538
1058.9323417702906,1290.2496199182638,1293.850943564461
1059.1101592542436,1289.7588646940953,1293.3117029223372
1059.27975356083,1289.2724655448396,1292.6430372159728
1059.4279857008282,1288.814976334715,1291.8178487794348
1059.5491860011905,1288.403652130957,1290.8270392358227
1059.6432911561205,1288.0556050882406,1289.6826211316431
1059.7138483297663,1287.786301743621,1288.4064787740929
1059.7710732280623,1287.6070218056473,1287.0212961810378
1059.8293820707397,1287.5335071996576,1285.5559026729636
1059.897849843285,1287.5863210449193,1284.0469633952803
1059.979369328462,1287.7753290322655,1282.531403326352
1060.079427440657,1288.0939141458366,1281.050593857802
1060.2079794276044,1288.52572631349,1279.6607150607015
1060.3710089734045,1289.0501878626474,1278.4257369578745
1060.567374669613,1289.649374946474,1277.4008098435133
1060.7947106623872,1290.3106902109537,1276.6151289275108
1061.0500656970014,1291.0173341353004,1276.0530826897163
1061.3213335576268,1291.748299663313,1275.6600034192052
1061.5821380317502,1292.498966297334,1275.376550142386
1061.8004367072192,1293.2882131772767,1275.1603535088323
1061.9538219242133,1294.1341839664742,1274.985710576718
1062.0374381604977,1295.0346584548242,1274.844593514536
1062.0615212535401,1295.9761724224525,1274.7503120512088
1062.0422149613078,1296.9503548987673,1274.7322257410942
1061.9884789187222,1297.9559050272203,1274.818915749313
1061.8956033454394,1298.9878611136646,1275.0184922319384
1061.7552334118552,1300.034432353771,1275.3173611392565
1061.5690165052345,1301.0898373077541,1275.6998627727369
1061.3479780699831,1302.1554832761635,1276.1599563389686
1061.1036966025054,1303.221153586314,1276.7002022815725
1060.8460393558405,1304.2591948459828,1277.3314017753426
1060.5839314486736,1305.2397550563658,1278.0603356073448
1060.3217484419238,1306.1439020158932,1278.863798425605
1060.0544224101573,1306.9689280694354,1279.6762118282813
1059.7593399648965,1307.730170740584,1280.403433315736
1059.3944477199218,1308.4570189919325,1280.9498694710053
1058.9170010456944,1309.184225761825,1281.2473656311429
1058.3074729859843,1309.938151760417,1281.282165194248
1057.5813853331488,1310.7278875164577,1281.1160893877523
1056.7863978041614,1311.5500554777577,1280.8857512476745
1055.9840978362774,1312.3818954937258,1280.7557690798067
1055.2285957181903,1313.1675624305676,1280.8511469083367
1054.555734769186,1313.8408738021044,1281.2259496445588
1053.9816201400222,1314.3638416070935,1281.861867794948
1053.5032964217157,1314.7312385563073,1282.6642622998518
1053.0947368644531,1314.9529744319827,1283.4815474288337
1052.7049864242992,1315.0471472990698,1284.1636776063633
1052.2749366895146,1315.0383863889576,1284.6042269115044
1051.7597834781247,1314.9467575062292,1284.7372998806513
1051.1372300785522,1314.781596914698,1284.5316139793558
1050.4117972146148,1314.5537561244728,1284.002053290303
1049.6172595940943,1314.2883809747702,1283.2119976274405
1048.8029667277535,1314.0181025783208,1282.2498551575477
1048.0133284359981,1313.7675224484974,1281.1965878968147
1047.2825061369058,1313.5511564778578,1280.1121268655436
1046.643271664395,1313.3841255666327,1279.048153696037
1046.1296523913347,1313.2860728074072,1278.0638905576748
1045.765986408155,1313.2689122246086,1277.2196466530368
1045.5571265784513,1313.325430081826,1276.5603229901953
1045.4888649774,1313.432035134537,1276.1093080436424
1045.5344075822811,1313.557631710651,1275.869961676332
1045.6647364463101,1313.6761659157492,1275.8337982590601
1045.8572898896448,1313.7779983504188,1275.9896310727984
1046.0950275734358,1313.8641655409738,1276.3192026822665
1046.3630664560476,1313.9307734943495,1276.7901340243393
1046.6545268187735,1313.9686729995515,1277.367423278943
1046.9768909663608,1313.9745008037598,1278.0275897298304
1047.3467047532217,1313.9491496708392,1278.7553153368763
1047.7790493495181,1313.8866176296285,1279.5432424517483
1048.2803260499916,1313.7736894268087,1280.3970673888634
1048.8434705395293,1313.6016572880408,1281.319590587358
1049.4481105218715,1313.3766787581658,1282.2898624254449
1050.0710219586904,1313.1186644368534,1283.263662450693
1050.694508458176,1312.8489626957262,1284.1872130128277
1051.301109396142,1312.5813013584313,1285.0218811761813
1051.8710533989558,1312.320810226017,1285.7690048625252
1052.39353443743,1312.0611895287038,1286.4670782613894
1052.8769617494045,1311.7851204709557,1287.1680124672075
1053.3458746077727,1311.4741415835092,1287.9097835292105
1053.8259767238615,1311.1175197908105,1288.6926765677829
1054.3259477343422,1310.7141790434216,1289.474583819659
1054.8282528579587,1310.2752201821665,1290.1800834080298
1055.2904149994977,1309.8277731740038,1290.7066338601014
1055.6545866145846,1309.4046827734692,1290.9412965872482
1055.8704151505701,1309.0250027413974,1290.8044832992791
1055.9198519253237,1308.6928125012848,1290.2985854430674
1055.8264108648118,1308.4060668547345,1289.5188128339505
1055.6479465031944,1308.1486531362068,1288.614392356923
1055.458447306298,1307.883106855052,1287.7344429873865
1055.3290177847691,1307.5710432828687,1286.9945215389093
1055.3146766188493,1307.201424240828,1286.4631723622078
1055.4443370436982,1306.790844487468,1286.1547204485043
1055.7164413496362,1306.360950034288,1286.0345615941942
1056.1050671580192,1305.930312969164,1286.0403769407917
1056.5721064455188,1305.5233890828133,1286.0996980169577
1057.0767109951591,1305.1675950691138,1286.1365027202244
1057.5807312395239,1304.8837320327161,1286.0792764136324
1058.0571127871483,1304.6875511584444,1285.871542752899
1058.4989288470808,1304.5966187759423,1285.4815003571453
1058.916126195133,1304.6338514745682,1284.910331236828
1059.3241221435028,1304.8195330589415,1284.1879625570116
1059.740242682818,1305.1558554608516,1283.357923955798
1060.1860656303252,1305.6250170399262,1282.472044518797
1060.6842205299865,1306.2030425520409,1281.593038239924
1061.248991871428,1306.870910650812,1280.787206427863
1061.8798529511175,1307.6175699714538,1280.1113719360665
1062.5628169961076,1308.4373856403554,1279.6014169730024
1063.2739256140662,1309.315471205793,1279.2569089456413
1063.9827387277787,1310.2196935633665,1279.0388933672882
1064.660638954708,1311.124655905085,1278.8980580230916
1065.289303867809,1312.031816463467,1278.8013063478477
1065.8598846250993,1312.9511920142163,1278.7328961775916
1066.3689011147105,1313.8805850723184,1278.691439282212
1066.8215506680576,1314.8150415342893,1278.6896311329426
1067.2335314293837,1315.7592104073913,1278.741475198805
1067.61969701229,1316.7164818465099,1278.8463146389074
1067.984376531816,1317.6825953448918,1278.9909932290846
1068.3277408078186,1318.66106601995,1279.1631589370209
1068.6540213840615,1319.6689655014723,1279.3580032615052
1068.971517598322,1320.7209126521193,1279.577348494675
1069.2891324415577,1321.8112867361374,1279.8214370908254
1069.609067572991,1322.9091697002536,1280.0744515122506
1069.9219810180612,1323.976225839778,1280.3016810692868
1070.2094045980725,1325.000784759181,1280.4641777233264
1070.4427918995998,1326.0093645739398,1280.52423378995
1070.5834020768525,1327.0368382989727,1280.439268155826
1070.5975643577133,1328.0980829178336,1280.1801806091712
1070.4774381952925,1329.1905696209615,1279.7689327243659
1070.2463226200098,1330.3013261334916,1279.2910877949705
1069.9464420949412,1331.4027187970921,1278.8703789645301
1069.6257527695468,1332.4501756104382,1278.620195613431
1069.3319293230493,1333.3939187262524,1278.6019275064048
1069.1012048191465,1334.1980893415305,1278.818037074306
1068.9418842793716,1334.8475244322055,1279.2219189395287
1068.830597532119,1335.3404335291398,1279.718147632298
1068.7238817558016,1335.6843625223778,1280.1736045480961
1068.5741111166687,1335.9020412277582,1280.4607680688885
1068.342406465224,1336.0290664655352,1280.5058147974457
1068.0088124421081,1336.0948942769537,1280.299608402946
1067.5784981901961,1336.10818874517,1279.8690086689562
1067.0764059552216,1336.0615861716733,1279.245819631436
1066.5371039669058,1335.9506149847155,1278.4627515289858
1066.000043816197,1335.787054374256,1277.5618361165193
1065.506438897411,1335.5925227081284,1276.5912983662222
1065.0958729569518,1335.3927345274403,1275.6047937109604
1064.8012085968062,1335.2207152025655,1274.6655899913142
1064.642528071263,1335.1025615167623,1273.8300260289295
1064.6281838858783,1335.0399235706711,1273.1318618169216
1064.7604026952308,1335.0212874964036,1272.596785129987
1065.0342251838417,1335.0376922653406,1272.2527745423595
1065.430470155627,1335.0775658109787,1272.1122579961113
1065.9141518015344,1335.1197995273264,1272.155941442912
1066.4418809874228,1335.1434766167813,1272.341956203258
1066.969062400659,1335.142895627471,1272.6287338134607
1067.4536435430714,1335.1245136883501,1272.9876546778228
1067.8636017234826,1335.0906969786686,1273.4020729842782
1068.1851749923994,1335.0328643007213,1273.8632168371628
1068.4199116008162,1334.9319480946199,1274.360832521067
1068.575069174451,1334.7652174536847,1274.8790476388485
1068.6604707716224,1334.5257339370326,1275.4116547359004
1068.6857172814189,1334.2283677056432,1275.9681438887153
1068.6544421540461,1333.8892236180964,1276.5525818000663
1068.5701924948246,1333.5138817471145,1277.1533551548393
1068.4479932414458,1333.1123379161256,1277.7646899159972
1068.3120312651956,1332.7094261566756,1278.4044859655553
1068.184568292402,1332.3244021477572,1279.0992718239481
1068.0815639715279,1331.9474963249024,1279.859922290774
1068.0145809283915,1331.5497680744404,1280.6742545674115
1067.9881043803696,1331.1117501615781,1281.5044860584585
1067.9920488024254,1330.6396344670443,1282.283360076764
1067.9990209706434,1330.158397331631,1282.9218804677362
1067.9710652832748,1329.6959569556757,1283.3364521953818
1067.8772574002335,1329.279356767934,1283.4903854328516
1067.7133647920725,1328.932555477642,1283.4196433235961
1067.5050873192406,1328.6577725690288,1283.2139382592145
1067.292660617321,1328.4244964646732,1282.9730725641984
1067.1119163168255,1328.1900128125462,1282.7762799019065
1066.9824768712413,1327.9261195332824,1282.6686808239394
1066.905698934459,1327.627020403727,1282.6551321177599
1066.870989272651,1327.3055016621356,1282.6980240769226
1066.863693687396,1326.9910238573923,1282.7245359363178
1066.8660831758723,1326.7331815673379,1282.6574312615594
1066.8541367715932,1326.5911253396607,1282.4491931247926
1066.8027794825582,1326.6021321944538,1282.084081601107
1066.700175565285,1326.7663752759725,1281.566818074623
1066.5576685578853,1327.0621289220592,1280.9276316640985
1066.4060903073212,1327.4619675342171,1280.2283394504734
1066.2825131589618,1327.9408694071512,1279.5546907559385
1066.2201573634711,1328.4863108460447,1279.0076602583758
1066.2435549499514,1329.0972969456504,1278.6881000980848
1066.3595427646542,1329.7627952015036,1278.6588318518138
1066.5492186302056,1330.4553730037314,1278.916485744244
1066.7750334453413,1331.1545826004362,1279.4029008407883
1066.9969699659562,1331.8577132373111,1280.0305685034473
1067.1833010181906,1332.5707755465553,1280.7074718719223
1067.3138736597398,1333.3037279912141,1281.3636152965976
1067.3800518935811,1334.0696259350727,1281.9637999529134
1067.38518766907,1334.8829833565924,1282.5010268545284
1067.3443082931396,1335.7496000664853,1282.9792277714992
1067.280151154894,1336.6584799117145,1283.403200205443
1067.215609717736,1337.5941630796954,1283.7834561940485
1067.165259973367,1338.5484251820976,1284.1378607631045
1067.1343638141923,1339.519753082312,1284.487034879711
1067.1239560899048,1340.5136365780736,1284.8505616546943
1067.1311344576648,1341.538530757067,1285.2362807466322
1067.1526673945245,1342.5956863708493,1285.6262244078287
1067.1968155104073,1343.6794642157522,1285.982948140195
1067.278260842945,1344.7863103599698,1286.2810268415637
1067.3980245632313,1345.9098720852262,1286.5210263591232
1067.543626011712,1347.0270067084075,1286.7055353119367
1067.7022012477964,1348.101445663824,1286.8195730136842
1067.8571412165961,1349.1029470415572,1286.8342856222007
1067.9794576446538,1350.0165047465728,1286.7126848691173
1068.0341474863856,1350.8372799804592,1286.4156426055752
1067.9913740898455,1351.5673563823098,1285.9157367755606
1067.8337421572,1352.213821796086,1285.2112987902644
1067.564145228278,1352.7783323500776,1284.331491520118
1067.204159578343,1353.2491072841822,1283.3304489998413
1066.782077322139,1353.6108368418518,1282.2771797226642
1066.3254429133851,1353.8612678863024,1281.2440477366263
1065.8555815940786,1354.0123966166434,1280.2863847857884
1065.3832598358326,1354.0831615828702,1279.4271107471443
1064.9100836061818,1354.0946002365195,1278.660480584856
1064.4285320815695,1354.0563323967617,1277.9551155562583
1063.9241545083316,1353.9585568980795,1277.2559213365637
1063.3865360712748,1353.7912117973515,1276.506500931349
1062.8175271339187,1353.5672019413673,1275.6786227923988
1062.2287297072046,1353.3163826095777,1274.774059225557
1061.635562482139,1353.0569109570247,1273.7990112372154
1061.0557909494016,1352.793097556992,1272.7599410122523
1060.5115718985953,1352.5423421239534,1271.6888759272163
1060.0291609916774,1352.3302167139207,1270.64238193048
1059.6366259131137,1352.1648428284147,1269.6784249042496
1059.362238082271,1352.0420518027804,1268.8522410410674
1059.2282225802492,1351.9600827732827,1268.2116971851192
1059.2398207227466,1351.917242633942,1267.7781519712626
1059.3816509763287,1351.9050525557793,1267.5373475162398
1059.6263291988962,1351.9077961718076,1267.4490976832549
1059.9466138798225,1351.9113732503354,1267.468480540705
1060.3205687228042,1351.9144966126496,1267.5658938515112
1060.72892818582,1351.9278505744905,1267.7304753338813
1061.1533948166932,1351.9604513059153,1267.9593803000926
1061.5811788736617,1352.00973507301,1268.2507147960725
1062.0102160387796,1352.0619232434276,1268.6029085071946
1062.445383357424,1352.0928796848607,1269.0097173666284
1062.8898303357205,1352.0739382840545,1269.4594046783793
1063.3427557350094,1351.9874855943074,1269.945450003774
1063.7979695207455,1351.836232362412,1270.4673759417653
1064.2405883928889,1351.6422714026733,1271.0189567822492
1064.651575180181,1351.439769868445,1271.5831299084507
1065.0167289530289,1351.2587807442828,1272.1358836239529
1065.3292628580054,1351.111034484588,1272.653864533505
1065.5864968852893,1350.9859784474145,1273.1202482839492
1065.7934991099248,1350.857914395789,1273.5339015726186
1065.9721556878708,1350.702484703429,1273.9227184150864
1066.1542470216689,1350.5057151499407,1274.3344603104367
1066.360858519268,1350.2631379504564,1274.801056066565
1066.590387940428,1349.9852507075154,1275.3085944994118
1066.81704496439,1349.7009346491739,1275.790198457447
1066.9942249610058,1349.4415160480607,1276.1432771624382
1067.0724694359665,1349.2243164190995,1276.2823401539545
1067.0339673363753,1349.057498424105,1276.2119254316935
1066.9170809479774,1348.9450630274778,1276.0539195184638
1066.805855883312,1348.873903386475,1275.9947323246595
1066.7946211227509,1348.8050531252263,1276.1969272950003
1066.9562807055986,1348.6882453908433,1276.7346347581843
1067.3266960683495,1348.4910489732795,1277.5753095547059
1067.9000459513893,1348.2204274878625,1278.5950018605042
1068.6353730563474,1347.918628878305,1279.6062473226534
1069.4745226393068,1347.6448257525644,1280.3964571438328
1070.3577268430925,1347.4642886003544,1280.774174406814
1071.2316776599537,1347.435305006513,1280.6048646254112
1072.0542753860616,1347.5883397417301,1279.8287780736725
1072.7962750412573,1347.9180549745959,1278.4668637554316
1073.44850428533,1348.388366820575,1276.6148944167817
1074.034693709232,1348.9429570057994,1274.4248851229074
1074.6116126300337,1349.5289403919362,1272.0815742255918
1075.2524804730763,1350.1185610948598,1269.7798972084004
1076.025808176482,1350.7010164078022,1267.6956610513253
1076.9748766901284,1351.2611363193012,1265.9537056992588
1078.1009166273363,1351.7823024661611,1264.6183557765187
1079.3604668377193,1352.2599592352976,1263.7047061218573
1080.6786110681503,1352.69988650882,1263.1892667981233
1081.9644282796871,1353.1139249628243,1263.0145407903321
1083.1243881357784,1353.5143096704767,1263.0909512678234
1084.0810079749729,1353.9031736860475,1263.3080312725788
1084.790532279879,1354.2773919621004,1263.5627362920263
1085.2499361570642,1354.6473903651972,1263.7909617881833
1085.493641621687,1355.0440390758463,1263.980759862905
1085.5792373754841,1355.5030106082484,1264.1578360139847
1085.5690550470042,1356.0414990441136,1264.3588080966674
1085.5205030112522,1356.6528673844327,1264.6170935773746
1085.484824308498,1357.3260761148526,1264.9661339674208
1085.5028434355315,1358.0611864023074,1265.4381874297997
1085.5941657709734,1358.8588058399102,1266.0458000535573
1085.7543039128457,1359.7084023739917,1266.77031367192
1085.9648865305278,1360.5975795488553,1267.5711132985145
1086.204540880797,1361.5207437881395,1268.3995617562919
1086.45536403551,1362.4686253006357,1269.210382686401
1086.7056462039302,1363.4180110722004,1269.9692479861521
1086.9503187340977,1364.340848423428,1270.6532901990604
1087.1872009739475,1365.2159617426705,1271.242684829882
1087.4065374001864,1366.0315436854903,1271.7105083754518
1087.5831850635514,1366.7925835302574,1272.0269851100984
1087.6804699927302,1367.5233266471048,1272.170976998303
1087.6660708844934,1368.2506202378877,1272.1360889942214
1087.532969182215,1368.9902005088732,1271.9450287692334
1087.3094126053556,1369.7436110272197,1271.6662878531527
1087.047667596885,1370.490121243644,1271.3995809907567
1086.8024390825915,1371.1810128077038,1271.2351326314943
1086.6155185527325,1371.757901328986,1271.2271110575969
1086.508947359541,1372.187738429824,1271.3888391634348
1086.4824694505812,1372.471232712534,1271.6839067787478
1086.5127170734927,1372.6129524194935,1272.0147661384904
1086.5556010666571,1372.60466781912,1272.243384754613
1086.5562146106524,1372.4465522119058,1272.2426620941187
1086.4619872686887,1372.1622133193937,1271.931599494426
1086.2333819623198,1371.7840549786085,1271.2768979957295
1085.8516640337757,1371.3395795456397,1270.2842966219898
1085.3202280667588,1370.8581807815535,1268.9942528373256
1084.6613860334123,1370.3807858536343,1267.4783242411713
1083.9139945719735,1369.950821718939,1265.8290356305256
1083.1278648872637,1369.5959977612918,1264.1478179736846
1082.3549400714373,1369.324330718519,1262.5395663268146
1081.64440800322,1369.1326465237048,1261.1094513361463
1081.0378129753387,1369.0112186773233,1259.9552526731004
1080.55847311609,1368.942032999976,1259.1539906140426
1080.203592165376,1368.903279997636,1258.7494624218623
1079.9448887380227,1368.8815625202624,1258.74836669979
1079.7337849762973,1368.872103610036,1259.1185878447557
1079.511769958812,1368.862985587499,1259.7864080124355
1079.22756406442,1368.8328041319282,1260.652622702982
1078.8509470150202,1368.7700150571823,1261.631035754289
1078.3742068058398,1368.677958066458,1262.6710102891498
1077.8099109122631,1368.5618082723697,1263.752521908088
1077.1889930521675,1368.4271950990285,1264.8784092823507
1076.5534621763973,1368.2791927189041,1266.0561681734073
1075.947569409077,1368.1142094851032,1267.2728210511998
1075.4034087362952,1367.9315893072985,1268.501571371802
1074.9239388103838,1367.7542353801496,1269.7230967511327
1074.4869159519606,1367.6220739546832,1270.9192360603786
1074.064474698538,1367.5624512596764,1272.060257115578
1073.6354212685662,1367.5749710084895,1273.1200856790788
1073.1904152007214,1367.6398463902453,1274.1016545768546
1072.7347652299516,1367.7253843784524,1275.0388432699688
1072.2843721985312,1367.7977974935209,1275.9768135540698
1071.8509509767855,1367.8361789313476,1276.9384842193576
1071.4233857017261,1367.8332660596961,1277.885632641852
1070.961726831093,1367.79727892847,1278.7200921521394
1070.4119854509395,1367.7604847914063,1279.3381134245615
1069.7328225089036,1367.7623966294047,1279.686376059446
1068.9182049634169,1367.8190325641099,1279.7898494650524
1068.0061217296493,1367.9158218536484,1279.748992145659
1067.0708065011274,1368.020188608472,1279.700930501193
1066.1973343371126,1368.0961381819711,1279.7618472593817
1065.4494603955904,1368.1179640973335,1279.9828854930943
1064.8509598569385,1368.079039367287,1280.335997756918
1064.3852411051557,1367.9933885998744,1280.72889002318
1064.0068310564345,1367.8929711622172,1281.0386926899178
1063.6604534390215,1367.8179585183943,1281.1465944362726
1063.2978746942786,1367.8025116533977,1280.9671114737478
1062.8807079199264,1367.8644841741009,1280.4734793317389
1062.3782027991444,1367.9980028009927,1279.696182122615
1061.7772139693225,1368.1747742182117,1278.6924652069406
1061.0918653391273,1368.3647886643876,1277.52971646162
1060.3539715206766,1368.5588735999906,1276.286578015371
1059.5983974700162,1368.7700091673194,1275.04446160311
1058.8610804240595,1369.0179530675805,1273.8741989709129
1058.1795743194277,1369.312336154371,1272.8277383249247
1057.5852017265192,1369.6504619722023,1271.9399198183942
1057.0956058971713,1370.0292503786538,1271.2387022065507
1056.7163388259164,1370.4492430271541,1270.7447226197078
1056.4427694648352,1370.9096221283548,1270.46182832032
1056.2552442434223,1371.4074077835362,1270.3756489365724
1056.1219016134435,1371.9388928219262,1270.4598856777434
1056.0123675554241,1372.4981490412647,1270.6848766262187
1055.903187698896,1373.0725238402886,1271.024670733787
1055.7754535503068,1373.6418435513858,1271.4576937406139
1055.6183662304518,1374.1897426486948,1271.963823496871
1055.432163909177,1374.7129047834605,1272.527605230839
1055.2179667322823,1375.2085568499558,1273.1480673986516
1054.9671958880085,1375.6611170395395,1273.8429133884213
1054.6694899023855,1376.0498577433598,1274.6381007569532
1054.3243843838259,1376.3597828102324,1275.5457207761183
1053.940652195461,1376.5845075143907,1276.5464013125252
1053.5297918972565,1376.7267887778562,1277.5972375442389
1053.096157010466,1376.7951315446096,1278.6575559949317
1052.6370014830725,1376.797247542767,1279.7021934562954
1052.1569224683865,1376.737674822086,1280.7181138040214
1051.6702917683742,1376.6226631077316,1281.7018268885708
1051.192304093121,1376.4625058495956,1282.6600504849466
1050.736933667993,1376.2615567914856,1283.5991578966198
1050.313430946056,1376.014965286387,1284.5056594824828
1049.9197388322214,1375.7320843719804,1285.3454345215869
1049.5447986519175,1375.4591233981807,1286.0872503914102
1049.177072835822,1375.263830864263,1286.7229651542216
1048.8126027817038,1375.1935961588658,1287.2719910088902
1048.4614674722068,1375.2476901998568,1287.7783182586968
1048.1496051576332,1375.3843721755559,1288.301170392739
1047.9124466387718,1375.5507427479724,1288.89977257973
1047.781435479069,1375.7027912421433,1289.6105884983792
1047.7713739902556,1375.8003791000735,1290.4175050315018
1047.8740148207926,1375.8024313611234,1291.242229402457
1048.0550443067361,1375.6778448296957,1291.9677151925193
1048.2584440281641,1375.4171581170206,1292.4719932787382
1048.4218063610504,1375.0325851180075,1292.6565483460286
1048.4896394590767,1374.5439638393702,1292.461025291886
1048.4184936079234,1373.9655745793596,1291.8652571504017
1048.1854539365452,1373.3075531611282,1290.890373452104
1047.7998309585566,1372.5825457452315,1289.597908885791
1047.300289552033,1371.8085125616735,1288.0795288553882
1046.7387846110473,1371.0048317648268,1286.4378048184365
1046.1702224525452,1370.1862807124164,1284.7684014770412
1045.6483370476158,1369.3648195224741,1283.1550534486441
1045.2204698432033,1368.5541515474397,1281.6720951222158
1044.9241464034892,1367.767951791272,1280.3829325657705
1044.787162762456,1367.0161564079465,1279.3367681637205
1044.824755843198,1366.3060216434008,1278.5687580165768
1045.032227056759,1365.6463389751088,1278.097922970546
1045.3810826500996,1365.045744133795,1277.9140434074247
1045.8224610267812,1364.5016025567052,1277.9627109613218
1046.3004380453935,1364.0005504204073,1278.15896574023
1046.771344280206,1363.538860800073,1278.4276686542576
1047.2114818638315,1363.1279503978471,1278.7276633198805
1047.6104971595444,1362.7769626566978,1279.0476954318049
1047.9685326807414,1362.4859474832933,1279.3959525620362
1048.3008995201878,1362.2519170849469,1279.7909419610191
1048.6328404583567,1362.0647080143403,1280.2489061181436
1048.9826740800017,1361.9008414529305,1280.7721747820488
1049.3516406715346,1361.7368318294398,1281.3456163359256
1049.725393218297,1361.568719581282,1281.936522518774
1050.079514993515,1361.4134836385404,1282.4973552884944
1050.3847211964455,1361.2947323524495,1282.9763602696476
1050.6113250232522,1361.2281308912081,1283.3322773778975
1050.736247314149,1361.2157603711155,1283.549944807919
1050.7513301012127,1361.2466553116774,1283.6514983206916
1050.6666448336227,1361.2961763821963,1283.6923328876326
1050.5055401132352,1361.3272045815888,1283.7371839689981
1050.290712703785,1361.3035938075302,1283.8246117841204
1050.028459436822,1361.21284437618,1283.9429364330906
1049.7037486973027,1361.0738676485578,1284.0366572958274
1049.2889394823665,1360.9174179109625,1284.038194363918
1048.759163368224,1360.7613442471024,1283.9049671251203
1048.1062839906233,1360.604636356783,1283.6434211368628
1047.3458180999864,1360.4384082958395,1283.3107850187628
1046.5152141978538,1360.2580533797468,1282.9952540644008
1045.6651319510252,1360.0608064774742,1282.7803723023405
1044.8429581955968,1359.8286313352291,1282.7065208020313
1044.0728685390727,1359.5255878650928,1282.7556642835052
1043.3517797642373,1359.1252817046395,1282.8728828494618
1042.6662396944928,1358.6349147810786,1282.9995035065112
1042.0059501959395,1358.0879590661689,1283.0885286585415
1041.3610171406765,1357.5211789341197,1283.1038921700608
1040.719176864365,1356.963746057677,1283.0209667350298
1040.0713326979312,1356.4413428991122,1282.8288589273607
1039.413748453923,1355.97931625841,1282.522616074476
1038.746257371621,1355.6031126003627,1282.0937923222193
1038.0742693906402,1355.3406578175377,1281.5334062236052
1037.413254828879,1355.2235474906433,1280.8479984031576
1036.789400211756,1355.2813859886842,1280.0774572870416
1036.2332314128264,1355.526984754284,1279.29308290236
1035.7745147698238,1355.9455638798458,1278.577022067366
1035.4391554925392,1356.4992223733711,1278.0042784888576
1035.2403893472185,1357.1400602118856,1277.6326030045188
1035.1730987445253,1357.8221945089856,1277.4958402721506
1035.215176722199,1358.5108603406075,1277.6025720223518
1035.3282898666557,1359.186802005297,1277.9372202407496
1035.461466953508,1359.8400319183952,1278.4571908384498
1035.561445867304,1360.465069449411,1279.1019194264263
1035.5849850256145,1361.0632575308387,1279.8175167797865
1035.5082743611258,1361.636218796262,1280.5680590823206
1035.3286018665142,1362.179065698477,1281.3321618987811
1035.057286442649,1362.683721887381,1282.0995133111373
1034.7145556732394,1363.1461412254228,1282.8665509250386
1034.330671074699,1363.5733648177957,1283.6318870519801
1033.9407428298655,1363.979363532004,1284.388896001568
1033.5728025756455,1364.3786326907239,1285.1244707537853
1033.244041128152,1364.7958628098304,1285.835519435044
1032.9647341714483,1365.2642158108674,1286.536972341593
1032.7409922927623,1365.789263188334,1287.2457205684043
1032.5797068819481,1366.32812596856,1287.973673440888
1032.4944363246607,1366.8233434480242,1288.7355948725963
1032.5016884901008,1367.2516323597195,1289.5448196016525
1032.6096449872748,1367.6336076810912,1290.3974004906265
1032.811418658372,1367.9973372656677,1291.255174323928
1033.0888893201238,1368.3478814983673,1292.0518472433785
1033.421956140549,1368.6819143231546,1292.7331361418533
1033.7924898349365,1369.0104737872489,1293.2809886260238
1034.1816589693237,1369.3579308211836,1293.6986640544399
1034.5683183970095,1369.7496132250033,1293.992517286754
1034.932070807175,1370.1992947087108,1294.168095941781
1035.261497169272,1370.704052654028,1294.2371953092713
1035.5643673905324,1371.2482214043114,1294.2274353307
1035.8685259266513,1371.8105186707046,1294.178397414204
1036.2076300816148,1372.3710603296768,1294.1216393435298
1036.6014120497703,1372.912796501466,1294.0598262500475
1037.044608847622,1373.4186591448488,1293.961748139442
1037.5109740255702,1373.8733942661695,1293.775729891061
1037.9670987671204,1374.2689151911895,1293.4499822318576
1038.384981573002,1374.606841114175,1292.9503394031158
1038.7477162592209,1374.895451281479,1292.2715018526355
1039.0477644801026,1375.1384324235319,1291.437113238526
1039.2826632864178,1375.330409454433,1290.4952649406348
1039.4566825380712,1375.4722205771516,1289.5166375797512
1039.5810332371489,1375.5734805243683,1288.5747987059854
1039.6650936761744,1375.634074166508,1287.7133520958294
1039.7109063769562,1375.645646808352,1286.9414536925262
1039.714086250735,1375.6078787125564,1286.2522147709426
1039.6672360465611,1375.5292217143406,1285.6339631308908
1039.5661710684408,1375.419513049996,1285.0759821547517
1039.4131884438093,1375.2918698095118,1284.5784031041962
1039.2187174204632,1375.1701066758485,1284.1629719456787
1039.0034261251187,1375.0780992766122,1283.8662856386534
1038.7952272898794,1375.0189704853265,1283.7178256318152
1038.6251894962531,1374.9808069989247,1283.7330494230043
1038.5272001323383,1374.9594637219109,1283.922975465106
1038.5339392721576,1374.9637833009358,1284.2969188729114
1038.6666378787322,1375.002473332957,1284.8534169690765
1038.929219890289,1375.0747045532223,1285.5729966334848
1039.3120380360654,1375.1759713844053,1286.4198795313123
1039.7984585751933,1375.3074820526872,1287.3443101086773
1040.367356725409,1375.4736913469087,1288.2757040561487
1040.9923311279765,1375.6761025946462,1289.1229555448758
1041.6406176318244,1375.916936861688,1289.8096635289564
1042.27563160858,1376.2012154379224,1290.3106761873216
1042.868124589248,1376.528265964123,1290.645810033639
1043.4051663691125,1376.8815043793115,1290.8596498462512
1043.8891816484759,1377.2238116382582,1291.0153206548453
1044.3357417271234,1377.5053843634505,1291.1873479673502
1044.7632926278923,1377.679984342143,1291.433402826262
1045.171979520705,1377.7191793863572,1291.749869894956
1045.5333911975408,1377.6302425682425,1292.0582684383971
1045.7977864252246,1377.468778477637,1292.2493182172639
1045.9109646228255,1377.3151023933658,1292.2452290952956
1045.8415456706396,1377.2273628150588,1292.0392506269711
1045.6085507257167,1377.220766489807,1291.7023439342213
1045.288535927047,1377.2812466939708,1291.3579888709362
1044.9916743424742,1377.3864623317843,1291.1377358580146
1044.8171538634465,1377.520842806612,1291.1257024220486
1044.815633925858,1377.6845720362917,1291.3082917832933
1044.976126923898,1377.8910005831544,1291.5677417361119
1045.238905898797,1378.1558606854271,1291.7312740109792
1045.524985831865,1378.4922566126863,1291.642861917914
1045.7623657193417,1378.9095261538764,1291.2147848915986
1045.9032056299625,1379.4102392236327,1290.4413800296797
1045.9339847541453,1379.986849988307,1289.3874828585854
1045.8709137501326,1380.6151130079797,1288.1654434537659
1045.7460151303437,1381.2528361350078,1286.9029382249046
1045.5973223588592,1381.8572733855158,1285.7099276503711
1045.460567728965,1382.4061199571038,1284.660471073604
1045.3605881389144,1382.8997200944993,1283.7912930638627
1045.3069774183864,1383.349439307696,1283.107486630559
1045.2956826471539,1383.770452518344,1282.5940676681444
1045.3164583191297,1384.1851382878433,1282.2338668410312
1045.3567283005175,1384.6225102883652,1282.0104454596958
1045.399155726573,1385.1026118702896,1281.8833594715747
1045.4253625722558,1385.629682049404,1281.7791950686135
1045.4250207271446,1386.210939979942,1281.6333370722766
1045.3990578248927,1386.8682456274285,1281.4274124850106
1045.3557718390714,1387.6204738820632,1281.1701483328832
1045.3073175700538,1388.4676169026645,1280.870641250115
1045.2716180247667,1389.3995275949464,1280.5490437980852
1045.273656128505,1390.405569232804,1280.247880129984
1045.3409726474204,1391.4684402884043,1280.0182132235434
1045.4958721253622,1392.563609488097,1279.9055331277127
1045.7461966634164,1393.6694377193883,1279.9425546497773
1046.0787364443236,1394.7655298325265,1280.1322388320532
1046.4606799727364,1395.8276880757064,1280.4345986460107
1046.8510290500958,1396.8379529368176,1280.7833152856176
1047.2176455573704,1397.7970742684618,1281.1251199319433
1047.5478772928268,1398.7193045295382,1281.443985491248
1047.8472457865307,1399.6098504594024,1281.7440232634005
1048.1344026361016,1400.4580390092226,1282.0219720197176
1048.431828446836,1401.2543246253515,1282.2583668252814
1048.745404052838,1401.9978765309907,1282.4119781531772
1049.05070806139,1402.6973985991742,1282.422900173699
1049.3051154583636,1403.3772328485875,1282.2365131668228
1049.4727745893285,1404.0703870644215,1281.8296262663894
1049.545169312175,1404.800234637122,1281.2291058125554
1049.5505770620598,1405.5712264564704,1280.5183155875693
1049.5432562048675,1406.368569834395,1279.8122810698349
1049.577510438856,1407.1591357661123,1279.2111514882938
1049.6889330178994,1407.8987377894275,1278.7672957952047
1049.8887102732158,1408.5465883941038,1278.4732251907694
1050.162820054209,1409.0771433613027,1278.2656431455243
1050.4757788539787,1409.48343375469,1278.0499771074092
1050.7799665562643,1409.7704806661654,1277.7339276954547
1051.0284964170387,1409.9459646103082,1277.2535870486497
1051.1858346811846,1410.0155403399106,1276.5847557458872
1051.2301822735435,1409.9819603517421,1275.737078316221
1051.1524819379656,1409.8488758215833,1274.7393057676281
1050.957450078245,1409.6208087198079,1273.623140614373
1050.6660657698444,1409.3006373976045,1272.41674617486
1050.315538416444,1408.9010223769728,1271.1549326157085
1049.947381835219,1408.4504016007406,1269.881480324299
1049.5909290570387,1407.975415240509,1268.6351512489925
1049.2634729676633,1407.4900302160572,1267.4495042430303
1048.9810764488454,1407.0059931929777,1266.3693814242447
1048.760584311464,1406.5391783264113,1265.4539569419949
1048.615751140023,1406.1014418619195,1264.7609430005118
1048.5553066840002,1405.6917919292869,1264.3303934680857
1048.5821540035342,1405.2996121602357,1264.1791053257832
1048.694871858718,1404.9193899334591,1264.3052583123913
1048.8893077584598,1404.5574435680232,1264.6907652221903
1049.154857846143,1404.220422280749,1265.2938218226234
1049.4698444481166,1403.904518541612,1266.0473465040216
1049.8033788603907,1403.5981187824373,1266.8748726580764
1050.1200992251233,1403.288965238124,1267.7085173219712
1050.3828661292914,1402.9714348225039,1268.4951789423176
1050.5557226252251,1402.650994521597,1269.1966890857616
1050.609891279501,1402.339266450086,1269.791245070859
1050.5305712558945,1402.0476495296166,1270.2739949179854
1050.318980865746,1401.7887902766051,1270.6529141626875
1049.9880886252515,1401.5794128160185,1270.9451048229673
1049.5534596797036,1401.4326173493082,1271.174561671174
1049.0277250190404,1401.3450426022807,1271.370702852244
1048.4278668949219,1401.297973042962,1271.5758879949813
1047.782705324142,1401.2667994687977,1271.8513194740578
1047.1254743463621,1401.221408638368,1272.2584994611364
1046.4770739106216,1401.1300258669696,1272.8229885084174
1045.8301050666441,1400.9794460576368,1273.51214802721
1045.1436267921026,1400.7862401488187,1274.2458113401235
1044.3599680227283,1400.58154871039,1274.9355109576193
1043.4369674836678,1400.3919458594469,1275.5337750090202
1042.373305199689,1400.226452035504,1276.060879461013
1041.2149271274675,1400.069501692633,1276.5888584832173
1040.0416213068509,1399.8986687817583,1277.1977288280837
1038.9365955486296,1399.7125868984024,1277.9258901121277
1037.9530111654944,1399.5322442136344,1278.7332075775844
1037.0966492697355,1399.3843326541678,1279.4985114402734
1036.3312654369981,1399.294615741174,1280.0563992012928
1035.5997822837232,1399.2926677652854,1280.252527596547
1034.8485723525123,1399.406488859475,1279.9869552198315
1034.0405779555,1399.6398100903316,1279.230333833968
1033.1602190905667,1399.9614282055875,1278.0241906164401
1032.2248529915344,1400.3233495947104,1276.4742489783075
1031.2897258215244,1400.6833966933923,1274.730937924993
1030.4247607526431,1401.0138655160356,1272.9652030170612
1029.682678238484,1401.3016427055254,1271.343169049775
1029.0881589761732,1401.5452226013624,1269.991851145871
1028.6454195334666,1401.7522489656144,1268.978901049203
1028.3483539125605,1401.9390217628757,1268.321920379125
1028.1815999563369,1402.1270133866144,1268.002826373918
1028.1147810780726,1402.3386128977454,1267.9767915838318
1028.105031163292,1402.5940979330483,1268.182668483871
1028.1055606374796,1402.902964062547,1268.547900787482
1028.071786177659,1403.2582007775145,1268.99140104947
1027.9748552188737,1403.6486767472204,1269.441445649846
1027.8166958632294,1404.0813738595864,1269.8609162093944
1027.6247139986708,1404.586510624269,1270.2544049604676
1027.4307409170356,1405.1907153945845,1270.6479212455931
1027.2554078242606,1405.8863339347663,1271.0599934562267
1027.108667059519,1406.637136681138,1271.4952374931345
1026.9968100478748,1407.4097347843622,1271.957892399383
1026.920232384146,1408.187923593891,1272.4499254548093
1026.8695620285182,1408.964078745829,1272.9561975724998
1026.830608261653,1409.7330050501591,1273.4493609325962
1026.7892996525875,1410.4928394729402,1273.9054988450594
1026.7381822975929,1411.2420008777274,1274.3042426920779
1026.6895420149622,1411.9734194569903,1274.627767576391
1026.6752268486566,1412.6735681769474,1274.8783141659796
1026.727717121099,1413.3272726207163,1275.079661306998
1026.8652892240584,1413.925142906553,1275.2382426426577
1027.0890671822303,1414.4727597702629,1275.3182213141547
1027.3852220576005,1414.9965182257745,1275.2637303650895
1027.7277577900118,1415.53655233702,1275.0298101170204
1028.0817751467882,1416.1291832745164,1274.59729802345
1028.4133498090875,1416.7936328337971,1273.9800360966738
1028.7066632851502,1417.5324511128072,1273.2281748477972
1028.9740362671107,1418.3382327638242,1272.4218406502582
1029.2443769921767,1419.1953396546091,1271.6498471756709
1029.5409830012122,1420.0817919611493,1270.9786420563328
1029.8722015730016,1420.9748525029042,1270.4289142353307
1030.2337302576345,1421.8504734595458,1269.9740211001426
1030.6083172480533,1422.6809215316357,1269.5574587278313
1030.9663965596926,1423.4410491332242,1269.1143820357331
1031.2731273659317,1424.1148590949606,1268.586732188421
1031.496103087928,1424.6957040472785,1267.9337056614297
1031.610703068806,1425.1854763621982,1267.1399771937465
1031.6021104291913,1425.592385682323,1266.2157845109216
1031.4663857959924,1425.9265287685623,1265.1873466460684
1031.2143723230179,1426.1999002280984,1264.0910984427937
1030.8743207118189,1426.4336734710364,1262.9828001118108
1030.4895241022016,1426.660135093295,1261.9417772705563
1030.1101020014187,1426.9055393590022,1261.0450188708267
1029.7831492522814,1427.176258684389,1260.3434900355528
1029.5478703762906,1427.4717794454157,1259.876172650651
1029.432259191512,1427.7981267742957,1259.6830401831185
1029.4506560963455,1428.1625221115298,1259.7884347002366
1029.6061077519805,1428.5638819776923,1260.18207867641
1029.8921587093544,1428.9849099776184,1260.8148887060827
1030.2935115689772,1429.3934176128473,1261.6146602070237
1030.7913574417369,1429.758171573654,1262.5146312359886
1031.3703112550093,1430.0582850328044,1263.4636307210355
1032.0231280831424,1430.2805007092168,1264.4184874853158
1032.750567179888,1430.4205451244925,1265.3443840237824
1033.5522130888917,1430.484645214721,1266.214085194196
1034.41698920126,1430.49019593613,1266.9988936187617
1035.3242166142181,1430.4719523653257,1267.666905153295
1036.2474783727912,1430.4709366721409,1268.1818190532947
1037.1566914399157,1430.5088646709276,1268.5017021394324
1038.0265666353018,1430.589035665329,1268.6012195401322
1038.8484303963928,1430.7116374551222,1268.5031728490342
1039.6340882841118,1430.867969582141,1268.2798565049002
1040.4090581113965,1431.0289097452267,1268.0227344469822
1041.200148475202,1431.1502530206908,1267.808419869853
1042.0241402429442,1431.1879585963675,1267.6771515019825
1042.8819694780736,1431.1134723212165,1267.6231601021655
1043.7555859950517,1430.9243571653078,1267.5931262528966
1044.6043334373426,1430.6419469745676,1267.4948990195985
1045.3705737541015,1430.2996133932802,1267.2294401722615
1046.0045196975752,1429.9345614261395,1266.7389299926049
1046.4934255813253,1429.5791118178936,1266.0395941140023
1046.8689117118893,1429.2435383047477,1265.226831594369
1047.1947936547447,1428.90667737555,1264.4503403241713
1047.5554775213996,1428.531848252232,1263.8628972306162
1048.0377499330373,1428.096361680461,1263.5696637747294
1048.6968459665006,1427.6094442828714,1263.5954787838295
1049.5357819748308,1427.1047780991476,1263.8728303478913
1050.51492541655,1426.6209354132104,1264.259479318335
1051.5706139844376,1426.1947245604283,1264.5847584608089
1052.6311875310444,1425.8653718512942,1264.7042543889017
1053.6343449574617,1425.670542370851,1264.5379450868556
1054.5452848244565,1425.62947722875,1264.0808450494123
1055.368241381553,1425.730411139732,1263.3964337628454
1056.1425237415458,1425.940628679662,1262.6007704591925
1056.925606213006,1426.2243650328103,1261.831285332062
1057.7727516573364,1426.5483931468518,1261.2090633303671
1058.7197870535424,1426.8877616698037,1260.8172859258461
1059.7736208520762,1427.2353928155187,1260.6987406488213
1060.911891651978,1427.5962577912826,1260.8593866239628
1062.0893491319734,1427.9710104199526,1261.2714665434196
1063.2468008897708,1428.3503207151164,1261.8780078513093
1064.323736117007,1428.7255663551575,1262.609338102825
1065.2739937148924,1429.102937444195,1263.4096469756582
1066.0717369134916,1429.4952954306132,1264.2413890502394
1066.706358643865,1429.9012926785977,1265.06658953771
1067.1824435867252,1430.3093502199374,1265.8458835716267
1067.5252078353294,1430.71527059662,1266.5556051079607
1067.7749989329543,1431.1258333060557,1267.1944187697227
1067.971308859075,1431.5548802434093,1267.7761302525648
1068.144000237361,1432.0146408849969,1268.3147985294554
1068.3164625787401,1432.5019732968167,1268.8121867479638
1068.5108336600579,1432.9962254840611,1269.2633258350559
1068.7463403203071,1433.4688310680172,1269.6692720135452
1069.030376944147,1433.884749956847,1270.0290395969282
1069.3541126046998,1434.2023030465075,1270.3190177726353
1069.6964991836921,1434.395778519739,1270.489426895131
1070.0261868891143,1434.4871816839666,1270.479434417893
1070.3032886746234,1434.5447837250263,1270.2367012849859
1070.4913973239804,1434.642979665569,1269.7384629385208
1070.5783747438306,1434.825375943223,1269.0183078226696
1070.5925597423225,1435.0983458245073,1268.1855068902914
1070.59703100686,1435.4399715765946,1267.40504413042
1070.6627957035103,1435.809570975911,1266.838384386881
1070.8425976860897,1436.1630028937886,1266.5887403534994
1071.15945201848,1436.4722127938453,1266.6794033540646
1071.605929951485,1436.7331380748403,1267.0575770283851
1072.1456886911196,1436.95505288423,1267.6127816112353
1072.719947227683,1437.1465450863643,1268.2105989486924
1073.2635418306481,1437.3136811748177,1268.7353754010169
1073.7234939278403,1437.4653989297715,1269.120845586848
1074.0702213461097,1437.6142114383795,1269.3545785388292
1074.2980509891074,1437.7704273336801,1269.4605434198431
1074.4209370285234,1437.937513669563,1269.4774416304099
1074.4681441577613,1438.1137976193156,1269.447036887848
1074.4772936140528,1438.2972664966157,1269.4094943117873
1074.4845663068497,1438.4886659451608,1269.3976859974985
1074.5148699363942,1438.68862149454,1269.4288122760508
1074.5758105268071,1438.890374809219,1269.4999028813497
1074.6590479173942,1439.077383595808,1269.5934476168177
1074.7462179823997,1439.2290437268273,1269.6864884901947
1074.8133511216433,1439.330734977893,1269.7553694644298
1074.833298926649,1439.3812881878082,1269.777238549707
1074.7808744412177,1439.3898001166017,1269.730597024871
1074.6412567391715,1439.3663774749573,1269.5976701805591
1074.4172637080794,1439.3225589697156,1269.3745248599794
1074.1312137600873,1439.277784549217,1269.082827170054
1073.8161595725358,1439.2489506149109,1268.7611140975307
1073.5028794310751,1439.2319488679702,1268.441240093757
1073.2197727995595,1439.2101479646751,1268.1440007058454
1072.999302268018,1439.1803275392238,1267.8909297573443
1072.868675732245,1439.152139245671,1267.7026134752823
1072.8314483812712,1439.122962934749,1267.5885196463566
1072.8654144315176,1439.0712620308877,1267.5478278360301
1072.9370635098915,1438.9737949922148,1267.573350664983
1073.0130895287227,1438.8165168920648,1267.6524386465044
1073.0650381952246,1438.59737883452,1267.7749261230001
1073.0737225244352,1438.3300995015638,1267.939167716043
1073.0298015108622,1438.0364329718357,1268.1456033416769
1072.929357757069,1437.731734606349,1268.3945997765481
1072.7705742526744,1437.4183376520302,1268.6922419746986
1072.555653967542,1437.0837246849899,1269.0491734477755
1072.2967918350378,1436.7080869332162,1269.4778970196885
1072.0134464987407,1436.2793788116992,1269.9896589865357
1071.7142556423942,1435.798977887574,1270.577465451518
1071.380698500654,1435.2797755224167,1271.1983876389725
1070.9698534689055,1434.7475248743515,1271.7819799235122
1070.434766405763,1434.2397062554066,1272.2647995998045
1069.750276603616,1433.792540433532,1272.6288689670002
1068.9286263889503,1433.4223202964904,1272.9193570830425
1068.0170484416333,1433.1165738026025,1273.2289779478292
1067.0825884451804,1432.8422962958102,1273.6614637985672
1066.1904379206787,1432.5603045084658,1274.2938524566082
1065.3842680551977,1432.2334469355594,1275.1493943289395
1064.678481103946,1431.8375070709733,1276.1932094317656
1064.0595479441333,1431.375752147198,1277.3465587355558
1063.4886243644485,1430.8765568237404,1278.4996149371257
1062.9101407746516,1430.3772141505501,1279.5241621081514
1062.2683762740985,1429.9126699193641,1280.2959122405518
1061.5154448551614,1429.5107963903852,1280.7178574370225
1060.6083491384152,1429.1928436297649,1280.7394843477944
1059.5176020438248,1428.9775801558724,1280.3725570965019
1058.2457545012887,1428.8782786449997,1279.6877757917034
1056.8293138008808,1428.8892689595673,1278.7837240064816
1055.3241263185198,1428.9837885589427,1277.7588481618843
1053.793588527544,1429.1332751658088,1276.710077303291
1052.300951255804,1429.322965644635,1275.7361390778487
1050.9004329705997,1429.5481988542979,1274.9266979631532
1049.6307764525145,1429.8035543515211,1274.3497219290457
1048.5121888292952,1430.0796200094046,1274.046870740021
1047.543152886898,1430.3664146465562,1274.0273977999009
1046.698926220012,1430.6556340090078,1274.2606181442409
1045.9371212422643,1430.9431011939591,1274.6838638395611
1045.2100998637882,1431.2320084119697,1275.224652025244
1044.4794787726953,1431.532071974955,1275.818546569375
1043.7272018195033,1431.8521811825685,1276.4179542958302
1042.9593187754072,1432.1941364810723,1276.997123732614
1042.2019170886056,1432.5584614301652,1277.5547644086264
1041.4906938513125,1432.9526125472048,1278.1127042007925
1040.8599823729442,1433.3864007761756,1278.7050625416173
1040.3348065455339,1433.8616636179365,1279.3587697652063
1039.9257153211342,1434.3696011347295,1280.0805727293957
1039.6301207193692,1434.8987697733526,1280.860173578477
1039.438414236308,1435.4439349701,1281.6786723683022
1039.339614643649,1436.0056709668822,1282.5120176915825
1039.3279294706942,1436.5874194520522,1283.3396845855025
1039.407584610969,1437.1902894384395,1284.157408662024
1039.5935697567547,1437.800221962489,1284.9756941974304
1039.908803181165,1438.3854796055605,1285.8077974594607
1040.375245821518,1438.914447047345,1286.658337952486
1041.0026641612312,1439.3753212062793,1287.5079665693752
1041.777689123391,1439.7831159757995,1288.2960265441818
1042.657689335113,1440.1779810945652,1288.9269760714435
1043.5800758361438,1440.6153958546686,1289.3097784408696
1044.4832382567113,1441.1421279112528,1289.3965420902987
1045.328566255464,1441.775084001687,1289.2000876971047
1046.114468406672,1442.5017388654621,1288.795474406634
1046.8714110225,1443.290730644498,1288.300547304537
1047.6412845708746,1444.0994106030457,1287.8363316604257
1048.4531875272546,1444.8775363119908,1287.4835085751108
1049.3067612494608,1445.5724716181905,1287.2522335256651
1050.1764677671642,1446.1444094448184,1287.078277578614
1051.0279706457584,1446.580722590752,1286.8497407103687
1051.8194193044883,1446.8884923242604,1286.4517789287518
1052.4940690867036,1447.0752891623863,1285.7964910737649
1052.9911734880482,1447.1446019518753,1284.8263041304153
1053.266589094791,1447.1054546824107,1283.516917261816
1053.3019701574215,1446.9759589765845,1281.883834220019
1053.10783265588,1446.7768448411275,1279.9784544853476
1052.7230770767046,1446.5282809620178,1277.879018243539
1052.2024853235487,1446.253312370822,1275.6828090918445
1051.603914595339,1445.9792154299328,1273.5023811273527
1050.9861707739674,1445.731382053279,1271.4614177500162
1050.4063208843788,1445.5237363820204,1269.679956227859
1049.9123841375601,1445.3562156930366,1268.258699662899
1049.5385968835906,1445.2209246538346,1267.2740020780836
1049.3031164929914,1445.107861982103,1266.7708791399787
1049.2045756711004,1445.0089103986143,1266.7471018630536
1049.2189243962991,1444.92034891972,1267.1433340488813
1049.303515576035,1444.8397127541089,1267.8550237446743
1049.412197382622,1444.7620645147986,1268.765911762757
1049.5124017736832,1444.6804376548193,1269.782730369271
1049.5950620887243,1444.5891061433315,1270.8546847616494
1049.6740664731797,1444.4865642274835,1271.97237722936
1049.7748831486635,1444.3756330399565,1273.1450402061273
1049.9218407616281,1444.2642393391243,1274.3743178872692
1050.1284595030702,1444.1666449665431,1275.64239278167
1050.3907351799076,1444.1058028450263,1276.917210868643
1050.6901773455654,1444.1117174715978,1278.1635650790392
1051.0012880883178,1444.204506994428,1279.3413172993548
1051.296825670532,1444.3843460162288,1280.406216275334
1051.5556576856627,1444.6446593814437,1281.3323758214815
1051.7692781139456,1444.9791402800597,1282.1325468510668
1051.9436206630833,1445.3717514449306,1282.8573230048057
1052.0995749591539,1445.7902718237174,1283.579075414905
1052.2668904592501,1446.192620084519,1284.3713113203298
1052.4695251649666,1446.5411101494274,1285.2909817211878
1052.7122176799894,1446.8147991608905,1286.3632231165282
1052.9770508427898,1447.011331636353,1287.571016859041
1053.2348401465892,1447.138183750908,1288.8521167741794
1053.46314856944,1447.2048189897173,1290.115574844351
1053.6503801507972,1447.2220892976059,1291.2886467505323
1053.7909936719711,1447.2025933470672,1292.3496580828828
1053.8898521746246,1447.160862993299,1293.3045977497184
1053.9636653246482,1447.1144873444782,1294.1436567309227
1054.0304417585216,1447.0868226751124,1294.8251726210638
1054.099098989074,1447.1104492588997,1295.284503174358
1054.1643858169814,1447.2231996385124,1295.4487679759136
1054.209604459354,1447.458840455934,1295.2553339399328
1054.2160305844493,1447.8373710337562,1294.6719913003353
1054.1709593884555,1448.3548470242952,1293.7099547575149
1054.0756496402078,1448.985952110261,1292.430909372295
1053.950282242073,1449.6979795468455,1290.9384777004213
1053.8243398991185,1450.4564479233666,1289.3463715910548
1053.720243477751,1451.2297563969066,1287.7538171630074
1053.6467914297855,1452.0019025050015,1286.24224929031
1053.6043148163099,1452.774471399871,1284.861905722639
1053.5934570636782,1453.555757541794,1283.6143101587952
1053.6115356904038,1454.3557396183296,1282.4744299402303
1053.638574821246,1455.1866699247435,1281.4278556016288
1053.6419868012185,1456.0602831122414,1280.4726820967849
1053.5972867086452,1456.9826740941314,1279.606365732119
1053.4908448755564,1457.9509336901062,1278.823038024151
1053.3089902301413,1458.957216825792,1278.115944338867
1053.0415048950424,1459.995363324489,1277.4814606031014
1052.6897870623027,1461.0610186946374,1276.9172087095515
1052.2612093817586,1462.1530687217519,1276.4190947890281
1051.761058082384,1463.2766031608119,1275.9876647340143
1051.1906792138823,1464.4350606616736,1275.6311339139197
1050.5493364665347,1465.618296977949,1275.3586774381438
1049.8409206318015,1466.8021768593355,1275.1771717616912
1049.0785544908288,1467.959657518894,1275.0948562764502
1048.276773165841,1469.0730713776395,1275.1224877445136
1047.4394185518083,1470.136759502508,1275.26400202917
1046.5618490715947,1471.1509009570664,1275.5052419154895
1045.645876425024,1472.1182180474173,1275.8188310567543
1044.7115935047862,1473.0440906740132,1276.176528435539
1043.7984445227537,1473.9332313506532,1276.5533309228183
1042.9528685915034,1474.7835014395032,1276.9352527591593
1042.2137039619427,1475.583581638791,1277.3226708035124
1041.6075495549192,1476.3216342630792,1277.7031435513188
1041.144540570661,1477.0056417098008,1278.021198597182
1040.8119334561193,1477.6792612175839,1278.1858817336265
1040.5748343611924,1478.4074905632276,1278.1057243348791
1040.3882793980317,1479.2376572336457,1277.7280268494742
1040.220894439481,1480.1770234043959,1277.0745704407866
1040.074101515151,1481.20334382858,1276.2532113128752
1039.976711590702,1482.2781213173664,1275.4196442657844
1039.9624292297658,1483.3486840221856,1274.71285908354
1040.0510598319468,1484.3582481221558,1274.211478634634
1040.2377264385907,1485.2616799106695,1273.9169510084193
1040.4876983732363,1486.0312258590388,1273.7591183361596
1040.7424182633856,1486.6557779922832,1273.6267311497807
1040.9370140465262,1487.1402921840408,1273.4047700182896
1041.018903676951,1487.5017595530599,1273.0003896237927
1040.956621370829,1487.7565813753195,1272.354184936744
1040.736535227345,1487.9092257421967,1271.440448622202
1040.3608494122745,1487.9617568135343,1270.2704579866304
1039.8539697163906,1487.9340342861578,1268.897924783782
1039.2615360842983,1487.8628639652284,1267.4053587226172
1038.6366875133622,1487.7834749429173,1265.8802714295277
1038.0299515021673,1487.7233157426986,1264.4090741188602
1037.4905493756323,1487.7097043831243,1263.0776549734283
1037.065485301395,1487.7648923547326,1261.9594146452469
1036.7873138833886,1487.8905785911168,1261.1126838396901
1036.66524235936,1488.070237679647,1260.5885697852675
1036.6893588598891,1488.2856377814994,1260.418445889549
1036.838225026279,1488.5255505250784,1260.599132091172
1037.0835658925919,1488.785488210842,1261.1018405180355
1037.3938691847236,1489.065394563674,1261.8869114341692
1037.7392799405816,1489.3647387362093,1262.910198554967
1038.099288745067,1489.679188427638,1264.1299976118976
1038.4699345641516,1490.0061344643298,1265.5135668887272
1038.8622044318124,1490.346165369205,1267.0325642619205
1039.2888745456612,1490.6918043805733,1268.66176480554
1039.7526433157934,1491.0279514397366,1270.3879564077151
1040.2473104266533,1491.349450577352,1272.2054740118065
1040.762947453235,1491.662341906086,1274.0953508579273
1041.2841671500223,1491.9665260002112,1276.01120488773
1041.78980303984,1492.2521992048482,1277.8885488093063
1042.2609933654257,1492.5117010613667,1279.6778903736124
1042.6871857033896,1492.7410963275709,1281.381626165494
1043.068137929779,1492.928395718962,1283.0555898604941
1043.417769383174,1493.0478528340575,1284.7640287592656
1043.7605926837614,1493.0686743022914,1286.5337638178826
1044.1176304282546,1492.9724821334994,1288.341944164783
1044.4931025923631,1492.7670772586853,1290.1217517418092
1044.8674474389754,1492.4844246623045,1291.7685699929234
1045.1992335071095,1492.1676160379411,1293.157455459742
1045.4395040687812,1491.8582707062155,1294.1844603962159
1045.552765354312,1491.5841555819816,1294.8105216866834
1045.5328729456282,1491.3487199379597,1295.0782605414834
1045.407158583785,1491.1334333442926,1295.0981104331029
1045.2259612012906,1490.9091193450072,1295.0074914201384
1045.0422502468127,1490.6452335491567,1294.9204830758126
1044.8937416322497,1490.3204761873212,1294.9014722546535
1044.7949648091367,1489.9316467832152,1294.9661669729135
1044.7385928401438,1489.4901771397372,1295.0920053002915
1044.701730220157,1489.0130221642378,1295.2340450391841
1044.6542730242331,1488.5200019523202,1295.3416036723938
1044.5666658742462,1488.034832935266,1295.364934406023
1044.4141654141256,1487.5847448391037,1295.2572018905516
1044.1807567400376,1487.2022011701029,1294.9843379582983
1043.8620466438824,1486.9240628875846,1294.5335338043742
1043.4625321110163,1486.7811360915616,1293.911067651744
1042.994774472431,1486.79083030897,1293.1458327904993
1042.481818268584,1486.9607401525839,1292.2957068683065
1041.9510845002899,1487.290691552849,1291.4354606610057
1041.4244893782713,1487.7701399414696,1290.6390168282683
1040.9172292451701,1488.3778259723488,1289.9728462869405
1040.4411694900587,1489.0849477678785,1289.4921526149133
1040.0016722070968,1489.8603069600342,1289.2341194415114
1039.5883457571415,1490.6744951259914,1289.2090589445802
1039.1735659716103,1491.503981415643,1289.3933546884687
1038.7247139926362,1492.337878455233,1289.728619805749
1038.217965015463,1493.1819024992785,1290.1345026993417
1037.6388948394583,1494.05102369694,1290.5454196590642
1036.9784512172007,1494.9524578364956,1290.9429179335743
1036.2399496214573,1495.8752060938618,1291.3461851896911
1035.4419396188982,1496.7961944493666,1291.7829205424068
1034.6068577727046,1497.6906390664894,1292.2707724973377
1033.7532131217965,1498.5402077796928,1292.80567459424
1032.8943025161468,1499.3418623919688,1293.360702974392
1032.032251111439,1500.1042724010101,1293.9048065199593
1031.156956025168,1500.8322922723141,1294.420529917739
1030.2612682522615,1501.5208921803317,1294.898862756329
1029.3527643208272,1502.1599028221285,1295.3285051610205
1028.4456333026262,1502.7391748772563,1295.6901194932493
1027.5478138403457,1503.2559548145603,1295.9477675915512
1026.6593179143824,1503.726553356614,1296.052355379485
1025.7768478142264,1504.1888084535926,1295.9639243136064
1024.897693351315,1504.6831654592902,1295.672723069296
1024.0273073192795,1505.22907712195,1295.2105210680431
1023.1879818030437,1505.8203123874355,1294.653519953823
1022.4172323900816,1506.434938967405,1294.107289748043
1021.7543870099877,1507.0438187041123,1293.6697718717764
1021.2257302397418,1507.6163260308585,1293.393940881772
1020.8387856810544,1508.1277708453802,1293.272117652398
1020.5824644953278,1508.5616773638026,1293.2377037405704
1020.4274837077161,1508.907323102553,1293.186812314084
1020.3308257743315,1509.163902293445,1293.0228799859815
1020.2405560017075,1509.3415376401824,1292.686266163638
1020.0991331377998,1509.4486268447056,1292.1484479050866
1019.855167724605,1509.4840352958793,1291.401926385717
1019.4816224362266,1509.4473087808822,1290.4578269039364
1018.9853429269391,1509.352513493433,1289.3474391566685
1018.3972054416731,1509.226838036005,1288.1350741527476
1017.7501495578649,1509.0948185830755,1286.9142475241595
1017.0676365948814,1508.9666398317231,1285.7702994334015
1016.3692059488287,1508.8430394299864,1284.7593316030793
1015.6768527834076,1508.7254826957837,1283.9212837557247
1015.0100654963593,1508.611487039254,1283.284709646642
1014.3752471918953,1508.4832855833397,1282.8546602412796
1013.7624378975408,1508.3144057100385,1282.6107439520342
1013.1538451654139,1508.0907597922649,1282.5228443876297
1012.5365143000772,1507.820496788706,1282.5672687853976
1011.9074574489882,1507.522577840949,1282.7259943118681
1011.2712863884194,1507.2126166736105,1282.9775640043722
1010.6401668917231,1506.9011141339636,1283.2992134072024
1010.033481629197,1506.59420588454,1283.6759432402741
1009.4729737885208,1506.293417943792,1284.1040725990033
1008.9824275023694,1506.0024452698417,1284.5888568829635
1008.5887671178575,1505.7336145722486,1285.1378112258947
1008.3127678165712,1505.5059816664166,1285.7530698690534
1008.1561429997216,1505.3393254449459,1286.4260377052024
1008.1002176967372,1505.2487451276309,1287.1363125467306
1008.1170059478528,1505.2418669497085,1287.8567221972723
1008.1782046251766,1505.317667394948,1288.5604884115828
1008.2563454063597,1505.4660716032474,1289.2293196748124
1008.3277686825124,1505.6680957244628,1289.863063319969
1008.3795899613558,1505.8959923483246,1290.4828204935766
1008.4132732883708,1506.1166609878683,1291.1225936231795
1008.4380712002286,1506.2988679205773,1291.8081063102036
1008.4515670087426,1506.420603225613,1292.5248912576697
1008.4210294603996,1506.4772181218352,1293.2042352805884
1008.2879466658018,1506.4859641452217,1293.752538631087
1007.9954255809741,1506.4772737922108,1294.1016446222689
1007.5148709799367,1506.4754713022692,1294.2424823887145
1006.856040571454,1506.4828710035206,1294.2281504368823
1006.066744153873,1506.482519308494,1294.1549927619935
1005.2270208548236,1506.4550213818652,1294.1331611753371
1004.4282067083316,1506.3842076466624,1294.2463912718717
1003.7430313889421,1506.2563230124654,1294.517796610066
1003.2081064932833,1506.0736754096042,1294.910165027337
1002.8213005423918,1505.8637466485775,1295.3473150511704
1002.5481712136557,1505.667141953672,1295.7304486591074
1002.3387803976752,1505.5223999615073,1295.9542049737934
1002.1459311327147,1505.4592527718553,1295.9275131389822
1001.932715320189,1505.497690805577,1295.59105261852
1001.6753291157311,1505.6479612996175,1294.9241579520417
1001.3690274196317,1505.9088753975761,1293.945337303366
1001.032081241464,1506.269112772785,1292.7147844230985
1000.7014880813007,1506.7115313494978,1291.3259408422766
1000.42029729144,1507.2150238300562,1289.878641246118
1000.2237069369564,1507.756991621298,1288.4612479205564
1000.1311673111163,1508.3188464372658,1287.1524796192805
1000.1440347943836,1508.8879924040036,1286.0237318143772
1000.2465415811967,1509.4552131969592,1285.135618593201
1000.4089639256769,1510.0139183432482,1284.5288085645238
1000.5908013061011,1510.5605891070968,1284.2104885506776
1000.7438073296211,1511.0901284853135,1284.1501403896877
1000.8181465114706,1511.5917863442562,1284.2914134900573
1000.7722774975712,1512.0571456766013,1284.5725503859214
1000.5843651235414,1512.4917352055963,1284.9431689745797
1000.2622430579987,1512.9159941428536,1285.3660806820446
999.8413550320743,1513.358933194255,1285.8141722143087
999.364154064228,1513.8480487890954,1286.285177297099
998.8601811661672,1514.3950825278305,1286.8118283811216
998.3445116395955,1514.987475089008,1287.4340835650296
997.8229486120593,1515.5978276331662,1288.1693099468043
997.2947104777688,1516.2049697230107,1289.0158929440236
996.7543395884718,1516.8013154694038,1289.9614877763458
996.192129605663,1517.3804814708894,1290.9777230109164
995.6002681376074,1517.9293795690787,1292.0259194857958
994.9828413015778,1518.436423134296,1293.0763801551605
994.3549247077982,1518.9009707158075,1294.1103357793831
993.7336564174319,1519.3328914156584,1295.1025776948818
993.133017072926,1519.7468994963244,1296.0134611662666
992.5618366191637,1520.1579498675974,1296.796676484932
992.023721962229,1520.5779006144592,1297.4104126414138
991.5203483984563,1521.0133943805192,1297.8291879384074
991.0526176813618,1521.4697203585395,1298.0512976874095
990.6192092828842,1521.9570238007857,1298.0931086767782
990.2195697732556,1522.4834055138865,1297.9812084360613
989.8584457369202,1523.0398892743963,1297.7545408775918
989.5459920504076,1523.5968636318378,1297.4589846576162
989.2944269463192,1524.1093263142925,1297.1233845510112
989.1128296694235,1524.5256908889162,1296.742821494653
989.00423706008,1524.80623427922,1296.2870177313202
988.9670887460863,1524.939366442138,1295.7165944480826
988.9909206583935,1524.9369870896262,1294.9867680625243
989.0443455936131,1524.8198979821127,1294.0474155936995
989.075029224194,1524.6125173224764,1292.8577188838804
989.0312386357655,1524.342348182483,1291.404689744549
988.8843969468885,1524.0405567971654,1289.7097206157837
988.6319077519904,1523.742058713675,1287.8260539299606
988.2874955830096,1523.4731444579886,1285.830815441982
987.8766090229184,1523.2385494226912,1283.8209144873665
987.43771297504,1523.028116751976,1281.9169685367747
987.0187134944847,1522.8279829544956,1280.2519203511338
986.6671751222518,1522.6210993264194,1278.9388328293096
986.4206637333717,1522.3903827884862,1278.0477501921866
986.2953292817219,1522.1270699920033,1277.5965781761092
986.2760570971302,1521.8332779279694,1277.5442688309204
986.3224837706277,1521.521805349705,1277.8001441660726
986.3871795942758,1521.2125903941808,1278.2534164442227
986.4296164056755,1520.9241560721716,1278.8046285624291
986.4256287703009,1520.6705207063537,1279.3875103882408
986.3772328190466,1520.4626697267079,1279.9767075209168
986.3143295720666,1520.3080225072356,1280.5822020608857
986.2819260006155,1520.211272265407,1281.235953449501
986.3224294435873,1520.1761909873162,1281.9719354753504
986.464410494819,1520.2066795155458,1282.8053509175957
986.7183308618678,1520.3100227218808,1283.724358699261
987.0739110613564,1520.4972112218586,1284.6956972063017
987.4999240257696,1520.7779565421556,1285.6770176569917
987.9516287996944,1521.1581428765192,1286.631154183972
988.3846479833044,1521.6357220747054,1287.5381971618458
988.7675511414787,1522.1909711025378,1288.4033909079642
989.0880888822659,1522.7839205978532,1289.2570388061456
989.3536001953375,1523.3621933317131,1290.1408405899283
989.5808823048521,1523.8714369038298,1291.079911361398
989.7746469685435,1524.27265534252,1292.0536170530142
989.9086287797699,1524.5605299974409,1292.9860312722274
989.920303015457,1524.761782389047,1293.7646173162047
989.7255965705484,1524.9166338701193,1294.2796980590706
989.254959283215,1525.0618687075446,1294.4659179958278
988.4898686132879,1525.2196204730672,1294.3281662564823
987.4744077029197,1525.3910801573197,1293.9437410992282
986.3014147689564,1525.56115251185,1293.4395138975358
985.0862104660431,1525.7117369575558,1292.9515950946497
983.9401034657014,1525.8330275123485,1292.5852751762743
982.952980167902,1525.9302866475798,1292.3940463767037
982.1810277413966,1526.0232708710848,1292.3783110414156
981.6389057849512,1526.1385355874538,1292.4913631696802
981.3059860110535,1526.304728231608,1292.650356681208
981.1390636611518,1526.5525916054091,1292.7597690934515
981.0804047677589,1526.9101200816383,1292.7404060370782
981.0670319304852,1527.3910253412405,1292.5416406738846
981.0435579490194,1527.989210087454,1292.1351651807613
980.972890343741,1528.6855198667258,1291.512541672954
980.8434841019673,1529.458515343417,1290.6948533719806
980.6717018251173,1530.2945273740543,1289.739527290336
980.4941893796857,1531.1927164465112,1288.7309685996681
980.3493569626708,1532.1538056464587,1287.7545942435977
980.260500155287,1533.1631818168335,1286.8751571054288
980.2318304328974,1534.1935874594026,1286.1395171620127
980.2491064051605,1535.2168764107362,1285.5812947522156
980.2813889657614,1536.2053504156981,1285.2086461909926
980.2912954681527,1537.133200938827,1284.9990876706202
980.2465395911323,1537.985182300705,1284.913292935247
980.1254854113355,1538.7623167524118,1284.9103815231601
979.9234901131812,1539.4781864669176,1284.9575692982128
979.6597539837875,1540.1491503043314,1285.0382141034813
979.3730818626914,1540.7864897292827,1285.1531318276539
979.1060263296357,1541.3951883134864,1285.3153088116637
978.894280877064,1541.976470952811,1285.5451801156412
978.7674347204453,1542.530955522721,1285.8637024492818
978.7468773853482,1543.0627530491442,1286.2808625686955
978.8375438955092,1543.5828578207834,1286.7879642241523
979.0244519009145,1544.1088547681952,1287.3610908925627
979.2784901981217,1544.6579608716468,1287.9723089913964
979.5724223675073,1545.2341830923506,1288.6037023650845
979.8990655510214,1545.8219621904918,1289.259807951117
980.2728906213815,1546.393927086018,1289.9632548873365
980.7150329186104,1546.922764732,1290.7299733683128
981.2375328129526,1547.3918347441738,1291.5471701017318
981.8309372482714,1547.8060826088156,1292.368496260002
982.4591642319516,1548.1941846717973,1293.121680969556
983.0701434718376,1548.5963860272695,1293.7308199283002
983.6156118389017,1549.0477044349445,1294.151042529945
984.0683766510309,1549.564691966505,1294.3898196790008
984.4333871158071,1550.1394672145248,1294.4994151799524
984.7479360745416,1550.7464531229614,1294.5559625861806
985.066485098418,1551.3559862964564,1294.6352714528125
985.4368166995414,1551.9417693771004,1294.7825591978785
985.8823595010012,1552.4821016827245,1294.9902933774154
986.3976807295428,1552.9596134194476,1295.2000479678295
986.9564446337048,1553.3608144347631,1295.325336245506
987.5278630365851,1553.6778953007413,1295.2843266261534
988.0865313090968,1553.9101512999653,1295.0232989101455
988.6062462087442,1554.061459210425,1294.5194503839562
989.0538381135866,1554.1370461007227,1293.772387841292
989.4006091218198,1554.1421211876493,1292.7902699673834
989.6401599184096,1554.0844791855832,1291.5845770292815
989.7870969888413,1553.9795723317613,1290.1903871548654
989.8622686438832,1553.85127820849,1288.6736035761535
989.8880542308734,1553.7290841119654,1287.103015823843
989.8876192626366,1553.6414074985992,1285.5432514735267
989.880531026507,1553.6032027266422,1284.0699280549914
989.88250839843,1553.6101693562498,1282.7586456958566
989.9055383333094,1553.6485908498782,1281.6696044926412
989.9563567334758,1553.7081537790261,1280.852089800609
990.0368419961338,1553.782649143508,1280.3419780168235
990.1435187905611,1553.863524422531,1280.1442153579683
990.2661938327417,1553.9392002873874,1280.2233478864594
990.389574470828,1554.0011206403587,1280.513150514734
990.4988513129745,1554.0509401523686,1280.935969202688
990.5865380452236,1554.101599958287,1281.419108003924
990.6569758975073,1554.164946314651,1281.903983676587
990.7254277041712,1554.2389134388113,1282.3555018514908
990.8096867820675,1554.313984753477,1282.770229204355
990.919246557376,1554.3842711174107,1283.164204215957
991.0509519853288,1554.4464222263769,1283.5475004633681
991.1932533220211,1554.5014238106712,1283.9164027471156
991.3350556007844,1554.564645840538,1284.2569677726297
991.4692383783892,1554.6633922557967,1284.542496750246
991.5840822203136,1554.8159500303022,1284.7449019462997
991.6589292885442,1555.0226865478535,1284.8634506815038
991.677080846088,1555.276575598668,1284.9319735087083
991.6345582022848,1555.5569503802355,1284.992039358899
991.5338927179323,1555.8183130579728,1285.0710309164845
991.3797218797337,1556.010997193009,1285.1867689500684
991.1755086334797,1556.108312517133,1285.3481428705843
990.912156149252,1556.111472691384,1285.5369808291543
990.5604697002428,1556.0424128623595,1285.6988997748408
990.0819654941383,1555.9325739699582,1285.7581665729751
989.4506448687271,1555.809884379379,1285.6541005777497
988.6678364273506,1555.6894284008133,1285.3913084055362
987.7655559540768,1555.571720958472,1285.0578517614742
986.8002621574832,1555.4472929106514,1284.7761482568424
985.8370872690274,1555.3032108904972,1284.6368159768995
984.9299388465633,1555.1320101064798,1284.672819904245
984.1045421639071,1554.9406368246666,1284.8648760280241
983.3525938873563,1554.7486876291555,1285.1536480368716
982.6398899777544,1554.576412920982,1285.4558568425703
981.9235419544061,1554.440358077603,1285.685190576478
981.1707553715559,1554.3588754265952,1285.775334587479
980.3632737833074,1554.3460092810706,1285.7013031481154
979.4915972975891,1554.400305568956,1285.4847005903432
978.5604987660759,1554.5124782944865,1285.1762999142645
977.5941792412465,1554.6746630461348,1284.8322396494532
976.6266507427663,1554.8758166055823,1284.5016975828144
975.6936881321252,1555.1022581108473,1284.2306150638103
974.832597205123,1555.3451147366725,1284.0677106372161
974.0771989602313,1555.6001582220174,1284.0584122468047
973.4462525691864,1555.8630087848092,1284.2320142947144
972.9367950498338,1556.1285758281506,1284.5910078149948
972.5302552588108,1556.3946482610613,1285.107031702766
972.2032841301415,1556.6658912491152,1285.7276946929735
971.9313559476889,1556.9507116880693,1286.3877937844718
971.6920180944462,1557.2516596741832,1287.021904126559
971.4730478484746,1557.566911332195,1287.5854620150951
971.275065634405,1557.9036065315267,1288.0667603278807
971.1106803776661,1558.2813031172016,1288.4681292233008
971.0029894374394,1558.719675429225,1288.7862494810129
970.9748555768326,1559.2242514354318,1289.0295504541732
971.0390702158907,1559.7862494582187,1289.2414083436704
971.1984519257408,1560.3957279196843,1289.4832483754183
971.4465085057635,1561.0445654997877,1289.799414597775
971.7711797850602,1561.7172220172492,1290.2071647006903
972.1624922039116,1562.3915258066468,1290.711067742096
972.6129171979901,1563.041986400459,1291.309336967534
973.1149109127784,1563.629468611942,1291.9825243663463
973.6640139660884,1564.0984629592172,1292.690566344339
974.257239230837,1564.3989516113527,1293.3822982319787
974.8817191017199,1564.5130415505134,1293.9965648671891
975.5059050845167,1564.464715285446,1294.457497444516
976.0821537583895,1564.307029233396,1294.6787697487637
976.5634956887916,1564.096930088469,1294.5830889905017
976.9261987152687,1563.8788066846496,1294.133957772239
977.1802996012786,1563.6819113650204,1293.358718577017
977.3631968160121,1563.521910688136,1292.343536367347
977.5236495692601,1563.405956174956,1291.2075538515369
977.710839208072,1563.3373110893776,1290.0714415130633
977.9763404147782,1563.3114736823509,1289.0312162193206
978.3717829667933,1563.3163624811482,1288.1471037360661
978.9314133965636,1563.3416239317426,1287.4399240001076
979.6572900831094,1563.3780261608772,1286.883844708893
980.5200633280762,1563.4123065881474,1286.4111420757943
981.4700404252206,1563.435900634921,1285.9422449366564
982.4507833862858,1563.449324064488,1285.4150090889818
983.4100283430032,1563.4512507384666,1284.788608294365
984.3072837587384,1563.4358051863953,1284.0396627528712
985.1194075919805,1563.39925248475,1283.1685826650157
985.8425048187162,1563.3395831860548,1282.2062488979936
986.4871437257527,1563.2538472697577,1281.2089943903957
987.0693131715706,1563.1379961377322,1280.2405813319017
987.6051452021476,1562.9858607903504,1279.3540542353876
988.1091985748166,1562.7906930725308,1278.587515042896
988.5896221733991,1562.5504086802255,1277.9692571526125
989.0449665832646,1562.2705975217687,1277.519891242527
989.4701857963164,1561.9604454816897,1277.2461122838076
989.8620562983996,1561.6316583660387,1277.1387569555445
990.2179756152382,1561.3046700886757,1277.1853517589464
990.5416410741939,1561.0034028552523,1277.3807466791386
990.8516830694473,1560.7400803753178,1277.722204062656
991.174342330899,1560.5129605107536,1278.197705736036
991.5321242324371,1560.3191121469263,1278.7869521661228
991.9458755718824,1560.1636761431819,1279.4759652092412
992.4388160815673,1560.0599063065827,1280.2648611411705
993.0325933620384,1560.0268683809943,1281.1621340531603
993.7368851170811,1560.0769781466154,1282.1697196620974
994.5415522359823,1560.2030251015128,1283.2712292489448
995.4239250507385,1560.3876297504978,1284.4370606320874
996.3589982980208,1560.6158800015357,1285.634930288663
997.3174562885876,1560.8730191541306,1286.8343173023072
998.2632726538455,1561.1458487692023,1288.0072224699848
999.1607025990996,1561.4349569691908,1289.127254850203
999.9846814251023,1561.7611151185724,1290.1659604177662
1000.72388385604,1562.1514917253428,1291.090641853409
1001.3717786572282,1562.6140875010713,1291.8856039224738
1001.9200032960458,1563.1292695993068,1292.583104688368
1002.3686263936959,1563.662468197438,1293.254852348116
1002.736252837509,1564.1726185384923,1293.9701876265729
1003.0480950982173,1564.6174146749809,1294.7616073034721
1003.3138136949706,1564.969919099929,1295.611543691899
1003.5155218488377,1565.232787003624,1296.457861111992
1003.6106979367893,1565.434315350028,1297.2146027545236
1003.5510959924517,1565.6095227578382,1297.8041228901932
1003.3105826587473,1565.7802844749087,1298.1879307741697
1002.9009548014312,1565.951747003034,1298.3784152395533
1002.3675145390492,1566.1240167056521,1298.4249666288354
1001.7763790945496,1566.297569196864,1298.382539082287
1001.1957239431608,1566.4679094948908,1298.2824834465625
1000.671345136493,1566.6294102066688,1298.123415285052
1000.2165082317423,1566.7900144574096,1297.8772412068652
999.8210201544891,1566.9703984192138,1297.4948787383503
999.4617610467202,1567.1829762997843,1296.9160995210236
999.1128492491242,1567.4246322498843,1296.0974986997962
998.7554833147137,1567.6918240451075,1295.0388621419906
998.3781830041041,1567.987080646328,1293.7794674181077
997.9773029943212,1568.3087772824156,1292.3776665914122
997.5657333036481,1568.6445147771503,1290.88915506776
997.1746673518322,1568.9782752811018,1289.3538875417155
996.8383109245244,1569.301827437953,1287.816291105892
996.5751313822755,1569.6191869438944,1286.3491259149482
996.3866859276324,1569.9384929834766,1285.02907930958
996.2700335453711,1570.258067552803,1283.901816452669
996.2225828065941,1570.5703801785949,1282.99143120677
996.2383073387042,1570.8777281273565,1282.3242301758726
996.3073344987159,1571.1903022581532,1281.9228616133792
996.4183129909659,1571.5154002371737,1281.786420734536
996.5605290010461,1571.85739814508,1281.8860762784152
996.7268643373847,1572.222617120064,1282.1734694412976
996.9122585632582,1572.62003876563,1282.5880865345289
997.1095652605811,1573.0604858347842,1283.0667223680584
997.3136534951897,1573.559023524587,1283.5636466434742
997.5288870905968,1574.131778114165,1284.066974452937
997.7713855047076,1574.781928796154,1284.592709862645
998.0673577950372,1575.493503229588,1285.1682453259298
998.4432355079261,1576.245140536748,1285.8225573647917
998.911406539628,1577.025515807926,1286.576560830585
999.4661219950146,1577.8303936662796,1287.428824134227
1000.0886320141007,1578.6501457970373,1288.3548108554214
1000.756469420569,1579.4689581650127,1289.3287158037947
1001.4573043639642,1580.2728235586046,1290.3427283021708
1002.1979006859332,1581.0458763570196,1291.3971399718012
1002.9954000525821,1581.7600741870356,1292.471430398754
1003.8550798053459,1582.3850240659563,1293.506471414015
1004.7545047024072,1582.9174829155381,1294.409659968642
1005.6422595537099,1583.396586283758,1295.0737632005605
1006.4490215536952,1583.885104288224,1295.4049034756304
1007.114304097031,1584.4369842446208,1295.3604205485797
1007.6147542479778,1585.078091458758,1294.9773682837565
1007.972577235129,1585.8020035628979,1294.3666328298832
1008.2481691970902,1586.5717204199807,1293.6757974464663
1008.5225772114843,1587.3290111437418,1293.0452343266297
1008.8687068715484,1588.0162999599468,1292.5741323024579
1009.3259602815291,1588.600119864944,1292.2968286928813
1009.890364528778,1589.0752261761656,1292.1733321265979
1010.5177026021236,1589.446186287348,1292.1057009623598
1011.1393332351984,1589.7119435199024,1291.9804620115628
1011.6840061707242,1589.8730447211167,1291.7152940749704
1012.0922092535196,1589.941310196367,1291.2784457575283
1012.3254046712959,1589.926827843961,1290.6735013780044
1012.3743397670555,1589.8232453211642,1289.9154329643607
1012.2572640117183,1589.622413548995,1289.0228753011643
1012.0094249872288,1589.3410933902758,1288.025322301766
1011.676212417303,1589.0270205447691,1286.970974446519
1011.3089993691862,1588.7414510754456,1285.9268152374405
1010.9570007375643,1588.532012579774,1284.967175291338
1010.6577963375044,1588.4131617721791,1284.1560833954873
1010.4335671480512,1588.3701959818927,1283.541993077772
1010.2956635529234,1588.3828602398928,1283.1668429395882
1010.2490774033106,1588.4439304853222,1283.0671838320798
1010.2901920583625,1588.5593077436968,1283.26157120688
1010.4053397944107,1588.737780498495,1283.7387002500059
1010.5748712746223,1588.978731004519,1284.4541202298892
1010.7783253164332,1589.2632500593963,1285.336081914542
1010.9989654516439,1589.5610656423082,1286.3043352400953
1011.2265854183955,1589.854297536753,1287.300715531754
1011.4585083952518,1590.1495274950685,1288.3066651276276
1011.6989897666614,1590.4577737216507,1289.3229709101652
1011.9525245767273,1590.7703251966163,1290.3338627497094
1012.2146190255507,1591.068027089242,1291.3000942710794
1012.4662372086951,1591.349458084215,1292.179576596906
1012.6754431363289,1591.6368228706078,1292.942506257238
1012.8127478490005,1591.958048533717,1293.5772458563144
1012.8668199229966,1592.3279350990972,1294.0970278166824
1012.842501724971,1592.7362159634322,1294.5405831945895
1012.7521901312525,1593.1478435154859,1294.963633912004
1012.6142617577161,1593.5155395765873,1295.4228802379598
1012.4525993497765,1593.79415384592,1295.9492645215546
1012.2865435609809,1593.9586495665387,1296.523961265159
1012.1117474521944,1594.024040302648,1297.0770848577922
1011.8912852250347,1594.0443645840298,1297.5100631485775
1011.5750559030297,1594.0817654689654,1297.7352910533539
1011.1359327831132,1594.1724538053995,1297.7243307709691
1010.5954702668919,1594.3191294213325,1297.5408591968644
1010.022974748226,1594.5019948995323,1297.325025919733
1009.5108448891804,1594.6860323028354,1297.224399793632
1009.143631541922,1594.8313609771044,1297.3189331531191
1008.9733427708861,1594.9169410661382,1297.590673979068
1009.0028549010076,1594.958205639304,1297.9376293923656
1009.1827492877866,1594.997563379335,1298.204419231892
1009.4285857847526,1595.0795171140949,1298.2207134972025
1009.6515800598809,1595.236621123058,1297.8425580235732
1009.7837182101186,1595.4871001142772,1296.9855377387057
1009.7886432515036,1595.8280122032368,1295.6490128041619
1009.6666564861814,1596.2307701550471,1293.916656621284
1009.4558427438675,1596.6574162517677,1291.92134033231
1009.2180553997858,1597.0825618729284,1289.801517026899
1009.0154703172141,1597.4952903609246,1287.6729304133576
1008.9017422794991,1597.89040897433,1285.621534808202
1008.9265746319186,1598.2682101856074,1283.7167662541856
1009.1284800996103,1598.6361710535084,1282.0228164783757
1009.5149009707268,1599.0030184443708,1280.5905592849545
1010.0530237852922,1599.3734782692445,1279.441548316565
1010.6812846089167,1599.7481891103355,1278.560441658064
1011.3301276431961,1600.128747292733,1277.9038717572173
1011.9384515015406,1600.5252398268601,1277.418740535952
1012.4650898337165,1600.9538675663741,1277.056305050416
1012.8988710801088,1601.4278858908,1276.7861990852327
1013.261383379249,1601.9538630095713,1276.6088040600953
1013.5935615342696,1602.5303449552307,1276.549088934621
1013.9305431478737,1603.1470420539358,1276.6340912964629
1014.283895653016,1603.7906640031222,1276.8751163129782
1014.6440272642329,1604.4587801935795,1277.268898808518
1014.9947018204563,1605.1653054581077,1277.8050282106253
1015.3257129885601,1605.9244204246581,1278.4598060032918
1015.6390677464691,1606.7325133378758,1279.1981830624768
1015.9488076561335,1607.5640890850896,1280.006520593863
1016.2766283573112,1608.374504968614,1280.9067186326442
1016.64275311697,1609.1089592681546,1281.9101970503405
1017.0496265628108,1609.722943659589,1282.9663791956766
1017.4682304088757,1610.2086285401022,1283.9637968780164
1017.8394700524934,1610.604208479436,1284.7700421700908
1018.0911205102364,1610.971195236157,1285.27875804362
1018.1648063202532,1611.3615270536961,1285.4508725400422
1018.0429509286229,1611.7990227044008,1285.3377759194345
1017.7599210532568,1612.2735643468636,1285.066621439158
1017.3862512594877,1612.7499163222044,1284.789766696119
1016.9961779027176,1613.189720507667,1284.6302106342353
1016.642985419859,1613.5618600547718,1284.6445476870779
1016.3516698290966,1613.840218590196,1284.8074507387562
1016.1179374408974,1614.011391194407,1285.0248546569637
1015.9075413504677,1614.086206725592,1285.176123848146
1015.6670801949085,1614.0962895675225,1285.1630138883934
1015.3468959310434,1614.0752897649818,1284.9321878457874
1014.916995816892,1614.0403635718324,1284.467096360864
1014.3673736121568,1613.992003048363,1283.7739614548284
1013.7026357325149,1613.9299579527672,1282.8716417924065
1012.9424388397911,1613.8651153209448,1281.7880134074146
1012.122581338146,1613.8156190208188,1280.5646366069725
1011.2854234339759,1613.7953957644443,1279.2552876111238
1010.472839323875,1613.8103431064376,1277.9137553316125
1009.7299639904485,1613.8607326235779,1276.5901834395802
1009.098107244639,1613.9398293088557,1275.34769121505
1008.5985264405842,1614.0361151981128,1274.2663482019361
1008.2291207123164,1614.141439633857,1273.4131487823843
1007.968272162347,1614.2486787207797,1272.8231453435917
1007.7804658154348,1614.3441114998466,1272.5042087645918
1007.6298713924739,1614.4108328651841,1272.4320537767253
1007.4903298825848,1614.4363266959774,1272.5491789564865
1007.3450943351999,1614.4150673219722,1272.7861707372426
1007.1892547915891,1614.348825357575,1273.0881843157626
1007.0356954055468,1614.2459286604735,1273.4306186304857
1006.9114561569636,1614.1140601748775,1273.8145675076405
1006.8451192767479,1613.9530995601285,1274.247647677802
1006.8559094926022,1613.7609494265093,1274.7288099391217
1006.948969811727,1613.544078526605,1275.2446880429566
1007.1160556161312,1613.32072579765,1275.7770106027103
1007.3364202613859,1613.1141187225987,1276.309289471982
1007.5812561694922,1612.9433961038712,1276.824531732187
1007.8274725774295,1612.8263188944438,1277.3102365652362
1008.0631194822724,1612.7802114606723,1277.7696375790488
1008.2793546773692,1612.807476191623,1278.2221865147135
1008.4727332273591,1612.891302645391,1278.7016681393557
1008.6570971890893,1613.00931548307,1279.248648311528
1008.8608074719746,1613.134750320841,1279.8848495705424
1009.1054672021178,1613.2262285443044,1280.599546866153
1009.3865799350649,1613.238185873038,1281.3559789135732
1009.671373781536,1613.1487489070207,1282.087892820466
1009.9043342503626,1612.9745365959216,1282.7037997877349
1010.0137952893239,1612.7580369577402,1283.1188085864471
1009.9348676660729,1612.5382170119044,1283.2902696743063
1009.645054727279,1612.3284611270396,1283.2393595510416
1009.1786249131858,1612.1122409779848,1283.0466899356381
1008.6072359749143,1611.8542717379303,1282.8185418911692
1008.0126009867661,1611.525626950457,1282.648030194164
1007.469842085303,1611.1264082018342,1282.5892483633406
1007.0307748857115,1610.6864153632505,1282.6411347193568
1006.7047219039725,1610.2464805237307,1282.7437536820553
1006.4558934570748,1609.840089106603,1282.7966225011696
1006.2257815326133,1609.4923736310425,1282.695499285316
1005.9675889073523,1609.2311907533735,1282.3661825216097
1005.667055154585,1609.0860209464252,1281.7782174697672
1005.3357149411921,1609.0665026883814,1280.9461347720771
1004.9966862167979,1609.1521341184844,1279.926628918074
1004.6814600815939,1609.310621547754,1278.8022130676777
1004.427794710242,1609.5130192229894,1277.655253611154
1004.2720060174831,1609.7340700880445,1276.5559569709208
1004.2385574744687,1609.9569789213547,1275.5684872139482
1004.3321139783582,1610.176676551908,1274.7545374560057
1004.5407851635842,1610.3889114604674,1274.162572142738
1004.8428414527845,1610.5798281389773,1273.8144866622172
1005.2053454100057,1610.730291785164,1273.7010265969436
1005.5855836383823,1610.8256401532055,1273.7771819639847
1005.9428324550523,1610.8639585028345,1273.9606479262345
1006.2497021298788,1610.8622471999565,1274.1579510283807
1006.5004310197214,1610.851870979316,1274.3060918533497
1006.7163290774655,1610.8669412208787,1274.3893125858635
1006.9340865795807,1610.933598127769,1274.426639462672
1007.1809480095825,1611.0583861805928,1274.4511213615835
1007.4660458688078,1611.2278732739896,1274.49307032803
1007.7941988074065,1611.4249461415884,1274.5728987070524
1008.1784059652549,1611.6422556084688,1274.7063221555097
1008.6333393750369,1611.8845781208652,1274.9135672171753
1009.1596203465206,1612.162435713743,1275.2176502727941
1009.7409481494956,1612.477847727,1275.6340823002786
1010.3538769554133,1612.8172462848358,1276.169720338203
1010.9779788327344,1613.1619088946468,1276.8363754359134
1011.605774026936,1613.502424004203,1277.664681710888
1012.2494772680078,1613.8388346553195,1278.6921178112857
1012.9332531957585,1614.163374539742,1279.923638861645
1013.6678402235566,1614.4486002086835,1281.3100076856238
1014.4285320825079,1614.66582251404,1282.7608027724955
1015.1572253092957,1614.8180223295378,1284.1619042378259
1015.7827450610256,1614.9493895612898,1285.400371991361
1016.2492829101226,1615.1257921233205,1286.407080272833
1016.5412007778575,1615.4015223779238,1287.1869044513735
1016.6869837843184,1615.786532795616,1287.8177865705895
1016.7424770096745,1616.241456375514,1288.4206492859203
1016.7727137051941,1616.7048670115985,1289.1047893910124
1016.8400099425681,1617.1267760653566,1289.926653544919
1016.9830587446068,1617.4896396015051,1290.885308637305
1017.1942109464836,1617.798010212689,1291.9232278642046
1017.4243911131206,1618.049406729499,1292.9320489740505
1017.6096058914977,1618.2269760485565,1293.7893834914491
1017.6946887513318,1618.3120478517696,1294.4019600744182
1017.6451271418396,1618.29399500312,1294.7203852269638
1017.4436467739657,1618.1727835210215,1294.7282994168006
1017.0833177618075,1617.9543137134308,1294.422593184535
1016.5700484705578,1617.6455690291812,1293.8000245127812
1015.9233291414027,1617.2578773907212,1292.857452731516
1015.1692849314691,1616.8131952643948,1291.6017441924694
1014.3361979582578,1616.3465529409236,1290.065786459025
1013.4547645390027,1615.9007805014232,1288.3204066831577
1012.5625122082498,1615.5120889311972,1286.4687534885736
1011.711059094987,1615.199521486918,1284.626518517655
1010.9617346398528,1614.9671078981328,1282.9048250381313
1010.3613160480016,1614.8048556930344,1281.4072944223
1009.9221322691732,1614.6868718211838,1280.2221889090654
1009.6270796054597,1614.580803326262,1279.3899640339228
1009.442956170508,1614.4642959416958,1278.8807936546877
1009.3286782292575,1614.33671111143,1278.6175180340247
1009.2414387119318,1614.215603980061,1278.5153870890363
1009.1433857996076,1614.1171893376918,1278.5049067934922
1009.0113498262581,1614.0440182159596,1278.5452065210661
1008.8428537225445,1613.9902624779882,1278.628946789976
1008.6507558279615,1613.9507046962042,1278.7693496084491
1008.4500583063835,1613.9253699239557,1278.9804485959787
1008.2442479135844,1613.9202461673972,1279.2651268149748
1008.020159963292,1613.947753662765,1279.6178833287495
1007.7561443389889,1614.022155381946,1280.0361824819813
1007.4390424525712,1614.143101089006,1280.5202865851534
1007.0772011255734,1614.2867322256534,1281.0729164493534
1006.6963284283702,1614.4137096095883,1281.7223713827966
1006.3263193558226,1614.4717929827837,1282.5221245247294
1005.9913712387616,1614.3992097829102,1283.489455272762
1005.6956173628403,1614.1583819059158,1284.558625757259
1005.4088456440202,1613.7751932459337,1285.6056670021317
1005.0717022657593,1613.3257611813215,1286.501732168069
1004.6232754593764,1612.8814629137312,1287.1603060583955
1004.0384124698513,1612.475690288199,1287.5738621581404
1003.3536433349079,1612.110569185549,1287.8204791335058
1002.6626000675383,1611.7775571644286,1288.0286970062816
1002.0814198841732,1611.4725402865504,1288.315842586357
1001.7046741547276,1611.2002957831326,1288.731734757626
1001.5769126670526,1610.9702533556417,1289.2385115112775
1001.6911157196031,1610.7915749776616,1289.7313268534542
1002.0063128344734,1610.6760229706993,1290.0799325186638
1002.4706401231127,1610.6475731492278,1290.1718099569084
1003.0393780072814,1610.7443224915069,1289.9404160687825
1003.6825078510908,1610.9968266100427,1289.3688599115408
1004.3837716261024,1611.3946673972084,1288.4857046971479
1005.1376831815589,1611.8843678831158,1287.3644719230415
1005.944958071446,1612.4074646643849,1286.1086906431879
1006.8027137633784,1612.9295858593794,1284.820273569729
1007.6986743728705,1613.4366983089485,1283.5772986004652
1008.6164554741958,1613.9215523813004,1282.4316495152705
1009.5391952290587,1614.3773480660898,1281.4135345402483
1010.443883944817,1614.8005869066703,1280.5347430205848
1011.2953796287285,1615.1965962416639,1279.792426712174
1012.0508167004095,1615.5767397982645,1279.1714483253002
1012.6760550648903,1615.949514363383,1278.6411117928353
1013.1606129992228,1616.3191746230004,1278.159975336537
1013.5148896193865,1616.689691996857,1277.7017101403724
1013.7563175503913,1617.0675595968196,1277.273746096431
1013.9022697343701,1617.466533617896,1276.9054944728891
1013.9702819759844,1617.9038141128283,1276.629283433303
1013.9795593715703,1618.3880545240181,1276.4733391762593
1013.9516146131281,1618.9161361033716,1276.4587260572353
1013.9033679126161,1619.4749082817477,1276.5889707768217
1013.8351247991322,1620.0474027344612,1276.8386640939043
1013.7315390349019,1620.6302903551077,1277.1552454304513
1013.5796164273075,1621.2435018552187,1277.4819209582456
1013.3820531478464,1621.9142783321115,1277.7982819133786
1013.1524151362603,1622.6464803851309,1278.133139191103
1012.9072841674846,1623.4042415928316,1278.525770046122
1012.6701684924441,1624.131055591069,1278.9891145306576
1012.4732012061522,1624.7835353646833,1279.503762128651
1012.3384223501951,1625.3484468576332,1280.0293719757926
1012.2558152931778,1625.840492243442,1280.5153415996888
1012.1844374798942,1626.2892807319417,1280.8978374661847
1012.0725962943397,1626.729886789622,1281.117986455649
1011.8826502763388,1627.1968065668975,1281.1673708183596
1011.6077441692678,1627.708068764574,1281.103252271656
1011.2686073694,1628.2565300337696,1281.0207482633768
1010.8959635604541,1628.8178797891894,1281.012017503347
1010.5138096439096,1629.358589765901,1281.1294377981449
1010.1360409554972,1629.8482555365215,1281.3662912106881
1009.7739628092852,1630.2718157771067,1281.6626393697734
1009.4317573971477,1630.6229828257365,1281.9332593749066
1009.0948286254522,1630.899342646197,1282.102454609188
1008.7383953393626,1631.1077011478758,1282.116493678405
1008.3429903613612,1631.2552173856272,1281.9325563856373
1007.8967639612713,1631.338128591302,1281.5165378688007
1007.3944032551802,1631.344325363847,1280.8517730965195
1006.8371177810893,1631.2584938748228,1279.9394678568308
1006.233133908495,1631.0739513632093,1278.8003478071066
1005.6005127986807,1630.8053812961646,1277.4802692849655
1004.9648437538689,1630.48109699102,1276.0435067442024
1004.353432509928,1630.1305035276655,1274.564343014176
1003.7930384409467,1629.783033670366,1273.1257521184566
1003.3057163118121,1629.46152418799,1271.8090902793165
1002.9057557673689,1629.1740565709679,1270.683182486142
1002.6018654157147,1628.919892297419,1269.8078427388314
1002.3955775636111,1628.6933717491395,1269.2314435756487
1002.2794458050025,1628.4844204557153,1268.9764889611342
1002.2403974239957,1628.2914136310887,1269.0338286971069
1002.2603658854636,1628.1283659959909,1269.3656999280938
1002.3184084937642,1628.0136138075038,1269.9149826384992
1002.400078863316,1627.955866476597,1270.6219933119733
1002.5021853314037,1627.9465498310865,1271.4354842886064
1002.6299094862323,1627.9628584415402,1272.3192408821603
1002.7938028833695,1627.9813218613833,1273.2596667708328
1003.0036360822448,1627.9890819668592,1274.2599375472917
1003.2603814461675,1627.9864184185692,1275.322361346718
1003.5563986762073,1627.9820788968334,1276.4346869181911
1003.88125781482,1627.9852846517595,1277.5645800027423
1004.2250197492481,1628.008968207188,1278.6720689623132
1004.5811798899529,1628.080974887681,1279.7388212845021
1004.9466237843675,1628.2276016167646,1280.7757185335242
1005.3163066184858,1628.4404679128595,1281.8055029582986
1005.6847831868398,1628.6803532386311,1282.8600409278379
1006.0486030160499,1628.9061101255718,1283.9740051870833
1006.3934139413966,1629.0918629256628,1285.152063886043
1006.6799777573234,1629.2357851104011,1286.3473851845727
1006.8472338536067,1629.3550082812196,1287.4739764214883
1006.8295823212231,1629.4638332240588,1288.4432079593578
1006.5809046760899,1629.5596484139887,1289.2082129871844
1006.0942767690997,1629.6266742579182,1289.7894674710678
1005.4078937538605,1629.6465551175093,1290.2642939326631
1004.5989602180035,1629.613363436929,1290.7291101431922
1003.7636261385964,1629.5426980615844,1291.2550211976857
1002.9835281334842,1629.452691691409,1291.8570989420766
1002.2979536413227,1629.34712193205,1292.4910672655665
1001.6977489038786,1629.2330342808732,1293.0699288940134
1001.14049583972,1629.1289667067751,1293.4834153577312
1000.5779240435579,1629.0474495506778,1293.6224124581017
999.9793475946688,1628.9982471703174,1293.4176005769377
999.3348569853517,1629.0065569237977,1292.8719837294032
998.6425303745874,1629.0934546624653,1292.0523439760227
997.9037500347999,1629.2396165601494,1291.047479452313
997.132331484255,1629.399112536107,1289.9412305205562
996.3567058755006,1629.5446874290399,1288.8143628336784
995.6070146643679,1629.6819549028119,1287.742075164357
994.9027710743278,1629.8314381546236,1286.781376307173
994.2539396306628,1630.0110713967483,1285.972698385127
993.6685963185371,1630.2303835910086,1285.350389129069
993.1532844221384,1630.491660221764,1284.9458500413116
992.7057359458661,1630.7921258422773,1284.7837387258558
992.3122333477089,1631.1250443389592,1284.8731811274351
991.9526735933556,1631.4836433674718,1285.201028580898
991.6041805951202,1631.867752980756,1285.736509638049
991.2448133808433,1632.2867545172423,1286.4409809409126
990.8641105038844,1632.7574591035188,1287.2665405339599
990.468271141756,1633.3000561257077,1288.1531969993366
990.0660408163515,1633.9283092550515,1289.0516109169316
989.6567686008378,1634.6410421000742,1289.954616143286
989.2434973137972,1635.4296393003601,1290.900236513577
988.8434458292238,1636.2828808187328,1291.9458817548148
988.4735987919036,1637.1786306936276,1293.1370368270088
988.137526474503,1638.0897972257064,1294.4890172058638
987.8303235536648,1638.9997365527465,1295.9870613546532
987.5437135556429,1639.8965034686853,1297.6013799038599
987.2599331267888,1640.7620923216712,1299.2987529380096
986.9516303881123,1641.5862044158591,1301.0433466848885
986.5999041713596,1642.3789284379177,1302.804634662813
986.2112384466363,1643.1497144154885,1304.5610389149401
985.8114745552855,1643.8810412456698,1306.2820351021455
985.4258626513247,1644.5410818886014,1307.9137347267038
985.066207437549,1645.1236498834937,1309.3832055117637
984.725044458779,1645.666277882418,1310.6030675423074
984.3770146750464,1646.232079189046,1311.4780321385815
983.9954495982773,1646.8819016594944,1311.9328766285
983.5707671521134,1647.651514447177,1311.9483118928442
983.1167076568064,1648.5335060229795,1311.5773958262298
982.670761699388,1649.4772786674912,1310.9359118831128
982.2931231831342,1650.4167635809,1310.1747127266376
982.0540153715934,1651.2989812383025,1309.4381570449004
982.0041799925067,1652.086471379979,1308.8105071003924
982.150739514914,1652.7510509300553,1308.2840325206687
982.458995792651,1653.2766559195345,1307.7796983354706
982.8688798882068,1653.6605795757673,1307.190725188747
983.3066079989061,1653.9097083377565,1306.4120355680748
983.6903194914102,1654.0402710908586,1305.3637677819531
983.9438895733061,1654.0790066283816,1304.018053359868
984.0175410495397,1654.055709497858,1302.4041003719303
983.8950747373642,1653.99697809115,1300.589144320927
983.5865063621986,1653.9323107326536,1298.6670353362363
983.1214824349795,1653.889026833372,1296.7532820923766
982.5489365518529,1653.8711316889685,1294.974956940044
981.9349452724014,1653.8548080484536,1293.4579363139687
981.3520721000147,1653.8104876810526,1292.3019400825503
980.8625877131105,1653.724146509643,1291.5522017138342
980.495975166446,1653.5884281544345,1291.190985937696
980.2352108796556,1653.384934014459,1291.1459531135295
980.03172342519,1653.097201374034,1291.3088113778372
979.8321244390033,1652.7320209514016,1291.566688927834
979.593975145021,1652.3151158372868,1291.8337085675864
979.2949728911987,1651.8762394027597,1292.0660704466889
978.9387726958045,1651.442035777492,1292.2576055488892
978.5528978082097,1651.033941705071,1292.4266081808385
978.1803531721077,1650.6692880511225,1292.608573810816
977.8685054347095,1650.362525986253,1292.8479674243065
977.6589353448462,1650.1241646804933,1293.1763275932112
977.5820087571816,1649.966135592931,1293.59023329689
977.6518769417135,1649.9101599594117,1294.0544441183226
977.8564833404245,1649.9803810229996,1294.533104269301
978.153591798138,1650.1850811012475,1295.0099105836305
978.4903013539657,1650.5101099067872,1295.4777084568004
978.8319523573674,1650.923066169253,1295.9325006041345
979.1658222933916,1651.3752961405635,1296.3793851848234
979.4843965604823,1651.8057994347723,1296.8292601105022
979.7756118510523,1652.1540552957977,1297.28640628291
980.0161602041046,1652.3785049227852,1297.731133831865
980.1602139301667,1652.470781136295,1298.1075741389875
980.1406249728809,1652.4562634708147,1298.3383948812148
979.8890039007414,1652.37880955305,1298.363935906001
979.3600628174396,1652.271894194509,1298.171083589322
978.5540779014449,1652.1371749881828,1297.7993455393741
977.5319564222419,1651.9585620625185,1297.3394776606267
976.4049892123005,1651.732773466054,1296.915184584106
975.2983120581958,1651.4734102940786,1296.6330118136561
974.3127267280177,1651.1937384959524,1296.530113583195
973.5029299898509,1650.9008911967567,1296.5605481856387
972.8713204282003,1650.606302234932,1296.6205188165352
972.376471093292,1650.3366023497913,1296.5876637043125
971.9551060438544,1650.133100503159,1296.351978070039
971.5448098192161,1650.0427627195725,1295.8286895996102
971.0950569439359,1650.1054512221094,1294.964793725318
970.5711207089421,1650.334710107013,1293.7564679483278
969.9647788240562,1650.7075904507496,1292.2611223620465
969.3083560611548,1651.184292000348,1290.5845008261115
968.6713095255238,1651.7361270716888,1288.8604885035156
968.1325236781215,1652.344726625741,1287.2283971623897
967.7475815545037,1652.988590620494,1285.8090521256256
967.5334656173055,1653.6459388791127,1284.696673664117
967.4711034081323,1654.2954176886183,1283.950321944609
967.5122543531694,1654.9094156709261,1283.5776710379241
967.5877795762487,1655.4606711079198,1283.5405027032687
967.6217793825799,1655.9338694962767,1283.7806653189093
967.5492714434781,1656.3277289174123,1284.236430275726
967.3335685207886,1656.6517476052547,1284.8433526691608
966.9782235752125,1656.9267378810523,1285.5355917731474
966.5229461156371,1657.1880398958217,1286.25885924325
966.0215523707487,1657.4751228273524,1286.9900044191477
965.5208303822047,1657.8123227820902,1287.7388348954453
965.0597747756356,1658.206056062647,1288.525160758756
964.6772469186702,1658.6560307326547,1289.3629275624821
964.4057482393579,1659.1609905272471,1290.2615044149763
964.2589403546305,1659.7192126656626,1291.2255653932564
964.2332172177737,1660.33478859767,1292.2561360230354
964.3183073320544,1661.0198296006363,1293.3532314702936
964.5006470747212,1661.7742777380788,1294.507184408499
964.7670634803079,1662.5674204708582,1295.6945430919177
965.112129654048,1663.354943116421,1296.8886266990105
965.5346354677107,1664.105638814941,1298.051640704839
966.0292134900089,1664.8121064570541,1299.1102684084447
966.5825452423217,1665.5008657781625,1299.9650241028262
967.1717950788142,1666.2243574723104,1300.5424442570568
967.770074717102,1667.018785956412,1300.8364411401046
968.3537834018316,1667.8787685041266,1300.8915932751534
968.9006793745634,1668.775156136182,1300.7567293407046
969.3880898789307,1669.6768840133077,1300.467030227781
969.8029964737891,1670.5567999132322,1300.059007647011
970.1522925061687,1671.392235765241,1299.5843777989153
970.4575231693016,1672.165214406939,1299.103277836101
970.7406791722209,1672.865318923065,1298.6669868122513
971.0144409575748,1673.4919339353935,1298.3028009046486
971.2786449758546,1674.0456486564865,1298.0009657407209
971.5192179669949,1674.5170666133463,1297.7151090944553
971.7098946502009,1674.8919481220858,1297.3881337385117
971.8234886813991,1675.1663785858689,1296.9831399500104
971.848012593962,1675.3525315424406,1296.4875310747454
971.7869865473151,1675.4731060136073,1295.8967805607076
971.6458072292946,1675.5483119035243,1295.2130688948469
971.4280742175472,1675.5830301582146,1294.4519302863164
971.1418504124246,1675.5689223114343,1293.6299367030915
970.8031440817592,1675.498608077974,1292.7565269527615
970.4391456678886,1675.3786501418729,1291.851253190595
970.0880621176328,1675.2314149360109,1290.9578861328478
969.7867077136542,1675.078368624935,1290.1298002104918
969.5588223211089,1674.9250350354498,1289.4104175783418
969.4187389628901,1674.7676088231315,1288.8360789393487
969.378227995838,1674.6021078968945,1288.4416994313765
969.4443924701644,1674.424459794264,1288.2525669916727
969.6167574328075,1674.2336650098491,1288.2732783907531
969.8919902213299,1674.0423419637766,1288.4804687283658
970.269347487314,1673.8775594022934,1288.8231512422267
970.7454455144278,1673.7552819174366,1289.235780823985
971.3074294436892,1673.6640756129339,1289.6603885869513
971.9391428841859,1673.5908371928988,1290.060765083772
972.6301025548682,1673.5401775916916,1290.419937505197
973.3762176869654,1673.5150934273506,1290.7381566592635
974.1750180561511,1673.5055540172996,1291.0325952358276
975.019110210319,1673.5069770961727,1291.317172703024
975.8946379718515,1673.5296010500504,1291.5800133770945
976.7815804476414,1673.5836418850374,1291.7933520918473
977.6504451764046,1673.6740276740768,1291.9410495732152
978.4688551477158,1673.8124474951398,1292.0290733672086
979.2182547709508,1674.0122557978264,1292.0786164168094
979.9021425663552,1674.2679372248203,1292.122820049702
980.5415290559989,1674.5495789667648,1292.2046934124223
981.160245054719,1674.8138978162708,1292.3563138624918
981.7648499138588,1675.0266302307216,1292.5722246982746
982.3340921366212,1675.1878289916147,1292.8098140915902
982.8249114429207,1675.3328233220373,1293.0160783490253
983.186992376804,1675.5019054268446,1293.1530762600826
983.3823417837923,1675.7110422805808,1293.2105329166038
983.4065120054893,1675.9491179007878,1293.2083204060166
983.2982925752466,1676.1914869409054,1293.1797160459107
983.1283553217892,1676.4146271625455,1293.1461846392021
982.9648241750784,1676.6035723865837,1293.1112707617142
982.8359805454842,1676.748691074731,1293.0582636596805
982.724297625798,1676.8471742455527,1292.941932123417
982.588186680996,1676.9122219350334,1292.702080979224
982.3810082920998,1676.9694802890967,1292.2883973684256
982.0606342532094,1677.042562729206,1291.6733114662454
981.599356395337,1677.1455500319264,1290.8627352025235
980.991811298641,1677.2829511925038,1289.8981909737631
980.2550921694824,1677.451253888846,1288.834038750298
979.4239301092123,1677.6448852874191,1287.7177759966746
978.5429865597971,1677.864812872084,1286.6066965377079
977.6599389863832,1678.119673801915,1285.5858515282985
976.8232154471468,1678.4195593262857,1284.749343783555
976.07647464903,1678.7714875931242,1284.176809939551
975.4471709504567,1679.1764222903878,1283.9252824969662
974.9407521678243,1679.6247304708006,1284.0185745017095
974.543492758056,1680.0987369494223,1284.439089763022
974.226070283284,1680.5814064986903,1285.130015006508
973.9478888502529,1681.060705417213,1286.0043662390053
973.6676554329093,1681.5363864385176,1286.966165627017
973.35432297881,1682.0249099769665,1287.931620709219
972.9889102169501,1682.5482201030422,1288.834039459579
972.5634693416322,1683.1226022717437,1289.6286149600203
972.0848074496851,1683.7599637135063,1290.30431368322
971.5766704900577,1684.4653300004295,1290.8834846241034
971.0742913677323,1685.2335951961222,1291.4085148983042
970.6116209505929,1686.0572691487976,1291.9270296911504
970.2098332867168,1686.9293691703713,1292.4732240926091
969.8764296879192,1687.840909738865,1293.053857231276
969.6113208817295,1688.784240136128,1293.6531375990407
969.4135637058072,1689.7514808543424,1294.2499547491368
969.2866453152634,1690.726166050585,1294.831656013279
969.2375811034417,1691.6773379060721,1295.3890152800495
969.2647115995759,1692.5675053718817,1295.8933189130594
969.3454452378096,1693.381354575239,1296.273746581534
969.4400526174782,1694.147929591474,1296.4188158787788
969.5022319594697,1694.9308572702887,1296.2255909333924
969.486255617943,1695.80457581498,1295.6647055813175
969.3622628664851,1696.8276825790101,1294.796087404014
969.1384174126317,1698.0122708943804,1293.7441211997057
968.8676340169666,1699.3130199328161,1292.6718190543834
968.6315604512051,1700.6436425791449,1291.7470900247667
968.5144304164678,1701.9077589160722,1291.100945284174
968.579284501745,1703.0301682320155,1290.7917422268486
968.8534012956898,1703.9747478790796,1290.7807417495692
969.321611715837,1704.749467878771,1290.9425817484334
969.9233982201995,1705.3809084241698,1291.105544508039
970.5606018691456,1705.873094015728,1291.0867256958998
971.121106530137,1706.2126973495433,1290.7269178720385
971.5094496321562,1706.4029911385637,1289.9303920663792
971.6747951424587,1706.4676082470983,1288.6820910176848
971.6242884457549,1706.4353364584233,1287.031904816109
971.4097056672521,1706.3422516089076,1285.06791598231
971.0979577810581,1706.2378833557298,1282.8887767991516
970.7503635902483,1706.1673330880967,1280.5775988341718
970.4204321508996,1706.1547049659823,1278.206359512691
970.1603391178982,1706.2178289398464,1275.874161269965
970.0234822020659,1706.380588667851,1273.7250631169481
970.0558996936778,1706.6503673441389,1271.9129221246521
970.2820405089279,1706.9976896884666,1270.5517632400024
970.6965749625524,1707.3710008052994,1269.6930495552394
971.265091171658,1707.7258755480957,1269.3301961498348
971.9340960661452,1708.0456429993847,1269.4179625017496
972.6425729183237,1708.336327949183,1269.882202152248
973.3275584171535,1708.5987656017523,1270.6156665668836
973.9319586155993,1708.8160699469518,1271.4937228947979
974.4208912712395,1708.9712035007904,1272.414106177535
974.7993679077424,1709.0651897180237,1273.3225853970478
975.1092595119283,1709.1134344071188,1274.2045569582283
975.40040793894,1709.1341628873674,1275.061634102355
975.7033588256418,1709.1450597499281,1275.8923079430851
976.0196921396584,1709.159132902236,1276.6793557277367
976.3260193526027,1709.1784046029202,1277.3915560884482
976.592291689009,1709.2030966690004,1278.0077504564517
976.8105096206119,1709.2494402436023,1278.5470318119276
976.9997632007364,1709.3385034056437,1279.0651552912138
977.1762074962386,1709.4609305285505,1279.6114746854025
977.3407181577093,1709.5756895905902,1280.1968890693495
977.4932848423285,1709.646823356752,1280.7944506855183
977.6290312316052,1709.6690147596073,1281.3536608444342
977.7241386120825,1709.6681678058262,1281.8232115866076
977.7377796706669,1709.6813279482894,1282.1695442567866
977.6303234375214,1709.731413363461,1282.3925017902102
977.3949770798428,1709.8210821050643,1282.552531494765
977.0806633131535,1709.9336564384712,1282.76983512643
976.7780054010118,1710.0318900471302,1283.1643410760253
976.5729732772619,1710.0743465575454,1283.7848354854586
976.5040511576258,1710.0467110058744,1284.5851647944087
976.550737260947,1709.9752337382772,1285.445849932058
976.6489793967054,1709.9102636548685,1286.212418565996
976.7222758102093,1709.9063986262931,1286.7424745939436
976.7123671816806,1710.0084477511962,1286.94544519597
976.5871643434966,1710.2303949335276,1286.7889383928127
976.3383561691687,1710.5462857992322,1286.2900938808284
975.9908594686088,1710.9084448522024,1285.5174738080227
975.6029664021975,1711.270976703221,1284.577736092354
975.2441832925517,1711.6103339346832,1283.5739606736765
974.97649505349,1711.937466657802,1282.5825640405926
974.849599211703,1712.2773632319117,1281.6776323676927
974.8964039773193,1712.6375580530673,1280.9475647572897
975.1201954365309,1713.0061078080685,1280.457627049865
975.4889368469923,1713.3708548943248,1280.2181785409118
975.949790772931,1713.7319294565066,1280.1987944001805
976.4407445949747,1714.090699685073,1280.3353800138816
976.8944133331581,1714.439556428502,1280.5300410277353
977.2578940548719,1714.7847749912019,1280.6904177047857
977.5152187891874,1715.1678218765633,1280.773972979228
977.6824467962003,1715.643000244969,1280.7816354341905
977.7855012120663,1716.238626325533,1280.7239333819794
977.8544788608491,1716.9520866346597,1280.6067006600704
977.9319862086652,1717.7754808499674,1280.4434622167282
978.0590364154936,1718.705532836455,1280.2775633985505
978.2448391366744,1719.726221694196,1280.1683928138957
978.4614755999437,1720.8023868193031,1280.134495730377
978.6651212476462,1721.9102785743007,1280.13754048325
978.8196017271443,1723.0592641364422,1280.128710639318
978.9102857852471,1724.2519258909517,1280.090961148962
978.9446918158445,1725.4418171300936,1280.0409662752845
978.9406410530764,1726.5582547681092,1279.9926448084434
978.9087124440556,1727.5608407675795,1279.9209455074847
978.8433599083735,1728.470345193978,1279.7539469106518
978.7250970753756,1729.3558165898912,1279.3895815259411
978.5203771615278,1730.2848425549143,1278.751372955762
978.1936001129848,1731.2833203421048,1277.848686803843
977.7378291835992,1732.3357393187396,1276.7757235862027
977.1868634622091,1733.4045457334098,1275.671815847053
976.6102298292357,1734.4470508925365,1274.6897460362347
976.106243101762,1735.4308535512037,1273.9642270364548
975.7627881746226,1736.3371389279132,1273.5619975118152
975.6029628344312,1737.153781059559,1273.4329392938514
975.5761633416963,1737.8808774691083,1273.42393942323
975.5943203272329,1738.525458361456,1273.3636022952503
975.5739108915238,1739.0806459007972,1273.1304549929414
975.4608883348656,1739.5420590242159,1272.6558534483656
975.2283549219662,1739.9294521654854,1271.9057517395286
974.8608251974023,1740.2549526572989,1270.8855358713229
974.3577861006778,1740.5026110749316,1269.6560298560048
973.752508042379,1740.6664929611302,1268.3214089203964
973.1045274507638,1740.7756396637033,1266.9814588203312
972.4623138124151,1740.8765432876926,1265.6859535747176
971.8422339792543,1741.0137479295347,1264.435916102923
971.2417240412815,1741.2081578601462,1263.2294818438559
970.6576647973362,1741.442918182586,1262.0934453411007
970.0870718898989,1741.6837545619644,1261.0665985833903
969.5198092279129,1741.9037906332915,1260.1769561972983
968.9454814732561,1742.0942941922788,1259.4551856880635
968.3652104079397,1742.268207250705,1258.9504139813337
967.7869293998762,1742.438209060909,1258.7010739122272
967.2216540736932,1742.5923872052447,1258.702152686982
966.6851256699756,1742.7128674352043,1258.923632326735
966.1863722760093,1742.803262883966,1259.336220894525
965.7283802900135,1742.882161897059,1259.896192267966
965.3299232085844,1742.9677657424336,1260.538310269781
965.0235851435183,1743.071530977346,1261.2215172677588
964.824118620857,1743.190808811837,1261.95267531334
964.7148398243514,1743.3107215162868,1262.7397177819255
964.6659198200585,1743.420543291331,1263.5605012537007
964.6453406878568,1743.5208820002756,1264.3790718056173
964.6160106209575,1743.6174293315335,1265.1649528721866
964.5504768023831,1743.7171175089738,1265.914145271072
964.4497308802789,1743.818733882843,1266.6611949340295
964.3414040750839,1743.8993026060223,1267.4681290041055
964.269235479532,1743.9210721254774,1268.4077197286063
964.274917724228,1743.8523220709576,1269.5289449887405
964.3705529556316,1743.6849959743386,1270.7942566607614
964.5191746133278,1743.4510773085108,1272.0589523031267
964.6326251914329,1743.2130309678946,1273.1477224242942
964.5999262316489,1743.0219387449895,1273.9525342610787
964.3546430961371,1742.899307269585,1274.4775159397173
963.9359416208932,1742.8547402653805,1274.8480862765448
963.4763210681547,1742.8864187466,1275.2672055171881
963.1283267565653,1742.96317244979,1275.9132026852983
963.0062346584866,1743.0331842884757,1276.8633453910527
963.1621857808223,1743.0528468628588,1278.0806146519344
963.5786276978131,1743.0027680203398,1279.4340963560317
964.188731797466,1742.8984554699118,1280.7404530083054
964.9079552579344,1742.7945595461756,1281.8168920495289
965.6389908030079,1742.7518089352027,1282.5328564856272
966.2748623738523,1742.7963411397873,1282.841132475281
966.7309103831678,1742.921325483492,1282.762069586814
966.9780196384716,1743.110291554661,1282.3455249110484
967.0457229806899,1743.3560399984833,1281.647045233674
966.9958783492198,1743.6669394790044,1280.7170380748278
966.8943211432124,1744.0506590858383,1279.6141889747523
966.8016734221208,1744.4992379536461,1278.423473238529
966.7728639482913,1744.9976083629315,1277.236333127366
966.8516834441434,1745.5316881960298,1276.1238032058927
967.066004750124,1746.0889770491654,1275.1458646297417
967.4285604712593,1746.668845129549,1274.3722623884275
967.9279883129847,1747.2797849475603,1273.8621225642908
968.513493062206,1747.9154135886065,1273.6131769875308
969.1039207415793,1748.5498181665862,1273.5468357767704
969.6220502544827,1749.1627521476255,1273.5380916035747
970.020058527527,1749.7602848678162,1273.4599085983316
970.2763132021631,1750.364838262017,1273.2389629198096
970.3854989443366,1750.9972985308837,1272.8877704317306
970.3678777365734,1751.6761727438002,1272.4721967607406
970.2740011873634,1752.4087868241245,1272.054064806
970.1585488652581,1753.180544784302,1271.6685519083146
970.0530506856259,1753.973525215884,1271.3341689062565
969.9640994894296,1754.7855871032946,1271.047989272593
969.8847152899646,1755.6286569184274,1270.7765775317775
969.8011659788024,1756.516049815787,1270.4905041955185
969.6887366237611,1757.4406318273464,1270.1895595510405
969.518334741998,1758.3717911860822,1269.88061013468
969.2809553763244,1759.2868037711924,1269.5763572681567
968.9988386604512,1760.1931379678656,1269.3089403624701
968.7164764999344,1761.105638310109,1269.108117439297
968.4812238701008,1762.007266251507,1268.985766849484
968.3212515386573,1762.8508254846852,1268.9385278152092
968.2339029445732,1763.605084901244,1268.9289435293465
968.1839454124388,1764.2849995427273,1268.8725123240515
968.1147870509479,1764.9312312003412,1268.6617259004606
967.97494387425,1765.5722317248478,1268.2093471325995
967.7427949133524,1766.2148488635062,1267.4973201344396
967.4334743845254,1766.8597198575685,1266.6029729894117
967.0834832147764,1767.4995604864062,1265.6594157126635
966.7326488741365,1768.1018592730757,1264.777159555615
966.4181083595479,1768.6158752314268,1264.0044148049192
966.1675570969484,1769.0050844860934,1263.345334668306
965.9907014998006,1769.2732348209217,1262.786808613473
965.8713233259809,1769.4579152405058,1262.2837829271261
965.7626050972434,1769.5982715076218,1261.7380632776028
965.6032018636082,1769.712469865577,1261.0441065637099
965.3463093610553,1769.8009302603882,1260.1609874884975
964.9741627486487,1769.8576305781,1259.1316968587848
964.4981344627286,1769.8789501544543,1258.054201552553
963.9520684073972,1769.8724304138668,1257.0305386199864
963.3746754041686,1769.8494966772398,1256.1233410916072
962.797049554349,1769.809743860746,1255.3543935025684
962.2522836425619,1769.7507358581859,1254.740328783036
961.7811479062057,1769.6849346641216,1254.3158751846906
961.4075541230042,1769.6314706215285,1254.1127613891772
961.115734110956,1769.5996760286682,1254.1289613882013
960.8626040374684,1769.5822729292097,1254.3251188618603
960.6030683782924,1769.556624618504,1254.6389359391883
960.3060875683044,1769.4988487612484,1255.0070026281799
959.9667855549062,1769.4074607704028,1255.396405579399
959.613584161388,1769.3135587291297,1255.829682851353
959.2952077945351,1769.2576780540608,1256.3672458155258
959.0517341257724,1769.252080104064,1257.0520031758122
958.9047017950054,1769.2815956394863,1257.8787192245745
958.8678883292249,1769.341879752839,1258.8164686561618
958.9436808302903,1769.4452947881327,1259.836698702879
959.1109988910866,1769.5907922508104,1260.912501909813
959.3324422251471,1769.7552569137417,1262.0197504791745
959.5713322945705,1769.9063969962328,1263.1442428190362
959.7973878691004,1770.0155962627439,1264.2656277696465
959.9868460494993,1770.0741472227044,1265.3581022414717
960.1273534571721,1770.103627740499,1266.4296817175841
960.2149761187161,1770.133418220628,1267.5289663674102
960.2514364400736,1770.158095176706,1268.7053897791127
960.259148710299,1770.1300638621058,1269.9885014473787
960.2809374181707,1769.99163891688,1271.3898625836518
960.3484176303367,1769.7036952781768,1272.8860967136732
960.4607714126083,1769.2653622158348,1274.3969221426687
960.5850122122873,1768.7318840514154,1275.784427015656
960.6555276827255,1768.2017695493712,1276.8795104263954
960.5900551061261,1767.7635601828756,1277.5593874785668
960.3358624705646,1767.4517177728571,1277.8303942293587
959.9060954707131,1767.2502845293748,1277.8240104388371
959.3810813446029,1767.122680947524,1277.7338072534603
958.8896180686104,1767.0321632337889,1277.757552202119
958.5721550175647,1766.9426066659246,1278.0390309779423
958.5272097956761,1766.8148073002276,1278.6214648541177
958.774844557888,1766.6164531468846,1279.4506799132187
959.2652001781393,1766.3384678081077,1280.421981365954
959.9247458979407,1766.0040110158873,1281.4328522791575
960.6957133320793,1765.6544446859712,1282.4004475019133
961.5280398492353,1765.3157798830052,1283.2422259987786
962.357776846269,1764.9929296045689,1283.8772446868877
963.1145539418071,1764.6893272770617,1284.2434753133361
963.7423557598675,1764.4182900307117,1284.2833061686842
964.2228817893151,1764.2151145335818,1283.9474336145536
964.5943581584349,1764.1240523191816,1283.2489019113439
964.9345425473609,1764.1566453121409,1282.2786144269064
965.314762704765,1764.291493583858,1281.1491311647305
965.7844020167078,1764.517368962919,1279.9525663232937
966.3890453955343,1764.8437247493987,1278.7634173006963
967.1614786832502,1765.259955428452,1277.6448572598542
968.100238817242,1765.7226957641296,1276.6539558430782
969.1810392314036,1766.1981662125356,1275.841814881917
970.3676587573771,1766.677603432067,1275.2321521728804
971.6055207074738,1767.148455551198,1274.8029271640323
972.8240557889477,1767.5806763261655,1274.496235288555
973.9544508508728,1767.9497104053157,1274.2524454770996
974.9591859815962,1768.268919200343,1274.0369631655428
975.8412019735888,1768.5809216435132,1273.8274396413706
976.6131196313271,1768.90821604247,1273.6018950493058
977.2741225064086,1769.2367239498371,1273.3579468805576
977.8254258666993,1769.5583964176312,1273.1130308965717
978.292601861293,1769.9005194435526,1272.8820074499984
978.7244878757954,1770.2994315438937,1272.680771611614
979.1700374206617,1770.77217157395,1272.5381892090923
979.650046969466,1771.3195034371297,1272.47447070738
980.1502409057914,1771.9285460890922,1272.4810993641388
980.6527305158753,1772.5689981207308,1272.546374194126
981.1784828617419,1773.2031646570483,1272.6881712488112
981.7809567247305,1773.7987494380607,1272.9325693376172
982.4934524620301,1774.3355878866726,1273.2584963778693
983.3019802658464,1774.8140743011795,1273.5798609532926
984.153742000538,1775.2517252335479,1273.7717417931292
984.9686839226462,1775.6645386891582,1273.7140462955724
985.6643773644835,1776.0577270150543,1273.3487838601125
986.192653926957,1776.4301165524819,1272.7205509482171
986.5625665051635,1776.7808341771781,1271.964595102029
986.8380810741506,1777.1149408407673,1271.2424230549
987.11022074742,1777.439044375375,1270.666054677255
987.4564335125398,1777.7391158711316,1270.2718185396423
987.9096908567749,1777.968813273933,1270.0362015061914
988.4555059398724,1778.0796700182304,1269.8910612985894
989.0473389315865,1778.0565459154047,1269.744842963587
989.6184472042813,1777.9101016062093,1269.5080139912602
990.0987298835079,1777.652791138025,1269.112912386902
990.4407413072818,1777.3003086637589,1268.5394783684346
990.6293920976987,1776.8788325797793,1267.8228849392735
990.6740114669927,1776.4164384228345,1267.024673784041
990.6014678354096,1775.9397882540538,1266.2045820626527
990.4493353039568,1775.4765874797154,1265.4134686611867
990.2587131234907,1775.0482234933947,1264.6925038566296
990.0708755949329,1774.6615554367752,1264.0703831866526
989.923836062165,1774.3129879817498,1263.5649005153255
989.8528147557382,1774.0106315570022,1263.2042722990668
989.8863052321044,1773.7855303430465,1263.0428417126793
990.0257372400819,1773.6557683865992,1263.1279626656983
990.2417460702045,1773.59256330144,1263.46411558261
990.5033810411052,1773.5500061019907,1264.0311160722076
990.795297309785,1773.5167883148752,1264.8051716453379
991.1086476537293,1773.5228670247504,1265.7464571798566
991.4399143308287,1773.606604653437,1266.804152731549
991.7961130092675,1773.7825219562965,1267.9360897785962
992.1832386643813,1774.0247046313666,1269.1050385355902
992.5982860287191,1774.2795579966128,1270.2792308018454
993.0438678858048,1774.5124156849754,1271.4492798158938
993.534777479576,1774.7324714878928,1272.6301283694957
994.0763884797655,1774.9614522062902,1273.8356707878534
994.6456516795524,1775.1998063370777,1275.0532733228724
995.2011710827156,1775.4340736241768,1276.2505187348884
995.6976501326033,1775.6569604767164,1277.3947814372534
996.089974122278,1775.8698738649932,1278.4559821335743
996.3505358622654,1776.0787366850802,1279.3986427049072
996.4866465856896,1776.2950823878375,1280.1926548393178
996.5321060168247,1776.5332311676873,1280.8659808734385
996.5305712506978,1776.796560405605,1281.5296880339263
996.5258654815208,1777.0654033344663,1282.3030968357134
996.5523736719549,1777.2986967519887,1283.2224968043704
996.6273391605098,1777.4583342242306,1284.2333897338958
996.743332105007,1777.5475193949874,1285.2383820628747
996.8565818981061,1777.6149997487823,1286.133586418462
996.8967885598436,1777.711091708679,1286.8302628057781
996.8061817900127,1777.845971246206,1287.2872970894284
996.5753265131862,1777.9890299655956,1287.541358740871
996.2560251052257,1778.0984014327123,1287.6991779911937
995.9408330074351,1778.1496986839466,1287.8787099895542
995.7156784944965,1778.1437377524019,1288.1453582299746
995.6229047803445,1778.0862138635491,1288.504392440779
995.6513021267534,1777.9666882967913,1288.9257764169763
995.7460308042314,1777.7699189362474,1289.3518027312875
995.8383776879554,1777.4958317548749,1289.7041919953588
995.881038828349,1777.1639928515276,1289.8983110667502
995.8614106433556,1776.8112056804573,1289.8539117567109
995.7859470606747,1776.4794485969628,1289.5243978379194
995.6539239315157,1776.2022752659495,1288.9182906650344
995.4514831265975,1776.00676648105,1288.073472010061
995.174972458891,1775.9196345068628,1287.0345733171462
994.8484455731414,1775.95792938374,1285.8580998800685
994.5192996358287,1776.1142283001116,1284.6123475329418
994.2524346304086,1776.3653369820172,1283.3783947910756
994.1130142221039,1776.6911616382145,1282.2462612491072
994.1382715893685,1777.0742784740373,1281.2911161872564
994.3287970423405,1777.4940421228416,1280.5543744585457
994.6544334498458,1777.9297301150132,1280.0400255950651
995.063221542797,1778.3660932733924,1279.7205490566068
995.4947759283237,1778.7936630914594,1279.5499304124712
995.8915435283408,1779.2042873486103,1279.4758371544388
996.2074794471878,1779.5922873819784,1279.4520339122566
996.4122489671252,1779.9597574801253,1279.447925739304
996.4865927226926,1780.3134542660418,1279.442624394367
996.42820701637,1780.65843590882,1279.4174706408535
996.2822233693931,1781.0017921978706,1279.3691211160883
606.0470870568432,1128.7340297071842,1340.2113341453423
605.0204814589531,1128.9870634805293,1339.8414495630159
604.0287858834477,1129.2201833707031,1339.538081690272
603.0971992448825,1129.4273983149349,1339.3440364745722
602.2448764422959,1129.6139961581573,1339.2738259790692
601.4812059939457,1129.7913537649815,1339.3227905942938
600.8049448962778,1129.969164085768,1339.4734892641663
600.2061372540068,1130.1462282390826,1339.7068146172824
599.669011923162,1130.3122277433642,1340.0134773477134
599.1788576558437,1130.4590733035034,1340.3887763005444
598.7270137866489,1130.5852595872457,1340.8239613996252
598.3072562560785,1130.692084228407,1341.3114728273567
597.9128848120356,1130.7831940628926,1341.8475191271336
597.5408114156047,1130.8681926414156,1342.4199950162604
597.1919563865304,1130.9588441773633,1343.0032018784834
596.8638060307311,1131.057235030998,1343.573313362575
596.5486317325126,1131.1538816938225,1344.1200226523754
596.2419731109932,1131.2403926837728,1344.6392782495668
595.9482998696634,1131.318855727313,1345.1268323627817
595.6775766707832,1131.398893755565,1345.581165078439
595.4396477068366,1131.4897458527294,1346.0031415505018
595.2405742075642,1131.596454597746,1346.389735918488
595.0813369779656,1131.7220818905298,1346.731326893023
594.9615032604902,1131.870532095133,1347.015947497681
594.8860557240688,1132.0469565806288,1347.2324588115005
594.8686064037685,1132.257238707912,1347.369022071445
594.9272429546945,1132.5050960842063,1347.4180812942823
595.0775235218777,1132.7874776919075,1347.386533810565
595.3297909758817,1133.0972442947154,1347.2890643940427
595.6892504804807,1133.4326485181773,1347.127220796169
596.1548008519155,1133.798531803782,1346.8850893856415
596.7198110325207,1134.1996809202299,1346.545972919243
597.3774402554268,1134.6404128295935,1346.1038011735195
598.123666561219,1135.124321740896,1345.5625403729548
598.9532033696535,1135.6454402874617,1344.935282610641
599.857200640201,1136.1869453291206,1344.2394824705577
600.8284137997448,1136.7349395379067,1343.4859739957508
601.8656400916525,1137.285381507129,1342.6785022407155
602.9710054316389,1137.833360238803,1341.827715709827
604.1444605596093,1138.3653602319466,1340.9559594594368
605.3821251897201,1138.8656749947666,1340.0838435916894
606.6787767010733,1139.3236704209194,1339.2195118703878
608.03037821612,1139.7359338422045,1338.3630364835499
609.4330279463906,1140.1053398942167,1337.5161971035168
610.8804350230431,1140.4375439822493,1336.6872524894254
612.3658033142451,1140.739199738773,1335.890293964118
613.8858843662758,1141.0170934537337,1335.1404581146896
615.4410070609543,1141.2760936741095,1334.4489227788397
617.031134413294,1141.5187395480718,1333.8253258186737
618.6506794083498,1141.742998074087,1333.281966073209
620.2872040124806,1141.9393893881422,1332.8292336943216
621.9272025296386,1142.094320280383,1332.4716237922867
623.561254032518,1142.1944115236447,1332.2124888534713
625.1818173067866,1142.2277229636247,1332.056189369652
626.781683634602,1142.1848966282807,1332.004017598058
628.3577137060219,1142.0606349610007,1332.0523763310373
629.910381508955,1141.8543484806787,1332.1953464212581
631.4387450213949,1141.5675304167241,1332.4257676485718
632.939193627421,1141.1999883162305,1332.7299889117457
634.4077615057589,1140.7501603017488,1333.0822703301128
635.841857006203,1140.218195139229,1333.4475789585263
637.2401069876632,1139.6107626307523,1333.7905903671324
638.6035077682657,1138.9443606961472,1334.0851615008942
639.9366677007563,1138.2390859767215,1334.322244958191
641.2438778753153,1137.51211570868,1334.5107100354785
642.523996185804,1136.7807889508692,1334.6699639644135
643.7689564534578,1136.0637369359788,1334.8208665865147
644.9651089903562,1135.3773823995073,1334.97727015841
646.0951211957421,1134.7358834446036,1335.141603657553
647.138812300492,1134.1531532851156,1335.3082657889638
648.0756273330543,1133.6447415622313,1335.4729510796742
648.8896974274032,1133.2288929870294,1335.6386260095371
649.5735213963891,1132.9226096908155,1335.8112496129295
650.1262500872481,1132.734575506123,1335.9942968623832
650.5474415160863,1132.663929619473,1336.1876526097135
650.8346200967544,1132.7052556786255,1336.3886338904608
650.9879371435072,1132.8527563347086,1336.5947645673004
651.0130322746746,1133.1018807258715,1336.8013576482276
650.9168103376423,1133.4501634169367,1336.9933061825695
650.7029381051123,1133.8968669044025,1337.1437509061736
650.3740420298565,1134.440752026223,1337.224767704461
649.9366722653908,1135.0792443254784,1337.2193660592193
649.4005084281661,1135.8094302898814,1337.1230036250936
648.7738697106214,1136.6271015430066,1336.9365324131531
648.0633004295082,1137.5269765928551,1336.660810355197
647.2766276382065,1138.5059833552973,1336.2969405332167
646.4252421078953,1139.5643369866184,1335.8477497720414
645.523375266486,1140.7020682013263,1335.3187636404755
644.5849362334427,1141.914946429792,1334.7170722327833
643.6212635064526,1143.1984197774855,1334.0456395343938
642.640023797334,1144.5560018249998,1333.3036665711027
641.6430471535672,1145.9949315056192,1332.4964242825124
640.6247928344712,1147.51090275007,1331.6368479027633
639.5767131458159,1149.0837443112791,1330.7327116755225
638.4940562315162,1150.69035743521,1329.7772769047428
637.3749065066081,1152.3161230239205,1328.7561247515998
636.2162766244576,1153.9544000142218,1327.6590448799404
635.0179072087843,1155.603204072739,1326.4875074391286
633.790006054633,1157.2585595124235,1325.260911239019
632.5548496641346,1158.907689750457,1324.0162496047897
631.3385589691854,1160.5359699626526,1322.7954156624544
630.1585274827349,1162.1348615255329,1321.62604186528
629.0130586134494,1163.6936882868658,1320.5042762353294
627.8796470110152,1165.1882297918216,1319.3892514374297
626.7298347066777,1166.5834928694728,1318.2178812399898
625.5536282721707,1167.8507527814627,1316.9386941244013
624.3731386595889,1168.9870638116895,1315.5449658103269
623.2348197534856,1170.0197595698153,1314.0812138579588
622.187694476403,1170.9865298194152,1312.6226990891537
621.2640270719616,1171.9118192821852,1311.2446818302283
620.4708922160511,1172.804839143719,1309.9944943237494
619.791257861724,1173.6689458056446,1308.881809987417
619.1906777555572,1174.506240330474,1307.88883135246
618.6257185528258,1175.3215686944288,1306.9843036658067
618.0571806173518,1176.1248470613496,1306.1364779348785
617.4683575993525,1176.9245084761549,1305.3231067897304
616.8737646201675,1177.720433861772,1304.5302989108932
616.3069166905381,1178.5042463276775,1303.7469935731365
615.7984681973755,1179.2582011884451,1302.9660834400809
615.365497462837,1179.951762910062,1302.1868233529644
615.0130307872251,1180.5476632902646,1301.4100735453726
614.7373826847895,1181.0145671289933,1300.634184813005
614.5323523599947,1181.332662119013,1299.859244770648
614.3961309770175,1181.4949334619128,1299.0904130072165
614.3298568929827,1181.5110400761755,1298.3393577563968
614.3312009435693,1181.405510295709,1297.6299364968957
614.3918635382871,1181.2086380123674,1296.9969908843718
614.4983149813122,1180.9502331551405,1296.472127845551
614.6329224000367,1180.6607161306615,1296.070677014721
614.7766729139088,1180.3738793634418,1295.790967300606
614.911890984491,1180.1189335063864,1295.6252557482517
615.0239798440477,1179.9059692457588,1295.5719919212954
615.1039365626615,1179.726265173445,1295.634350172608
615.1506103325735,1179.568201801613,1295.806755205996
615.169991170778,1179.4286479352527,1296.0689309726845
615.17059592188,1179.3106721101146,1296.3963494607847
615.1594689821839,1179.2169669766026,1296.7757929511044
615.141652097464,1179.1483650689886,1297.2104595714563
615.1209090496019,1179.1027693478416,1297.7093509230303
615.1026191195062,1179.0707041327753,1298.272200578684
615.0950739364833,1179.0350601817324,1298.8873503260056
615.1032977854021,1178.9787750606813,1299.5409714877933
615.1264726399947,1178.895223673917,1300.2205131753246
615.1674589749529,1178.7913710678185,1300.9134932949562
615.239890394029,1178.6761832432528,1301.611670093159
615.3630919684019,1178.5468743494137,1302.3126330989262
615.55456192924,1178.3911402462786,1303.0118070461056
615.8287704169574,1178.20097813647,1303.6928449953698
616.1993209375952,1177.984325036123,1304.3289930179558
616.6800653735967,1177.7685140116967,1304.9002201858548
617.2865383880822,1177.593329703139,1305.4152793754686
618.0358135629042,1177.492194032204,1305.9188761976402
618.9388461817284,1177.4707043210135,1306.4701210557876
619.9902605213586,1177.4997708223887,1307.104499947893
621.1665526726106,1177.5253568032836,1307.8114666335896
622.4321975979185,1177.4875724271192,1308.5405638209527
623.7483940469822,1177.342078172012,1309.2231055689665
625.0831335193367,1177.0695692118925,1309.7967406699022
626.4188896771033,1176.6715440916385,1310.2241505089435
627.7541054044383,1176.1629279435178,1310.4981567433422
629.098510356125,1175.5654472914744,1310.6342811397217
630.4654268071963,1174.90436913838,1310.657087750411
631.8670515391323,1174.207879550455,1310.588024810284
633.3130106169833,1173.505512541441,1310.4406324214385
634.8076372117861,1172.8244342899268,1310.2209468115373
636.3462674053255,1172.18476051616,1309.9310116702725
637.914618043023,1171.597839025165,1309.5754834447398
639.4939230053043,1171.0687580430379,1309.1634012797085
641.0673861911843,1170.6034126042582,1308.703664835913
642.6219051028967,1170.2168367365653,1308.2050182310434
644.1459781571368,1169.9338167349167,1307.680189532402
645.6266000967522,1169.7799612806432,1307.1470630254103
647.0483120693779,1169.772165800409,1306.6272829671786
648.3962143418628,1169.9153482278566,1306.1454860733404
649.6590149867834,1170.2031021032913,1305.7260323533908
650.8273683191386,1170.6228694890517,1305.3829212679161
651.8878793511005,1171.1653752124605,1305.1177215809614
652.8212406223151,1171.8261052127377,1304.932046229823
653.6103399640871,1172.5968481997268,1304.8311784738798
654.2492206883835,1173.4634643997601,1304.814387274979
654.7417353557969,1174.4142660888128,1304.8708469626781
655.0929083998097,1175.443765270642,1304.9841921278303
655.3070209812471,1176.5462502705461,1305.1379050246378
655.3959466598676,1177.7139303115675,1305.3180835000994
655.3823019413205,1178.9446417833497,1305.5148995298857
655.2910998492104,1180.2427818752997,1305.7231169184247
655.1438029588954,1181.6100143067347,1305.9395414249766
654.9580835892068,1183.0406886186563,1306.1580276575846
654.7435065567911,1184.5251232555254,1306.364467043288
654.4987064671412,1186.053394887625,1306.5369201509359
654.2176582442358,1187.618119971694,1306.6529848318712
653.8979547203032,1189.216430402486,1306.6974095513374
653.5463028401107,1190.8481951958734,1306.6652182867685
653.177962428826,1192.5145133079286,1306.5626763160094
652.8092271209747,1194.219290099488,1306.4065586073934
652.4514152478225,1195.96370529822,1306.2175942418253
652.1082430952113,1197.734797234901,1306.0088964709735
651.7721138290158,1199.5041304099248,1305.7757186762751
651.4228087937768,1201.236673248729,1305.4901339949902
651.0351054741287,1202.8970045471033,1305.1024234501572
650.5916440314393,1204.4525228934526,1304.5523132445842
650.0922658239663,1205.8819058401052,1303.7927446431543
649.557292812739,1207.1868489946107,1302.8141629802221
649.0221739342898,1208.3932516044536,1301.6474009597525
648.5247948275987,1209.5344317362799,1300.3477430817268
648.0943761416814,1210.6350415631127,1298.9767803266304
647.7447664922242,1211.7103007267565,1297.5835552086726
647.4709350054484,1212.7667177148928,1296.1904849348666
647.2522276984342,1213.8012516628207,1294.7953507502089
647.0620710183117,1214.8065306394988,1293.3845799688984
646.8755455487382,1215.776526917194,1291.9468053643866
646.6727285207616,1216.7097755115626,1290.4823335849362
646.4435973026593,1217.6110154229405,1289.0063282584229
646.1920431196161,1218.490069438305,1287.5431300145212
645.932525729636,1219.3571937458169,1286.1161906587051
645.6837635168773,1220.215674887299,1284.741422687307
645.4632346864021,1221.0595355345165,1283.4260921481846
645.2793224887874,1221.8799526026148,1282.1727634553638
645.1285551623942,1222.6702309296204,1280.984485406479
645.0036807947778,1223.4224887423409,1279.8656384133592
644.9029881125225,1224.1226206792203,1278.8182767083135
644.8326867394144,1224.7526682909947,1277.8424015651951
644.8016354835602,1225.2996421392027,1276.941088931597
644.8136938838652,1225.7612939575479,1276.1214041505548
644.8659364390634,1226.1442303188405,1275.392985930305
644.9538058982512,1226.4593505048983,1274.7643836180348
645.0742520412185,1226.7205426173018,1274.2363471504289
645.2228399556151,1226.9431168131964,1273.8033676338057
645.3929828094864,1227.1367684308761,1273.462936459261
645.5814760013543,1227.2999144424966,1273.2189052733595
645.7933414703236,1227.4229481293678,1273.075766585492
646.0380603375997,1227.497360608632,1273.0346041670748
646.3205553712478,1227.5213229512415,1273.0969582636355
646.6374714832542,1227.495837608758,1273.269020878093
646.9780782900823,1227.417991667055,1273.5598118484274
647.3258214384036,1227.2781572228516,1273.9736947947627
647.6667975724737,1227.0615912052137,1274.5001383529561
647.9989190432716,1226.758018311498,1275.1128758497907
648.3264131462832,1226.3735564193544,1275.7881082969648
648.6511418985222,1225.9278864359826,1276.5209247362463
648.9775696521558,1225.4371777691892,1277.3150937439289
649.3181410135691,1224.906141513794,1278.1639572993895
649.6873350451873,1224.3372872464731,1279.0458094049004
650.0981861976275,1223.7363576536711,1279.922933447503
650.5676462357081,1223.1113672257281,1280.7450807388368
651.1189204712564,1222.4781640585882,1281.476752706412
651.7772579281055,1221.8592323994662,1282.1295396215537
652.5653935417204,1221.2690503740323,1282.7608808514956
653.4980647635471,1220.7021013300032,1283.4397606374223
654.5721104689135,1220.1318233189543,1284.211875105137
655.7602096040014,1219.5184651158304,1285.085728572526
657.0193692940918,1218.8237415782767,1286.0315099761078
658.3062160031793,1218.0276030582036,1286.9847442855596
659.5865691526924,1217.1326388136024,1287.8660963192808
660.8409953952711,1216.1554033124205,1288.6105488179426
662.0657508051548,1215.1236538338362,1289.181679991554
663.2688452225755,1214.076436682294,1289.569564223283
664.4685698004254,1213.0525193555577,1289.7838009175425
665.6898898402605,1212.079242930364,1289.8469709867095
666.9529827701921,1211.1737719598657,1289.7900593207605
668.2653575958634,1210.346828135162,1289.6487264797838
669.6231715884564,1209.605287646234,1289.4603559328348
671.0145950967088,1208.955419325554,1289.2596540258337
672.42165371068,1208.401380441861,1289.0712018984045
673.8197222302122,1207.9439106419227,1288.908100135547
675.1773212648249,1207.584910715632,1288.7785029735687
676.461579704084,1207.3314530907242,1288.687607700314
677.6468673276227,1207.1937012461747,1288.6358400043846
678.7183001792899,1207.178902478408,1288.621826150786
679.6678118158648,1207.2908085083661,1288.646793809763
680.4921837274413,1207.53073004531,1288.7171929983317
681.1989450963321,1207.890458223194,1288.844603254944
681.8075680654285,1208.3519449790556,1289.0394390564643
682.3382862771001,1208.9015355763493,1289.3028169006775
682.801662497473,1209.5376818476861,1289.6236415460494
683.1996353625702,1210.2616907745796,1289.9819590305315
683.5342848201221,1211.0667663077147,1290.3578777227417
683.814345520883,1211.939145271986,1290.7397570871674
684.0528526653623,1212.8661314801902,1291.123594105645
684.2607552648282,1213.8386267237363,1291.5080802747682
684.4465899959841,1214.8484224856734,1291.8927727975606
684.6201859889521,1215.8903797839625,1292.276997109896
684.791358874484,1216.964938689352,1292.6584421169885
684.9647794931007,1218.0706368264127,1293.0350054293312
685.136353264971,1219.197903183512,1293.4062312875112
685.2958319331829,1220.3335436979003,1293.7676903820386
685.4360743083903,1221.4653149945966,1294.1055536696083
685.5576096626653,1222.5818542556278,1294.4026467221488
685.6641843500569,1223.6749223345896,1294.6483952179194
685.7585459602973,1224.7428551945734,1294.840989729908
685.8421892880463,1225.7884439268269,1294.9827404730975
685.9165423573853,1226.815363005063,1295.0703770170671
685.9832495011857,1227.8271534620403,1295.086266178901
686.0416017621911,1228.8271007763205,1295.0007450854014
686.0865058519964,1229.8208553395486,1294.781993834856
686.1127801213734,1230.81804485307,1294.4084323387403
686.1223031304182,1231.8298245988965,1293.8846241737804
686.1258825899465,1232.8647997049563,1293.2467161018242
686.1377866285146,1233.9209521347211,1292.5445264710033
686.1642542859954,1234.9774760311852,1291.8160185476856
686.1942686854327,1235.9948776858794,1291.0715500024828
686.2029565879712,1236.9243871791757,1290.290684594495
686.163399134311,1237.7219730067386,1289.4373363528066
686.0568728096333,1238.3580585149848,1288.4836103264902
685.8772252495933,1238.823565022954,1287.4194688333598
685.6315303500238,1239.1347785442554,1286.2481761922263
685.3413530165327,1239.3259143791004,1284.9809767215822
685.0385695326701,1239.4324129109318,1283.6356726969248
684.7526047026873,1239.484211755313,1282.234870916683
684.5022304283123,1239.5070525178169,1280.8032219587913
684.2964001270723,1239.5185931480623,1279.3683010639706
684.1360304933224,1239.5265763687478,1277.960927196981
684.0174334579248,1239.5373304818686,1276.612094602295
683.9380198526036,1239.560224783447,1275.3509249044266
683.8950124344336,1239.599649906931,1274.2035412383154
683.8770410977495,1239.6514601492647,1273.1941239403309
683.8622470322871,1239.711795177484,1272.3465148875416
683.8262281433772,1239.783373924918,1271.6794296465453
683.7485850462042,1239.8727478217238,1271.199007571099
683.613959258028,1239.9854777579687,1270.8981547970218
683.4139038735381,1240.1240866256712,1270.763150043892
683.1491871665273,1240.289833296466,1270.7810995555997
682.8264908452292,1240.481530187272,1270.9433053600953
682.4536405328694,1240.6872250387187,1271.2458378319157
682.0383824536596,1240.88230786238,1271.6883996761692
681.5859504708753,1241.0393473312076,1272.2659612955351
681.0957551604271,1241.1364199865495,1272.959147819217
680.5656132952961,1241.1625721504347,1273.7376315927634
680.0017095016304,1241.123202271888,1274.5726741648155
679.4217995750201,1241.0373187883943,1275.4495129052423
678.8495126595203,1240.9259781290898,1276.372614580476
678.3070931881639,1240.8009989466009,1277.3585677167584
677.8097208929707,1240.6601357696982,1278.423319698575
677.3625478344029,1240.4868589438063,1279.568843033694
676.9609490805367,1240.2542715223003,1280.7731994728356
676.5931556271047,1239.9365229771552,1281.9904071304595
676.2461747322825,1239.522667053766,1283.1574130156894
675.9159196363029,1239.022283510016,1284.2078171490634
675.6170790731716,1238.4590770885825,1285.0966619894457
675.383588292537,1237.8618898978136,1285.8256781517273
675.2552475523972,1237.2582963392572,1286.4466729971616
675.2582733560437,1236.6629375650148,1287.0350234943892
675.393526496636,1236.069959871983,1287.6513466852634
675.6385003773338,1235.4631448647178,1288.3155572742553
675.958681285325,1234.8263772007194,1289.003062922022
676.3180390348826,1234.1449145980687,1289.6601479605706
676.6819654514776,1233.4130022392198,1290.2249787645965
677.018990842264,1232.6427438361009,1290.6437725788874
677.3088763711125,1231.8607524042807,1290.8856844529987
677.5506775968307,1231.099621603768,1290.9508196092825
677.7611641440988,1230.390503522552,1290.8609176016082
677.9664731470567,1229.7576162486228,1290.643581505181
678.1948186096444,1229.21867959423,1290.3248301276112
678.4705131636849,1228.7883984191274,1289.9278171605897
678.8066247489628,1228.4779993827635,1289.4720379959315
679.1999685284039,1228.2923899457771,1288.975672615201
679.634803533891,1228.2281158247858,1288.4609627453474
680.0911812758025,1228.2748363331054,1287.9556951262857
680.5498562246718,1228.423165085876,1287.489681303727
680.9950811394133,1228.6689685347876,1287.0922740494304
681.4162249797087,1229.0062862390369,1286.7924455300606
681.8060480952055,1229.4215264622635,1286.6165977674818
682.1574317616646,1229.8995587953168,1286.5825423776755
682.4610282788352,1230.4331523868927,1286.694596172611
682.706773231277,1231.0237874270922,1286.9443217486694
682.888601573199,1231.6772893481593,1287.3143778107953
683.0072815535925,1232.4026050329314,1287.7825555530358
683.0722692907824,1233.208681043251,1288.3262317706988
683.1018894182753,1234.0990153965263,1288.9258015534758
683.1155727108603,1235.071479319327,1289.5680736465283
683.1245144794066,1236.1205002294964,1290.247968943552
683.1328060241997,1237.2397628191366,1290.9625580556647
683.1435301969491,1238.423855739996,1291.7021591969176
683.1578951438831,1239.663448430076,1292.4487970098967
683.1715210450091,1240.9420564127092,1293.1808641820128
683.1777646999251,1242.2431642937806,1293.8778441863378
683.1751418442319,1243.558257160745,1294.5256349153633
683.1706900244533,1244.8839120149842,1295.120791512118
683.177275980643,1246.2143604614903,1295.6673114978694
683.2078003747827,1247.5401924340229,1296.1679204211473
683.269864859787,1248.848950481067,1296.6177381914665
683.3618633497149,1250.1268012815265,1297.0021395493009
683.4733120301788,1251.3621361064872,1297.2946314096398
683.5907953444607,1252.5423890038865,1297.4553294582245
683.7039676617294,1253.6500641173584,1297.4387197804758
683.8090464317393,1254.6680104688078,1297.2124060657054
683.9091783169147,1255.5873744306377,1296.7757621164508
684.0119994761828,1256.408312731832,1296.1638026613944
684.1296930211782,1257.130189502243,1295.4283839781397
684.2780424237276,1257.7453723304516,1294.614008358739
684.4687648920578,1258.2485172759648,1293.7499064953186
684.7023004039556,1258.6471468221735,1292.8514991189636
684.9669375612332,1258.9622820066922,1291.9248184933194
685.2445679287171,1259.2228634992848,1290.9748882732742
685.5196707478734,1259.4568449303704,1290.0082833143802
685.7824002137557,1259.6859614372624,1289.0300678710214
686.026702518561,1259.9292337370787,1288.0456096992057
686.2514328026906,1260.2065209683083,1287.0659083152923
686.4615153083721,1260.5340436880995,1286.1071615865785
686.665598040503,1260.9145268404568,1285.1846886177152
686.8718809282769,1261.334463148213,1284.3092605038473
687.0826760281859,1261.77618904806,1283.4893282469957
687.2940912449765,1262.2303952877955,1282.7336203142627
687.502989599228,1262.6938172864805,1282.0494887818857
687.7104466168013,1263.1591718455306,1281.4414334498174
687.918003434411,1263.614173874568,1280.911396187055
688.1224073908324,1264.0505806138501,1280.4588908250407
688.3131802039011,1264.4683291350564,1280.083301954995
688.4759504058205,1264.8701412892767,1279.7872689694227
688.6006457926137,1265.256089096475,1279.5735891430866
688.6892956237901,1265.6242905793592,1279.4371403651257
688.7558020393457,1265.9743295903054,1279.3651842454417
688.8155496795696,1266.3077771151757,1279.3473419072088
688.876254690328,1266.6252742015984,1279.3817994692984
688.9399392531207,1266.9216215041208,1279.4718476628934
689.0086356899583,1267.180603018566,1279.6192800397569
689.0833682897442,1267.3744377698604,1279.8207223707418
689.1613158985808,1267.4725973302498,1280.06867035356
689.2399743211057,1267.4564941953222,1280.3560788856423
689.3229438337339,1267.3286402193544,1280.6790018489062
689.417664855535,1267.108801379898,1281.0379180885807
689.5284195506156,1266.8186309879193,1281.4418135028866
689.6546977040887,1266.4658632954493,1281.9075547496877
689.7938874471747,1266.0415083156336,1282.4472585732638
689.939384674379,1265.5294778503862,1283.0517872547348
690.0778882068672,1264.9179647032827,1283.6870616300614
690.1964295604864,1264.2044558792727,1284.3066054709911
690.2933559397791,1263.3954640979339,1284.8668316920782
690.3814446984242,1262.5081322561523,1285.34016894942
690.4829554254156,1261.5723027952683,1285.728286782361
690.6192956339775,1260.6254203930134,1286.0645337313279
690.7997398853183,1259.6979261308788,1286.3950125469532
691.0183847295672,1258.8001791439156,1286.7504521260892
691.2598468337223,1257.9264141691158,1287.1303611048345
691.5046715274298,1257.0699315693366,1287.50535586748
691.731284444639,1256.233265704237,1287.8320477748853
691.9213418175298,1255.4269171320677,1288.071604476492
692.0704687100452,1254.6618914861463,1288.2024832959887
692.1919962418635,1253.9513737955547,1288.2232648620784
692.3071393267147,1253.3203500204181,1288.1457463793363
692.4345173089358,1252.8036471669811,1287.9840381954189
692.5880641824772,1252.4324632062753,1287.7490280895418
692.7774544237984,1252.2259496009256,1287.4509423420618
693.0093084468465,1252.1909814505657,1287.1035738595292
693.2904240360061,1252.3229596048195,1286.7233394080938
693.6265977505324,1252.6076236314113,1286.3259840467636
694.0163273362241,1253.02685396467,1285.9292697059736
694.4483868141969,1253.562774197436,1285.5603417116074
694.9066452123151,1254.1984995917267,1285.25434316994
695.3762985036818,1254.9209409071307,1285.03849073569
695.845831470286,1255.7197261526173,1284.9162141607028
696.3063288444116,1256.5817683958169,1284.8671188544058
696.7512308030232,1257.4942285711584,1284.8601178583742
697.1752950872483,1258.4506250948866,1284.8664823443653
697.5768756106953,1259.4477688276259,1284.8632330319547
697.9652023048412,1260.4794652811654,1284.828465999794
698.36092397245,1261.5358889403644,1284.739449253699
698.7880463694445,1262.6096049402831,1284.5789544489878
699.266527707105,1263.701917568765,1284.3446064556867
699.805381967876,1264.8202994531152,1284.0525179724011
700.3998703710129,1265.9694605127715,1283.7280893215245
701.0385126636155,1267.1481059552032,1283.3908829636407
701.7083081866313,1268.351258531403,1283.0505752215947
702.393246091432,1269.5700290220227,1282.7117213498248
703.0760132851104,1270.7928426414658,1282.3754859311455
703.739993938475,1272.0104706427624,1282.0429117708418
704.368460858034,1273.2191295050147,1281.7198877597807
704.947000122077,1274.4221755919373,1281.4152901552893
705.4649386925059,1275.628574370301,1281.136410661861
705.9126124263998,1276.8436732983664,1280.8849759448867
706.2818430881327,1278.0616787664285,1280.6501476895908
706.5707936402694,1279.2715227879087,1280.4056889466553
706.7878171534078,1280.4657176603287,1280.1225042056603
706.9523311607791,1281.6384391209133,1279.7898440610354
707.0912844786793,1282.7804380740442,1279.4241948169836
707.2321861821557,1283.878151675215,1279.058044173289
707.3957898148375,1284.915904347521,1278.7226348602883
707.5877754291107,1285.878251606196,1278.4372015432914
707.7934342794297,1286.7477711643664,1278.2038712409571
707.9806557558546,1287.507824458603,1278.0087298029953
708.1111489643041,1288.1539606541323,1277.829700969763
708.1570740478205,1288.6940534896878,1277.6452037893196
708.1121366640185,1289.1349709687663,1277.4400293114254
707.9886354411087,1289.4757963154632,1277.207846168472
707.8069610880375,1289.7129695058838,1276.9514833519725
707.5885627482901,1289.848432792458,1276.6817452166904
707.353649975004,1289.8932933695298,1276.4126924957975
707.1193695455713,1289.866771470159,1276.159192525085
706.9008653002873,1289.7954153811852,1275.940798630265
706.7126482595852,1289.7092810648842,1275.7809302478145
706.5615776263472,1289.6326437429182,1275.6989679367136
706.4380683045428,1289.5799463652122,1275.7060834465483
706.3182179210464,1289.5590031259876,1275.8050161299957
706.1748532207544,1289.5741149190035,1275.9909848586542
705.9868606675243,1289.62797047666,1276.2553682800688
705.741570191716,1289.7206311151617,1276.5885844974582
705.4335650450397,1289.8462787203387,1276.9810649803014
705.0658212284218,1289.9950990388988,1277.4237382074593
704.651931602245,1290.1607690913056,1277.9055837523522
704.2112310427386,1290.3418904395176,1278.4117333024042
703.7581796197424,1290.5336872896469,1278.929153101837
703.2995004007754,1290.7226378517043,1279.4529037726077
702.8409790553872,1290.888299928182,1279.9818067178367
702.3894940769708,1291.0069371991092,1280.5127054398806
701.9468520575232,1291.0558207700233,1281.0417635375259
701.5082508543495,1291.0146643251646,1281.5624761235056
701.0683028681409,1290.8659505794112,1282.0630201757274
700.626072577103,1290.603218416878,1282.5340825114815
700.1874310612707,1290.2407203504786,1282.977275691068
699.765630788532,1289.809706939957,1283.403964025937
699.3760970603537,1289.3437196582793,1283.8302199433958
699.02680727635,1288.8627558049095,1284.269160203693
698.714315068872,1288.3634854428433,1284.7186171496535
698.4288908400043,1287.8227895509506,1285.1544876459443
698.1609925231762,1287.2109768853431,1285.5370913541537
697.9037273751726,1286.5067492729052,1285.8229873381204
697.6537716590668,1285.7113531195994,1285.975491167938
697.414974164805,1284.852281381723,1285.9745694371086
697.2022100859144,1283.9704097597603,1285.825312086147
697.0383930498335,1283.1031220902667,1285.5589151190268
696.9457099468492,1282.277290754339,1285.2232835560098
696.9372239987863,1281.5091398645675,1284.8673279402128
697.0114861453046,1280.799995210755,1284.5235310306032
697.1519515706589,1280.1338604660812,1284.1965368459826
697.3316388137649,1279.4910154658828,1283.8687466553133
697.5203197440572,1278.8665306750684,1283.5205858369602
697.6916604219101,1278.2725553516264,1283.1462566574507
697.8303817558005,1277.7273928878253,1282.7510857341351
697.9373509344839,1277.246149431898,1282.3380759969434
698.0270321041404,1276.8390595262142,1281.9024124928173
698.1181630102831,1276.5165629678982,1281.4402806805404
698.2260086490936,1276.2905823127269,1280.9589268891675
698.3621095562394,1276.1653992040644,1280.4765821231645
698.5383820180922,1276.134482856697,1280.013859334979
698.7658402353577,1276.1920266851807,1279.583996954215
699.0461480573067,1276.3397539258542,1279.193911033796
699.367154701877,1276.5809820489935,1278.8575443571476
699.7091269641593,1276.9165814132266,1278.6009648442184
700.0540164657206,1277.3429367168696,1278.446303669632
700.3896094714668,1277.8476464559562,1278.394804088054
700.7107027036874,1278.4130575258148,1278.4308682166868
701.018316864041,1279.024210760593,1278.536448571532
701.3143606637608,1279.6731303875667,1278.6984353960934
701.597262128533,1280.3634661944452,1278.9090419725885
701.8640423824115,1281.1114384488728,1279.1629653889581
702.1163964082995,1281.9376977575484,1279.4540254375997
702.3645927678223,1282.855882148448,1279.7743588554313
702.6225724941154,1283.8682281245278,1280.1147474163483
702.8987703904138,1284.9725951288192,1280.4638099339659
703.1931355819911,1286.1665739481305,1280.8081532759056
703.4986265034876,1287.4430209707523,1281.1357752095007
703.8029678745663,1288.7928765668125,1281.4383055854123
704.0939321353547,1290.2105697695029,1281.7105697721054
704.3647181412966,1291.6898122948664,1281.9535661712782
704.6125159453261,1293.2183678413646,1282.175552310308
704.8368618275704,1294.7754597285434,1282.3848034220664
705.0426339165061,1296.330731277456,1282.5812681222526
705.238080029327,1297.8498846459706,1282.7516867759957
705.4267700644951,1299.3019393745913,1282.867560107526
705.6024554758926,1300.6603327873197,1282.886430750335
705.749166406509,1301.9064123239107,1282.7623628355573
705.8494885112295,1303.0430094528622,1282.4683935510425
705.9006929473101,1304.1053503892254,1282.0155717809457
705.9260956547345,1305.1534925690507,1281.4532892693342
705.9688753880766,1306.2501239339604,1280.8542197873317
706.0709783300288,1307.4357300560876,1280.2890535141491
706.2536467108193,1308.710365320319,1279.7953760340984
706.5065755998834,1310.0348777352895,1279.361454681846
706.7865215163582,1311.3505980451628,1278.9358535689396
707.0320861270898,1312.5991748209437,1278.4469285376063
707.186097569214,1313.7318176004112,1277.8246660603324
707.2082834443589,1314.71070659528,1277.0213189972303
707.0813626555002,1315.5112909043296,1276.016058579903
706.8183604150221,1316.1280227571729,1274.8087458957898
706.4612682473379,1316.5752441114132,1273.4182350423084
706.0668843781368,1316.8792776685445,1271.8838580869183
705.6938076881463,1317.0705002599457,1270.264622708601
705.3950310352042,1317.1804497781152,1268.6312628241699
705.2097307886174,1317.2365430102743,1267.0537080734657
705.1574117444209,1317.2558047291639,1265.592992428016
705.2349140385303,1317.2499742286805,1264.2982150394162
705.4128965131806,1317.2363856981954,1263.2032775737694
705.6407122295421,1317.2371705979867,1262.3196511879883
705.8586079489392,1317.2672512957017,1261.634920872063
706.0048117162286,1317.3277293028402,1261.127016840471
706.0242752370864,1317.4145067800853,1260.7801406406684
705.8846832155899,1317.528885063442,1260.5864674865902
705.5852951992142,1317.6742703846076,1260.5389091278198
705.1529153611172,1317.8478493563662,1260.6271522781271
704.6328962654111,1318.0403803397064,1260.8370393394844
704.0782964125647,1318.2406912243484,1261.1505434468413
703.5382791553933,1318.4370644753526,1261.5523646044314
703.0502849298432,1318.61502208036,1262.0382774162886
702.6374748588553,1318.7548424739664,1262.60994709866
702.3058807844473,1318.830272301006,1263.261996739948
702.0403003477647,1318.816046335391,1263.9801672198014
701.8102735519275,1318.705101365687,1264.7492538262047
701.586111843783,1318.51349734622,1265.5574048998608
701.3483050852625,1318.2653620198187,1266.3952088933445
701.0900173870713,1317.9788477753468,1267.2571824785857
700.8221610766343,1317.6626681438122,1268.1460024105763
700.5712578873661,1317.3135699274646,1269.0683745649853
700.3636364975739,1316.9146300837626,1270.0230529592836
700.2120011383788,1316.4409274386367,1270.9947091058757
700.1140381067929,1315.8675651271592,1271.954011668764
700.0587790524547,1315.1798309986523,1272.8617021871605
700.0376157214063,1314.3863199219047,1273.6814390445024
700.0527645084859,1313.5185881109837,1274.391989496458
700.1175897705965,1312.6146812996005,1274.9900650985146
700.2510327685173,1311.705709466259,1275.4953439723467
700.46672484757,1310.81120280399,1275.955750772625
700.7621954830072,1309.9366402221196,1276.427899766113
701.1182031112795,1309.0729227894733,1276.9335973761738
701.506786159628,1308.2026268677862,1277.4371419849033
701.8976781228727,1307.3140970817117,1277.8694409636566
702.2612213202,1306.412025965764,1278.1647912318394
702.5738051627185,1305.5152735675117,1278.2762478644427
702.823931205256,1304.6524756207805,1278.176339751734
703.0157880866801,1303.8592105067432,1277.8563706862205
703.1710058301013,1303.1662001112968,1277.327161487804
703.3229810461771,1302.5877586901952,1276.6179649917915
703.5051241878458,1302.1238648927747,1275.7680240878585
703.7432353243088,1301.7668536456915,1274.8187150732608
704.0520910870434,1301.5036289129646,1273.8161768669643
704.4333672559767,1301.3155749176092,1272.8142497715519
704.8776775430715,1301.1802529471106,1271.868828177622
705.3665705896509,1301.075498830878,1271.0288372030434
705.8689388393728,1300.984395167478,1270.3316964553446
706.341497663933,1300.9007088845892,1269.8024982367124
706.7378388698704,1300.8323238675628,1269.4495183219815
707.0146364920756,1300.7993766726727,1269.2634212199807
707.1373761671774,1300.8266892114525,1269.2257248904243
707.0947788455371,1300.9348151828744,1269.3172412933166
706.9089791977019,1301.1361379563757,1269.5250111436585
706.6261068872047,1301.4372335596113,1269.8475647785717
706.296177241579,1301.8431341767318,1270.2893849576353
705.9591060137279,1302.3575278874641,1270.8447571269758
705.6414864306727,1302.9783031611983,1271.4920082682452
705.3580571524938,1303.6968115223267,1272.2067244953482
705.110815750987,1304.5040496811598,1272.9703235646339
704.8897046847045,1305.3932596186105,1273.7665888722897
704.6776667336903,1306.3555214705402,1274.5830234614443
704.4544182586474,1307.3786012769922,1275.4131374569793
704.2022434520796,1308.450341100699,1276.2519042016029
703.9140086201645,1309.5619206956933,1277.0955304671438
703.5934079207133,1310.710841288831,1277.9446558874201
703.2485498459471,1311.8973128209223,1278.8005319477925
702.8844965157466,1313.1139378679104,1279.657812544092
702.49752667248,1314.3397698889382,1280.4962408588792
702.0768420644234,1315.5402634416957,1281.272296830467
701.6118453596257,1316.675773824759,1281.9257565624187
701.100030802333,1317.7246249727195,1282.4064149685805
700.5540263723657,1318.7036491175663,1282.7001656400869
700.0021128208801,1319.6603694192954,1282.8320169062017
699.4791232383433,1320.6428511078548,1282.846507919543
699.010630652107,1321.6796964281207,1282.7848298265253
698.600677314324,1322.7776636201686,1282.6703971845852
698.2346722484509,1323.9165758715094,1282.502176890889
697.8896420535472,1325.048679738463,1282.259050761943
697.5400882239568,1326.1192482383015,1281.9117114382764
697.1613555207189,1327.0870892658954,1281.4295644713889
696.7337315518,1327.9259777511443,1280.786824687679
696.2516533817353,1328.6201872283173,1279.9739205760216
695.7301924649363,1329.1658241246803,1279.0004181953698
695.1937332821109,1329.573878771191,1277.8859667359857
694.6614947371321,1329.868953170318,1276.6533558648348
694.14797089876,1330.0815250982198,1275.3271797035588
693.6672968130471,1330.2374819442537,1273.934686793866
693.2323541140545,1330.3541394729855,1272.508871371083
692.8523558826435,1330.4428699039804,1271.091163646527
692.5295261374675,1330.5092455467527,1269.7289667726382
692.2559924505655,1330.5517877914087,1268.4661124539543
692.0136539654864,1330.566702222039,1267.3342987121353
691.7759236726079,1330.5531366995813,1266.3538628718977
691.5100231585662,1330.512234135564,1265.538027993842
691.1809191547671,1330.4452619757512,1264.8959559126788
690.7591033508427,1330.3527570386657,1264.433721055164
690.2313597705853,1330.2345140702184,1264.1526990690297
689.6065779447885,1330.090722623388,1264.0506959097359
688.9114527670612,1329.9189255438782,1264.1236589494151
688.1810813345007,1329.7102251494666,1264.365119836515
687.4473939454857,1329.452483501918,1264.7683996805192
686.7290790177004,1329.1343291278547,1265.3306254514732
686.0322655247509,1328.7430571154068,1266.0533495521138
685.3563415466654,1328.2640628912304,1266.9379409078344
684.6914600380567,1327.6868041213725,1267.9789973003103
684.0147505934282,1327.0091234243791,1269.1609727133691
683.3016773893685,1326.2358895816442,1270.4609700857875
682.5471733317869,1325.3770227553036,1271.8565105580578
681.7720303152911,1324.4479975947988,1273.3317121179011
681.0082373251821,1323.4702782622644,1274.8807275508434
680.2848170735758,1322.4665686241342,1276.5105149639408
679.6242049299278,1321.447328374879,1278.2337711380192
679.0384593810459,1320.397038318561,1280.0496091657244
678.5240841890538,1319.2810408866019,1281.931305737414
678.0623134977661,1318.0746608912502,1283.83242785429
677.6282950502266,1316.784368134695,1285.701229636365
677.2077670795184,1315.4420241277173,1287.4962132899152
676.8086395724904,1314.0882057795754,1289.1991435312475
676.4573030844663,1312.7584919167787,1290.8169302468814
676.1852201842207,1311.47055154082,1292.3701870510965
676.0154086994278,1310.218639684973,1293.8740807626434
675.9536549083696,1308.9812623786706,1295.3201852046896
675.9866924512603,1307.7347571037863,1296.6703868890327
676.0863452256494,1306.465504178844,1297.867776929993
676.2181926994986,1305.1751845285623,1298.8556673238427
676.3539857278046,1303.8796349130678,1299.5909807139274
676.4795220561201,1302.6066278952862,1300.0503687228606
676.5941105419157,1301.39082914403,1300.2352565842655
676.7104427631672,1300.263269138636,1300.1700156032969
676.8520164086837,1299.2431874335143,1299.8903362798476
677.0415168351789,1298.3394228809364,1299.4333933895145
677.2919418118713,1297.5551257642076,1298.8333319950818
677.6050437821598,1296.8894282135027,1298.1218989803835
677.972918569488,1296.3336287259199,1297.3369596259397
678.386752590343,1295.865917792194,1296.5297060495461
678.8428965402053,1295.4585558089407,1295.7579226314476
679.3329840015926,1295.0925805547581,1295.0714105290833
679.831764944361,1294.7600692002673,1294.5035858447773
680.2983298066391,1294.4574248131642,1294.0683789835673
680.6833688530826,1294.184895134145,1293.7615467807825
680.9372225495031,1293.9485065816416,1293.569113938129
681.0249650299038,1293.756909441927,1293.4750412546953
680.9416709427779,1293.6189302758926,1293.4645730866755
680.715166697212,1293.5431757418123,1293.5261505352041
680.3963817602895,1293.53494680297,1293.6504563817107
680.0420930895652,1293.594994315562,1293.82912297483
679.6968519242985,1293.724456468977,1294.0579864835206
679.3837500107647,1293.9295194196618,1294.3381577891894
679.1076267437737,1294.2201890047152,1294.665727392615
678.8641280895206,1294.6047121221459,1295.021436088152
678.6446611393701,1295.0846407900149,1295.3772076344903
678.4375694553402,1295.6551920118457,1295.7098167042768
678.2310993181508,1296.3085869375075,1296.0042004234715
678.0155205531748,1297.036604124132,1296.2516806626147
677.7834667553547,1297.8332327343114,1296.4522078406858
677.5328742430241,1298.6960889813874,1296.616822979776
677.2685197077112,1299.6238858255097,1296.7649242759107
676.9962611286834,1300.611492274275,1296.9131600201117
676.7158634412721,1301.645523432448,1297.0630190581933
676.4174062195351,1302.7002532761464,1297.2006760080244
676.080373246134,1303.7366986199727,1297.3021646872103
675.6798084317842,1304.7134553894375,1297.3351449842453
675.2001010352652,1305.607104473707,1297.2684546149067
674.6451837413521,1306.4234193127506,1297.0864840095137
674.0366468372583,1307.1887748208178,1296.7933826071883
673.405257934536,1307.932788115544,1296.4066761370925
672.7846673973431,1308.6738454575664,1295.9454722292899
672.2059258589222,1309.4109759957826,1295.421554926832
671.6871093029262,1310.1257788603405,1294.839679317713
671.2236007087365,1310.7907004601002,1294.2016638914704
670.7944511932061,1311.3755565573042,1293.5060905603686
670.3802948849217,1311.8574060045223,1292.744715263747
669.9697713569799,1312.232853118572,1291.906527296303
669.5563693898334,1312.5173377320864,1290.9881595387008
669.1395986576241,1312.7349880540214,1289.9954668448222
668.7253266786131,1312.9102492987636,1288.9373560342203
668.3252221804506,1313.0586640657675,1287.8256289864
667.9594951043674,1313.1794297855697,1286.680575516324
667.6527430696743,1313.2563377208437,1285.531221989644
667.4215677665527,1313.2647751075417,1284.4092901550353
667.2677773342999,1313.1805946865445,1283.3449473609742
667.1801100706581,1312.9898518460452,1282.3667540765484
667.1376786794889,1312.694467778153,1281.5038765016652
667.1160900035463,1312.308350495876,1280.7850955938836
667.0943698319024,1311.85264271112,1280.2302652969254
667.0545905377724,1311.3570144587536,1279.8442584017796
666.9805006703865,1310.8539750956486,1279.6208313331538
666.8632818908113,1310.3650684606575,1279.5491220533072
666.705916715575,1309.8978231360745,1279.6199426376809
666.5198658207129,1309.4532813586407,1279.8313605473738
666.3198564884084,1309.0313535341882,1280.1857035318135
666.122099028439,1308.6327116321304,1280.678624834762
665.9423141669374,1308.2574762569159,1281.2940562116341
665.7894751578061,1307.904120540757,1282.0115388018862
665.6604656226135,1307.5714266666505,1282.8165157682524
665.5427249253349,1307.254348497884,1283.702518199382
665.4234723975085,1306.9364948333957,1284.6648833341426
665.2954334403871,1306.594119202985,1285.6944012521758
665.15468519822,1306.207154191944,1286.778481421009
664.9989900275017,1305.7649683198324,1287.9070017985252
664.8306927728962,1305.2657842037383,1289.0728668484257
664.6599421517794,1304.710634495991,1290.2649759671845
664.5033268511595,1304.0988738123608,1291.4620285450371
664.3739191715572,1303.4398629996467,1292.636585347886
664.2740385349448,1302.7695222064533,1293.764272604852
664.2065525640365,1302.1374865681244,1294.824454408113
664.1888050215659,1301.575720104934,1295.8018255346678
664.245622979045,1301.0908439353075,1296.6986948841832
664.393621648077,1300.6729509602353,1297.5345387098112
664.635654948953,1300.293990970487,1298.3267338107628
664.9604103251008,1299.908411759254,1299.0799250856621
665.3422380952644,1299.4711963732093,1299.7880680937658
665.7469490934459,1298.9553384597107,1300.4344509738778
666.1434664907382,1298.3535971985552,1300.9932378416224
666.5118499125606,1297.6735509507266,1301.439695890203
666.8434294282553,1296.93191324994,1301.7589624029742
667.1400007306014,1296.1467600419073,1301.9409947370889
667.4130350726507,1295.3329613182425,1301.9721047417183
667.6779367836972,1294.5025752643182,1301.8386315591222
667.9492751693916,1293.666160427209,1301.534567816117
668.2399799662861,1292.836361058495,1301.0641345160013
668.5583103946175,1292.0302858246987,1300.4434448632392
668.904925157679,1291.2653269491266,1299.696964761673
669.2732625757465,1290.5586756756468,1298.8488782481916
669.6505906123338,1289.9322349983577,1297.9230516323987
670.0215168396581,1289.4107697011013,1296.947086107274
670.3729757589573,1289.019446396822,1295.9482044738838
670.6942899528843,1288.7865047525138,1294.9514292448973
670.9767811483318,1288.7370316717302,1293.9861014498404
671.2193470769678,1288.8777105479044,1293.0871554204666
671.428664320504,1289.194279629895,1292.2900179649841
671.6080045368094,1289.6674653139416,1291.6306706878058
671.7497314302796,1290.2868852632498,1291.1461937860768
671.8383216763057,1291.0489945412091,1290.86502598684
671.8551142716759,1291.947162005977,1290.7972571058629
671.7816355381531,1292.9684717304822,1290.9386731645548
671.6045837850392,1294.0982865975086,1291.279330516069
671.3212224447002,1295.324773654194,1291.802899600039
670.941858397428,1296.6427918159275,1292.4819723219314
670.4870021258239,1298.0530121543736,1293.2840812340403
669.9809936448972,1299.5531356000204,1294.1832154235456
669.4505035064217,1301.1317439116388,1295.1557104177962
668.9258089150023,1302.771290099764,1296.1670144998993
668.4346725687399,1304.4575388877765,1297.17457866802
667.9957374227206,1306.1852455867072,1298.1433291830895
667.6224203741826,1307.9492481082332,1299.0506150882723
667.3312242050903,1309.7363270321528,1299.8809955385311
667.1414316841486,1311.535812273055,1300.6284373097062
667.0649636635737,1313.3485879520624,1301.302110305462
667.0975767904388,1315.1752700957147,1301.9180880017052
667.2167348169168,1317.0011753383092,1302.4778600223003
667.3853672311436,1318.7943833585825,1302.9524932389688
667.5618863285704,1320.5140434621253,1303.2861505149049
667.713658032628,1322.127336201354,1303.4182922320026
667.8304812263368,1323.630843881762,1303.31240599331
667.9317625902431,1325.0597620321626,1302.973395975507
668.057275978249,1326.4722129552706,1302.4469571498985
668.2452915120513,1327.9192045189923,1301.8012607909013
668.5134627870887,1329.4218443731274,1301.0922288995275
668.8494354381104,1330.962568302293,1300.3338186213891
669.2144183002742,1332.4870177930138,1299.4957715940202
669.561247802994,1333.9183248573702,1298.522467152955
669.8564278044004,1335.1812863057078,1297.35639299077
670.090924867168,1336.2240518834178,1295.960522806898
670.2787999666747,1337.0304948984067,1294.3361645625262
670.4528865438941,1337.6231363660936,1292.5251729675388
670.6554765559938,1338.055579247216,1290.592786586028
670.9235258685219,1338.3959074377944,1288.6055120829851
671.2809870397718,1338.706630201606,1286.6208437804198
671.7411998633249,1339.0290369670613,1284.6909499875396
672.3063899225939,1339.3769954079673,1282.8659738964616
672.959473307516,1339.7419019678082,1281.1903298544362
673.662869972953,1340.1069413577109,1279.7017478418084
674.3688130949215,1340.4612019336882,1278.4309787455936
675.0273844148558,1340.802224151274,1277.394315136488
675.5898266871668,1341.1280558558003,1276.5896858048218
676.0152025941375,1341.4352295077715,1276.0043486152076
676.2816571233154,1341.7230575215744,1275.624318606349
676.3941281541373,1341.9886923835675,1275.4388972517686
676.380938323748,1342.2217087852364,1275.440857501855
676.2815483241934,1342.4114463227866,1275.6241911179234
676.1324055556661,1342.555349378313,1275.9834971632176
675.9578473680864,1342.6552083418835,1276.5119340083986
675.7715500898425,1342.70480141664,1277.1939642203176
675.583443574637,1342.6854330951664,1278.0033119020861
675.3993722575094,1342.57771021156,1278.910128594034
675.2176317520517,1342.3757635616332,1279.8831347329308
675.035714487034,1342.0935816196582,1280.8862799668245
674.8595094894521,1341.7626644323236,1281.8828553441667
674.7040002670626,1341.4176271782253,1282.8467703613894
674.5904096512729,1341.0812883611932,1283.772136795849
674.5417754035685,1340.761733105064,1284.6716176425841
674.5751321687434,1340.4533842832286,1285.5622402055947
674.6933936539712,1340.1384987933504,1286.4503411265869
674.8789162540113,1339.7933507090718,1287.3248568965087
675.0952992765385,1339.3942767255267,1288.1547899888565
675.3044544429748,1338.9180872329175,1288.8887976203641
675.4868229137237,1338.345935701563,1289.470213375761
675.6479704569008,1337.6769334611522,1289.8661959483102
675.8125614864782,1336.9339823988073,1290.0867055741194
676.0132940781473,1336.1489437509526,1290.18005951453
676.2778960192934,1335.340768874457,1290.2095726445475
676.6166319960848,1334.5077772988125,1290.224262368366
677.0151367861263,1333.637773966979,1290.239257197824
677.4389861852283,1332.717783396259,1290.2346164250553
677.8470691266509,1331.7402141683779,1290.1716333363572
678.2040398471311,1330.7156822347765,1290.0152805998546
678.4904262494147,1329.675984801158,1289.7459058998422
678.7062629501249,1328.658230848615,1289.356101873625
678.8648522226778,1327.6931176474188,1288.8456391836207
678.9849278509055,1326.8089432961012,1288.2231349517908
679.0845653106435,1326.0378016527868,1287.5069692645648
679.1787988641798,1325.4111559570708,1286.7199123575767
679.2816757483085,1324.9505051396081,1285.8854160028654
679.4057342306119,1324.6645923870146,1285.0308382134976
679.5591623217399,1324.5500922636347,1284.1917290880629
679.7422563257286,1324.5891863790712,1283.4108574941645
679.9443538494858,1324.750290880903,1282.733947944797
680.1476751956441,1324.997474804333,1282.2036601038244
680.3312966123864,1325.3015886425474,1281.849707603328
680.4670880777486,1325.6444148522369,1281.6820546077624
680.5194930813686,1326.0161066099943,1281.6935189738183
680.4579768313457,1326.411327464292,1281.8659930225017
680.2722218361426,1326.825721584871,1282.1779466049823
679.9768020320655,1327.2547445584119,1282.6137584190806
679.604585237477,1327.6982013328695,1283.1655097061719
679.1979394160827,1328.1633436664897,1283.824541396814
678.8000891879133,1328.6603170006053,1284.575716247382
678.4464868299567,1329.199330350598,1285.3990131562991
678.160325574378,1329.7931647676792,1286.2724547540902
677.9500398746163,1330.4570353971071,1287.1760678318567
677.8115532071242,1331.2028048863142,1288.0940698617974
677.7395934632744,1332.029955601964,1289.0114111524624
677.7325725469818,1332.9260827326355,1289.9128273542044
677.7863672423371,1333.8793875159017,1290.7890391457793
677.893956709464,1334.87963616071,1291.6424446888323
678.0497937296064,1335.911091342517,1292.4873136286867
678.2495141552142,1336.9616226557714,1293.3446991904761
678.4883601183697,1338.0312540072457,1294.233215698701
678.7569268646271,1339.1194242292388,1295.1592755367883
679.0334992435583,1340.2118418185603,1296.1095642274922
679.2871643333285,1341.2827612253016,1297.0468757396725
679.4951877679281,1342.3006764306822,1297.9165774167902
679.6545219907257,1343.2385808336537,1298.6690391191473
679.7793282042284,1344.0956866889346,1299.2818393440207
679.8959222601543,1344.9070881351556,1299.7618007102858
680.0354017473283,1345.7223567867718,1300.1308796929734
680.2179430257496,1346.5735294147494,1300.406405825883
680.4395379208921,1347.46037933498,1300.5844635597362
680.6741311888818,1348.355847845794,1300.6390755024584
680.8846560175197,1349.211368224609,1300.5302362356726
681.0341290442436,1349.9550457728346,1300.2068147184293
681.0978992042773,1350.5043465193185,1299.614392022289
681.0737910737564,1350.7957868514607,1298.717346958224
680.9840965974332,1350.806480598847,1297.5180752014498
680.8692332355822,1350.5565536258243,1296.0556683867924
680.7760027214933,1350.099709026773,1294.3920156134805
680.7441526265196,1349.5093166714505,1292.6012232032888
680.796805378818,1348.8617996061762,1290.7656702523852
680.9401832799009,1348.2193716117695,1288.9711072598286
681.1671055128979,1347.6174228908258,1287.2950673141868
681.4531356071482,1347.0619582184681,1285.7937133918147
681.7524124951144,1346.5409629283267,1284.4947817980274
682.0067052985761,1346.0427876628753,1283.399452073635
682.159080389136,1345.5647257910405,1282.4904275307374
682.1589880889044,1345.1095912787819,1281.7424597820652
681.967284783728,1344.6835226785633,1281.1319531356432
681.5723391925625,1344.2962347132839,1280.641574654533
681.0037211357331,1343.9556949974792,1280.2621555791413
680.3228924820943,1343.6617762881526,1279.994464452245
679.5960341416005,1343.4068872936907,1279.846809932214
678.8722528202028,1343.180759719307,1279.8294681570321
678.1781893876546,1342.9741326429205,1279.9495872125992
677.5213139985059,1342.7777535720215,1280.2027689635931
676.893550359656,1342.5797960871998,1280.5661881137266
676.2750742497154,1342.3708513621307,1281.0067102879061
675.6437700980499,1342.1482033320335,1281.4959000161437
674.9910026400258,1341.9051810180722,1282.0137602894847
674.3291523390603,1341.6231599879484,1282.548466954897
673.6834859524704,1341.2858832319655,1283.1019597293634
673.0799418695397,1340.8940872192293,1283.687464889122
672.5366823998761,1340.4607450327069,1284.3129137949302
672.0614803183388,1340.0014541363435,1284.9649780741402
671.6551605005943,1339.5301733706444,1285.6086625255894
671.3158883734454,1339.05959592316,1286.2040798647636
671.0424670465871,1338.6027232139506,1286.7256615572414
670.8355783585098,1338.1677839122435,1287.172103261304
670.6962178173393,1337.7528361784823,1287.5666086016915
670.6260002613014,1337.3510830925131,1287.9462501503933
670.6267857734367,1336.9575850723559,1288.3422956028783
670.6945556498262,1336.5639896652197,1288.7631622450035
670.8136350256508,1336.1521068661295,1289.1931668401894
670.9584874678978,1335.701910791046,1289.60668100207
671.1026902793807,1335.2056250681392,1289.9826405139402
671.2275672122809,1334.6735067354011,1290.306589833445
671.3234694529842,1334.1306451833009,1290.561767706747
671.3881037557173,1333.6109802066178,1290.7224646577988
671.4270299187193,1333.1517942737246,1290.7606712179568
671.4501255455804,1332.7928406274966,1290.6588284427285
671.4648793528586,1332.5762072084094,1290.4128971125645
671.4796577641898,1332.5349939785733,1290.0289540914687
671.5137232072708,1332.683524121402,1289.525836608364
671.5957739593043,1333.0229138902184,1288.9379588749687
671.7483862824374,1333.5457551644986,1288.308957503479
671.9734189821662,1334.2323383934086,1287.6819209917446
672.2522985643573,1335.050548946665,1287.0932312691625
672.5583731520993,1335.964059296233,1286.571077992295
672.8665739906936,1336.9434962976636,1286.136173461309
673.1562459557844,1337.9729932689293,1285.7998713469062
673.4109572956759,1339.0467499573074,1285.5615120845982
673.6149792369998,1340.1617745028807,1285.4108592345608
673.7532533270122,1341.3161925303218,1285.3341991715604
673.8223678051698,1342.5100592869403,1285.3179875375072
673.8403268220379,1343.7454651931434,1285.3479741863566
673.8402407147912,1345.0265558043463,1285.4077413593207
673.8547421980113,1346.3577128478487,1285.4782959904126
673.9062422507808,1347.7440205402493,1285.5375786110135
674.0071528365331,1349.1938695124873,1285.5600979251199
674.16267038095,1350.7148088182955,1285.5175373428701
674.3690435377721,1352.3079069174598,1285.3867661655227
674.6147705130551,1353.970093350807,1285.1628390714159
674.890481296963,1355.696130985725,1284.8584856769016
675.1945812882266,1357.4744801818754,1284.4908469865243
675.5287441393366,1359.285170947084,1284.078262343875
675.894513084274,1361.1033744250813,1283.646786600163
676.2918886408823,1362.9039634763005,1283.2252819942494
676.7108239154602,1364.6631282946792,1282.8295731224196
677.1267749846887,1366.3576380603274,1282.4534970508114
677.5138654552917,1367.9675921770315,1282.0752778229225
677.8582049052495,1369.4812723924028,1281.6729665382386
678.1581347959498,1370.8919993915126,1281.234262846331
678.4225335457212,1372.1933894465292,1280.758653731109
678.6707750695747,1373.3835112205522,1280.2629900635318
678.9301672061601,1374.4738193702312,1279.7873102498484
679.227452394475,1375.4934032756562,1279.3849107031083
679.5736500959214,1376.4774317580072,1279.0983167630702
679.9557498843467,1377.4474476843463,1278.9442278827757
680.3446269014609,1378.4013980106495,1278.915457660521
680.7084022137454,1379.315029477393,1278.985194204973
681.0228886966752,1380.152348501164,1279.110675162122
681.2786509061739,1380.8785007172546,1279.2444673847099
681.4801263613715,1381.4653346676957,1279.3475699431451
681.6394145906388,1381.8908238902359,1279.3940045279196
681.7759476615765,1382.140276646636,1279.3702543429692
681.9216438493988,1382.214969068738,1279.2782170851392
682.1173247883697,1382.1396656163834,1279.138654613988
682.3940128161,1381.9559604250344,1278.9846935242379
682.7557180671398,1381.705698472818,1278.846783882927
683.1825002903284,1381.4175518783366,1278.7432988397766
683.645351048639,1381.1073923510319,1278.6851617678747
684.1142322501412,1380.789969203706,1278.6835380116058
684.5613728236514,1380.4799627027205,1278.7460030995528
684.9665252857912,1380.1774417731003,1278.8693044537317
685.317794927186,1379.8643930573542,1279.0434792940516
685.6096051466261,1379.5218292662003,1279.2621677901677
685.8460514783128,1379.1433071741426,1279.5263465046223
686.0414632801269,1378.7295289417025,1279.8386574290837
686.2098137672983,1378.2752457776035,1280.1957820748398
686.3550190734533,1377.7656333485697,1280.5877069576372
686.4746800469117,1377.1849090412043,1281.0012736015603
686.5701033655445,1376.5230545214085,1281.4203780942057
686.6492436733857,1375.774567691261,1281.8287461443501
686.7220584617389,1374.9387832330005,1282.2182614006342
686.7969383786262,1374.022772556652,1282.5894806404501
686.883252647873,1373.0421112451593,1282.9448953320687
686.9938071221619,1372.0207568984224,1283.2870617608671
687.1408011707896,1370.9875125733336,1283.618592795206
687.3293228195771,1369.9648229129907,1283.936397137143
687.553772782948,1368.9570062725434,1284.2209994250015
687.8040695049642,1367.9546535333977,1284.4344639081355
688.0817764557963,1366.957291557683,1284.5413495896337
688.4082989750844,1365.9888188955467,1284.5410461001375
688.8132796115552,1365.0846969078902,1284.484566728272
689.3153640733411,1364.2657422067164,1284.4618853691509
689.9128293690868,1363.5256705300956,1284.5668093796062
690.5859470650705,1362.8333953702431,1284.8583138364247
691.3031992019191,1362.1410554517029,1285.3357760906192
692.0275953532748,1361.4011571990618,1285.9462317048844
692.7219732649157,1360.5838848933354,1286.6208736674212
693.3525785902813,1359.6790801930354,1287.3048450385368
693.8957810230021,1358.6936304353135,1287.9631466633673
694.347525163022,1357.6540258232978,1288.577060986347
694.7250430106624,1356.5982108126543,1289.1413492760068
695.0609639912623,1355.5580128957083,1289.6642079624935
695.3944061914281,1354.556608987652,1290.1645496249405
695.7574914246399,1353.6161360510532,1290.6583976081251
696.1647068314211,1352.7559523020384,1291.1465569714733
696.6112004215822,1351.989601908591,1291.6210993960099
697.0746008142924,1351.328223334942,1292.0781639582524
697.5235488743766,1350.7829291732583,1292.51736834516
697.9345937557708,1350.3672078229424,1292.935468216167
698.2989132064879,1350.097658482791,1293.3271914894717
698.6146321922837,1349.985555976682,1293.689981505568
698.8811076679193,1350.0325400084428,1294.027195559257
699.0976803386128,1350.2370113091808,1294.345807637022
699.2649854183052,1350.591972194084,1294.6485497805413
699.3894500704673,1351.0782035145646,1294.9332720991802
699.4824106344236,1351.6725782858778,1295.2040108304695
699.5516297928377,1352.3595945297006,1295.4765646991711
699.5968304846934,1353.1267711689795,1295.768597776568
699.6146737897963,1353.9531819698666,1296.0869970525491
699.6035132154454,1354.8095356772646,1296.4250783987866
699.5623571246891,1355.6739878855155,1296.7704534982895
699.492305545657,1356.5474125174699,1297.1178267183495
699.4010279975964,1357.4445881613572,1297.4721676776571
699.2995180096921,1358.3719804237026,1297.8381240799974
699.1953517818404,1359.322747658232,1298.2143345948405
699.0947798572045,1360.287422980571,1298.5992575225787
699.0065877251742,1361.2606608429996,1298.994134097453
698.9382468445627,1362.2386832425805,1299.3994626673457
698.8917887887415,1363.2151452651292,1299.8122775917745
698.8653396654256,1364.1815770845049,1300.2272169204493
698.8590490803426,1365.1312252128432,1300.641959340769
698.8791977602201,1366.0638362892482,1301.061818295302
698.9311934560376,1366.9849799726928,1301.4968872664715
699.0084660638543,1367.8952642465356,1301.953183401101
699.090472956763,1368.7807672741733,1302.421466349289
699.1505641184116,1369.61743980606,1302.8707335328845
699.1695284138073,1370.3837112377546,1303.2561736923521
699.1452716369437,1371.070915408523,1303.5398232649607
699.0909596846142,1371.6894823552104,1303.7087303803796
699.0248914607852,1372.268095215085,1303.7770162578581
698.9611163275443,1372.8426694762013,1303.7725388216738
698.9072315083597,1373.4398199997026,1303.719102441764
698.8626404276189,1374.0664607817314,1303.6234026328848
698.812629714375,1374.7107644606822,1303.4722258627703
698.7301401906922,1375.3456601452901,1303.2400979949748
698.5892625142023,1375.9325816519788,1302.8983647512264
698.3745261604852,1376.4336741029972,1302.419444345119
698.0777841661483,1376.824847543388,1301.7791682382217
697.6937590517409,1377.0937718378282,1300.9546927088559
697.2185133446047,1377.2293795047724,1299.9188923301717
696.6494894378503,1377.2239075798698,1298.6468035220673
695.9933776582728,1377.0853093814624,1297.132989045266
695.2753144320457,1376.837659532972,1295.4012463280865
694.5366231294986,1376.507909039406,1293.5007282808656
693.8230909609239,1376.1173937202161,1291.4961051991506
693.1702545736316,1375.684879787393,1289.462341158011
692.5929455414033,1375.2325761315271,1287.4793314303188
692.0843921340667,1374.7864537431774,1285.6174874424935
691.6181611525731,1374.3690984301747,1283.9260151137887
691.1497865110186,1373.9932405565664,1282.431807158742
690.6270389747082,1373.6634056486707,1281.141395640391
690.0055005713323,1373.3785438441232,1280.046576155593
689.2555141836108,1373.1295133165006,1279.1359530236293
688.3632413032972,1372.8978052291186,1278.4037658073296
687.3351616330292,1372.6645010135817,1277.8517647902481
686.199937871385,1372.424435191892,1277.4840676322576
685.0014921446102,1372.1871263786302,1277.2971177333743
683.7908731389427,1371.9634667831158,1277.2789247525113
682.619604297106,1371.7535277936154,1277.421318389957
681.5269553919466,1371.5433639121857,1277.7257226248805
680.5271989908433,1371.3104561630514,1278.1932843150116
679.6121055505461,1371.0317306911925,1278.8131937562143
678.7648444266781,1370.6882764095078,1279.5598671628345
677.9717980116914,1370.2679950091433,1280.3985032359967
677.2262569530342,1369.7721515806843,1281.2991060368624
676.5260545408956,1369.2205165376743,1282.2518506336683
675.8750304957279,1368.6414580247465,1283.2687495575926
675.2877739365563,1368.0544759449713,1284.3687647866766
674.785954206923,1367.462952558212,1285.5586104728013
674.3882292996061,1366.860344457302,1286.8246954831802
674.1039140988961,1366.2414908610822,1288.136040388405
673.9326245757738,1365.6049429952332,1289.448784693283
673.8687733583671,1364.9474486845809,1290.717950774411
673.9069525416659,1364.2664384679933,1291.9152031500917
674.0426412851417,1363.565893676971,1293.0371321225991
674.2701293123262,1362.8535589936216,1294.1012039495095
674.5807267022268,1362.1364821466252,1295.1323120525356
674.962191577051,1361.4175749019635,1296.1435125911648
675.4000860975545,1360.6902491121596,1297.1234206242498
675.8774702700368,1359.9395827659118,1298.037031974189
676.3752897457671,1359.1519051645284,1298.832915229788
676.8777221903083,1358.3251425759113,1299.4546441921464
677.3740671787477,1357.473071050863,1299.8558886901876
677.8559900606315,1356.621166200656,1300.0076208899916
678.3202936540782,1355.8040023190163,1299.897193559459
678.7732854689398,1355.0670668125038,1299.5298577788249
679.229228253726,1354.4571990813586,1298.9311067583342
679.7059680248219,1354.0020159941944,1298.1435817906201
680.2200507498483,1353.7020079025544,1297.2190499883934
680.7818150529242,1353.5419133456123,1296.2126580167849
681.3918268008504,1353.5040747995063,1295.1843193432333
682.0411577884142,1353.5703164714719,1294.1971242126417
682.7152293320431,1353.7163114561865,1293.3052879580728
683.3963045522833,1353.9133553602273,1292.5441582139667
684.0622359990648,1354.1424379881175,1291.9325212068043
684.6830369828883,1354.4045014237743,1291.4816999563645
685.2214934439671,1354.7127486179654,1291.199493502033
685.6428789824544,1355.0798375879415,1291.084339700255
685.9286924708896,1355.515678322627,1291.1202243985008
686.0854825084632,1356.0298374055715,1291.2815935842564
686.1430055872318,1356.6322313964724,1291.5438186635192
686.1408071847441,1357.3314793487484,1291.8867856930876
686.1136879234728,1358.1324503172318,1292.289428449224
686.0904338321079,1359.0396814034946,1292.7289765593791
686.0990999943357,1360.059350675601,1293.1848471865933
686.1613583042052,1361.19360882752,1293.637814683524
686.2822521258327,1362.4383024447636,1294.071494589244
686.4525478741862,1363.7831378316755,1294.4772584807604
686.6592864966727,1365.209336749364,1294.8503209928274
686.8896734021691,1366.6897812614716,1295.1781708440863
687.1295114985522,1368.1935636603823,1295.4382594612841
687.3680916922506,1369.6951766462098,1295.610980002193
687.6083702853014,1371.183070962425,1295.6929819285474
687.8662533435897,1372.6588136837956,1295.6988584453454
688.154300422421,1374.1308350296745,1295.6549300969627
688.4676241545164,1375.6087397457577,1295.5907367116465
688.78628025702,1377.0928988247792,1295.5258510497704
689.0885477657649,1378.5671222122462,1295.4572024178156
689.3613280372424,1380.0099234550262,1295.3618035460727
689.5999115388796,1381.412302343196,1295.211655802151
689.8030128141307,1382.783998151737,1294.986564074975
689.9723917879035,1384.1499414817183,1294.6787678073624
690.1150804775192,1385.5419426189342,1294.2884040515232
690.2407687613847,1386.987562047275,1293.8160759393545
690.354700813681,1388.4955180719087,1293.256965877351
690.4565060551142,1390.0413511029265,1292.5963950109451
690.5458047639694,1391.5684516331105,1291.8142488320927
690.6222655243391,1393.0083008597574,1290.8977437356336
690.6829815831716,1394.3018055959378,1289.8467574288297
690.7264883099424,1395.4058015292865,1288.6684552788101
690.7556662406628,1396.29271981031,1287.3722995999706
690.7747325854441,1396.9560917483861,1285.9683625074174
690.787442333155,1397.4156426058287,1284.4710723563771
690.7986763854866,1397.7151337514772,1282.9101071496414
690.8160604100773,1397.9120173900687,1281.3313007901165
690.8463177092372,1398.0601767608982,1279.7811642778452
690.8878481442536,1398.1994608841292,1278.2990814467014
690.9314469315432,1398.360516643578,1276.9249454632384
690.9663141105755,1398.568407685573,1275.7000495897846
690.9780445135038,1398.835776482075,1274.6541273548569
690.9469528799395,1399.1623466260712,1273.7975355844233
690.8549009203346,1399.5421663192694,1273.125735391924
690.688089916425,1399.963784417561,1272.6267758996976
690.4377753253702,1400.407287741882,1272.2901344574493
690.1086301668671,1400.849930757535,1272.1155957920992
689.7213894477933,1401.2749836439887,1272.1122899112777
689.3022254330576,1401.6696115438224,1272.285225800157
688.8728695739183,1402.0176377219805,1272.6253354666565
688.4464387478852,1402.301121095024,1273.115739928408
688.0240370544735,1402.5062061268836,1273.742894011613
687.5979154502436,1402.6242029103544,1274.4983573695495
687.160873784097,1402.6492227680023,1275.373635563943
686.7094415260008,1402.5787079892132,1276.3547289748717
686.2425191044972,1402.4171987430461,1277.419160299465
685.7640577478969,1402.1811312643863,1278.5421947225345
685.2861747585097,1401.9007787375838,1279.7093400767583
684.827018310791,1401.6106251998733,1280.9187625188947
684.4046124231597,1401.3352352994054,1282.174006860912
684.0318408222693,1401.0848960312283,1283.4777391183452
683.7150932253574,1400.8563569552107,1284.8233530428097
683.4510825733577,1400.6314294236543,1286.183742475335
683.2242214017522,1400.3801479395418,1287.5071369865989
683.0165349113995,1400.0763892084099,1288.726349788757
682.822758668538,1399.7175447688505,1289.7828162796768
682.6536158347601,1399.3309980016172,1290.656721783812
682.5292522874518,1398.9625924257307,1291.383179054228
682.4728299134297,1398.6524347965467,1292.0388048786444
682.5041657305053,1398.410294036022,1292.7005125315582
682.6302273885326,1398.2103336698146,1293.404592862789
682.8379277468358,1398.0102658807648,1294.135824103916
683.0957140130454,1397.777286528963,1294.8448587065325
683.3608459816976,1397.5028533036534,1295.4763351439083
683.5877087923542,1397.1982348168892,1295.9889476856588
683.7388248537741,1396.8774567900357,1296.3563029872735
683.7973134423883,1396.551714979744,1296.5612348722927
683.7718728474669,1396.2395726599082,1296.5963007631424
683.6899978023336,1395.970184643108,1296.4658923042791
683.5865778308604,1395.7750609138866,1296.1852770170187
683.495655618697,1395.6792469236675,1295.7748318466406
683.4450606094688,1395.6949783299642,1295.2529191212484
683.4526748709583,1395.8213823410629,1294.6397747445742
683.5252644269723,1396.0503159312123,1293.9683428285714
683.657067507359,1396.3701807682376,1293.2809324389195
683.8281921169194,1396.7696393779927,1292.617972857493
684.0100959196922,1397.2458750015912,1292.0189760008302
684.1782463109953,1397.8046758105017,1291.5243678170007
684.3174481067916,1398.4464021735823,1291.164923671582
684.409824941781,1399.159221265493,1290.9520483169933
684.4222761234449,1399.9336854150017,1290.8783900443318
684.3165826999565,1400.7765996583842,1290.9237733121367
684.0730753035539,1401.7020552439935,1291.0627971743968
683.7022392347932,1402.714216338959,1291.2703993346438
683.2387712036384,1403.8079920435598,1291.5231589905488
682.7282531194842,1404.9853922457346,1291.8023953761826
682.2150302318073,1406.260199955776,1292.0977197452726
681.7322259429858,1407.6419017305395,1292.399519826185
681.2923041196375,1409.1247769139813,1292.6867510577476
680.8863718278175,1410.6960422714617,1292.9296446484102
680.4978027002903,1412.3450456011094,1293.102972720661
680.115961533953,1414.0646933175447,1293.1929507995405
679.7369347217584,1415.8510608815855,1293.1989889722217
679.3580681466339,1417.7013760781028,1293.1327450739154
678.9767561364724,1419.611838986414,1293.0091416269743
678.5925956795526,1421.5782411358277,1292.8336810268534
678.2072451527383,1423.5967848908392,1292.5973353456648
677.8204104460788,1425.660463961944,1292.2805551985866
677.4246126278838,1427.7510505182756,1291.856558932746
677.0040059717286,1429.8354438420834,1291.2917386901295
676.5408878558725,1431.8735435708745,1290.5539537812074
676.0262307171154,1433.831169428427,1289.6287201251946
675.4669848553528,1435.6857053289148,1288.5278037877483
674.8853403961067,1437.4210512875736,1287.2856557262621
674.30929443156,1439.0176524003764,1285.9488081908326
673.7606407580872,1440.4485408183743,1284.5591876703447
673.246909183786,1441.6898320375321,1283.140111115446
672.7592040433221,1442.7341494138802,1281.694980744239
672.2790183974589,1443.5901215792994,1280.2182856755835
671.7921119726861,1444.2737998535022,1278.71171604501
671.2998374921048,1444.8033582299317,1277.1936548182164
670.8197605651782,1445.1968332395418,1275.6974281767964
670.3766889747546,1445.4736398143211,1274.2647056630751
669.9965154789827,1445.6583544450766,1272.9431470024347
669.7044854456144,1445.776999521913,1271.787516839252
669.5172126229517,1445.8461210936136,1270.8511679578355
669.4334969849124,1445.8685130768686,1270.1680758178707
669.4349972343447,1445.8402293470149,1269.7466680324533
669.4950304197341,1445.757240121929,1269.5826158686302
669.5866370303162,1445.616049877625,1269.672216318759
669.683192338778,1445.4137923249123,1270.014202616386
669.7552901251316,1445.1476366492052,1270.6035988400727
669.7732044415756,1444.8138850196428,1271.4248291751721
669.7150663391865,1444.4110358848484,1272.4522167769992
669.5709869142653,1443.943172493412,1273.660170770459
669.3401067217815,1443.4174504104694,1275.0314728495032
669.0277550002021,1442.8369190449523,1276.550456141392
668.6443180994695,1442.1960519167335,1278.190369918255
668.2025885981401,1441.4839337215365,1279.9154675859681
667.7159421927947,1440.6922599742566,1281.6938094207076
667.197800118763,1439.8196218684286,1283.501776799542
666.6588941591717,1438.8681661856028,1285.3179504280922
666.1051761311099,1437.8416253428284,1287.1158975847006
665.5388644179935,1436.751106193145,1288.865614397302
664.9621357178626,1435.6182900539575,1290.5457174805579
664.3818832234492,1434.4685610549247,1292.1510922194004
663.8081631836097,1433.3226241332902,1293.6871000411845
663.2480261144954,1432.191240870869,1295.160135481869
662.7034175599215,1431.070105759236,1296.5700167569942
662.1720982978462,1429.9370152940069,1297.901668283736
661.6482786952479,1428.7574568451846,1299.1166595530085
661.1232435095651,1427.5048419733391,1300.1600024502736
660.590080333216,1426.1833547796302,1300.9880192348116
660.0521690113344,1424.8288107460723,1301.5881089766929
659.524988944252,1423.4869800253798,1301.9769845343699
659.0305199757913,1422.1900246868322,1302.1941211223755
658.5932004390668,1420.9476360772837,1302.2892683240161
658.2355392825082,1419.750374837448,1302.2986127954564
657.9679185439768,1418.5784687288992,1302.2273782700634
657.7781662679143,1417.4166882440622,1302.0509316292923
657.6335379662437,1416.2624094490675,1301.7289737849158
657.4955690321896,1415.1205123902987,1301.2263835000167
657.3338253223034,1413.9998254627512,1300.5288811936477
657.1361326107204,1412.9137310744043,1299.6456497295553
656.9140819952921,1411.8795189080156,1298.6070248912126
656.693084243274,1410.9161691277254,1297.4583095900784
656.4945987121871,1410.0359217081302,1296.2472197393613
656.3277647772854,1409.235712541053,1295.0173759465367
656.1939744709554,1408.5034529564841,1293.8110778289006
656.0933769740022,1407.833630167499,1292.671323423057
656.0211779194373,1407.2334065820364,1291.639789350035
655.9630048832025,1406.715052061783,1290.750615023157
655.899695397886,1406.2901207726502,1290.023983184864
655.809277848485,1405.9718791797513,1289.4628743696803
655.6643556649636,1405.7749475271755,1289.0532195618343
655.4383187844221,1405.7142409439766,1288.7736890984672
655.1164703675884,1405.8071874624877,1288.608673564921
654.7030062700005,1406.0684890119326,1288.5465127670618
654.2228284710087,1406.5032793730984,1288.5688439218409
653.7130357635414,1407.1117698397259,1288.6512804088975
653.2066689798806,1407.893267695194,1288.7736886737682
652.724031060957,1408.8412656499058,1288.925684709318
652.2763810191552,1409.9420096051792,1289.1046498385958
651.8707177356895,1411.1790026164379,1289.3101061474829
651.5072535875036,1412.5377315516998,1289.538165004914
651.1756013131842,1414.0080576284024,1289.7787557415327
650.8586236166226,1415.5772050728347,1290.0130573592214
650.5405061558697,1417.2196947859436,1290.2121733828922
650.2125960833487,1418.9014323932615,1290.345658103861
649.8774122745998,1420.5941147368057,1290.3974279513463
649.5499162504002,1422.2841257599837,1290.3740684476322
649.2525893958343,1423.9710135928328,1290.2999378997795
649.0033869451631,1425.661217239256,1290.2071566219402
648.8052854828697,1427.3582316474701,1290.122594876476
648.6469840993905,1429.0487294375748,1290.0495469868745
648.5090844763433,1430.6987116576297,1289.9593258127784
648.3699799651762,1432.2670312377797,1289.8042404368
648.2131546525803,1433.7246785673137,1289.5394880178494
648.0334428789652,1435.0675698509967,1289.1425101430657
647.8415733878073,1436.3177217947477,1288.6234226669094
647.6657358559602,1437.5165570974061,1288.0193029253455
647.5413324709158,1438.711544377286,1287.3773922237413
647.4924477912806,1439.9368526906503,1286.738448056546
647.5203314990882,1441.2002363263475,1286.1244454362136
647.6038349515983,1442.482807745994,1285.5339299270672
647.7080021617717,1443.7468404555495,1284.946849498649
647.7935176774664,1444.946097429416,1284.3339354653983
647.8261844824285,1446.035318833549,1283.6649867048814
647.7898752810715,1446.9774118050639,1282.9127330490846
647.6921936282592,1447.7455300671522,1282.0568384658668
647.5575548863388,1448.3244169444256,1281.0933159734154
647.4171886475322,1448.7202078623786,1280.0393037863596
647.3008611633295,1448.9672373393666,1278.9261596068268
647.2343667441439,1449.1144412164517,1277.7898320965098
647.2397007519827,1449.202113928995,1276.665173030034
647.326698511134,1449.2513358834317,1275.5853306442277
647.4834003106953,1449.2687263878156,1274.585897059484
647.679699082809,1449.2552106650674,1273.7041296778639
647.8791330764072,1449.2101618317456,1272.9679740388951
648.045263430753,1449.1311533699688,1272.3894372560771
648.1407204633152,1449.0171009725213,1271.9714203742612
648.129314846232,1448.8727976444593,1271.7169890304483
647.986390091969,1448.7050850607973,1271.6302201521792
647.707708057061,1448.5161024762247,1271.7101748428736
647.3072476526324,1448.3039669722668,1271.9460857635218
646.8081717630691,1448.0660753961367,1272.3179894620355
646.2379697900903,1447.797664423143,1272.8027743027612
645.6270816433657,1447.4896486899922,1273.3833862680988
645.0016950748559,1447.1312657806368,1274.0537353497234
644.3754246549267,1446.71483787015,1274.8142346277964
643.7486666108504,1446.238009090329,1275.6616497227255
643.1101709866158,1445.7033543189073,1276.5814864931178
642.4386061466934,1445.1168167418389,1277.55191358106
641.7124857927746,1444.4870675628563,1278.5567476375988
640.9269402653267,1443.8239277194639,1279.5925211992235
640.1010207002064,1443.1318798733134,1280.66540531081
639.2692148117308,1442.4072572289451,1281.7841270133827
638.4677093171342,1441.6468726176054,1282.9500873264092
637.7234919339932,1440.8558842423379,1284.148044612331
637.05190233743,1440.046746335259,1285.3468627211103
636.4633776001716,1439.2372876875647,1286.5156113684834
635.969363639647,1438.448075093731,1287.6457410886476
635.5811512561427,1437.6922831428446,1288.7562129499072
635.3043528429442,1436.9622135115726,1289.8733351766623
635.1351222312799,1436.2273931905029,1291.0092195518605
635.0607000501291,1435.4500865320454,1292.1567479697414
635.0624267852173,1434.6013130761173,1293.2927952449222
635.120455755608,1433.6649635422502,1294.3840983370612
635.2182881422825,1432.6385482389314,1295.3968983734067
635.3460610575233,1431.533843904533,1296.3030692204447
635.5013394042992,1430.3695649674714,1297.0771480198148
635.686004270161,1429.1624648189854,1297.6933803344223
635.9035660569632,1427.9313891401935,1298.1325085313254
636.1591362327307,1426.7040025150459,1298.392163103191
636.4602618040025,1425.5091859319589,1298.4896976236998
636.8165504916034,1424.3657870146094,1298.4554748708363
637.2348222563438,1423.2832636151932,1298.3225403581212
637.7138092800221,1422.2701323216284,1298.1223772582484
638.2454418303026,1421.339328042981,1297.8867134141556
638.8179068382238,1420.507316469946,1297.6448366615818
639.415191680659,1419.7910261043883,1297.4199862058547
640.0190256055647,1419.2058741090902,1297.2323951915846
640.6122407167903,1418.7664408838511,1297.1008973823928
641.1760555345653,1418.4865128642048,1297.03837207933
641.6863976103372,1418.3726460011221,1297.0470177763457
642.1158392832274,1418.4203092364255,1297.1207098980756
642.4415480332217,1418.621904818994,1297.2542105313803
642.6544927991406,1418.9744799835569,1297.4472895314884
642.7590021544221,1419.4755389431407,1297.697335197505
642.7658048299895,1420.114517842051,1297.9939905426502
642.6894629691244,1420.874624868541,1298.3278985861089
642.5472881595024,1421.7449258936456,1298.6974977155
642.3552091799716,1422.7239208846934,1299.099107423649
642.1240646966195,1423.809645979468,1299.5185703012016
641.860889026086,1424.9932939549067,1299.936415741534
641.5719364680086,1426.259100290443,1300.331506854802
641.2614350976523,1427.583789936339,1300.6801012758049
640.9302345428744,1428.9410366877746,1300.9611949641283
640.5790687266265,1430.3129461293224,1301.1662818447496
640.2120791609158,1431.701601850023,1301.3053500088436
639.8376056657263,1433.1272883683575,1301.403887858012
639.4659241075102,1434.610882392772,1301.4908262836761
639.1014557637038,1436.1613989846942,1301.586279910921
638.7364301274604,1437.7703119881348,1301.6936710157267
638.3532318429677,1439.4017659313256,1301.792132131324
637.927690410931,1440.9980155760115,1301.8337423004264
637.434977461858,1442.5078022339878,1301.7569696449075
636.8656862363445,1443.9106346146075,1301.5144095989353
636.2366855508567,1445.2208064453753,1301.0962772222383
635.5829958097937,1446.4749252888312,1300.5324731571493
634.9442941338473,1447.710739509889,1299.8744278823613
634.3577147689296,1448.950764826972,1299.1712889173327
633.8490641183954,1450.1982834011665,1298.4563323670932
633.420088140788,1451.4423493241134,1297.746170122745
633.0454166578457,1452.6664815702702,1297.0385709588222
632.6855371953388,1453.8518299586817,1296.312281443474
632.3023536125916,1454.977534052979,1295.54130865008
631.8688073079163,1456.0296416487943,1294.7079213416685
631.3776777466044,1457.0090684954016,1293.8051545940223
630.8463579255518,1457.927776369963,1292.8392414690218
630.3105752265487,1458.800366736756,1291.8281749496628
629.8104825573336,1459.6375889745987,1290.793052493097
629.3788430124996,1460.442080410515,1289.751616596935
629.0360745151287,1461.207280936178,1288.7178485545815
628.7889617860818,1461.9204319679232,1287.705088292788
628.6314078160837,1462.5688513123312,1286.7305577263833
628.5475498547935,1463.1483888344746,1285.8188859743302
628.5165263681912,1463.6657335698612,1284.9989118365606
628.5162804261668,1464.1266288318795,1284.2944845130867
628.5250307832908,1464.5254949450984,1283.7199828607058
628.5253467341765,1464.856031326989,1283.2830333183524
628.5098246306422,1465.1258097711022,1282.9880260893083
628.4803706554299,1465.3483078497181,1282.8368005717557
628.4421192195038,1465.5272719113227,1282.8262983288744
628.4009630458132,1465.6574885342286,1282.9470846031816
628.3671077637574,1465.7335339228352,1283.187198797993
628.3556657760653,1465.751432514133,1283.5381746923165
628.380771403584,1465.704389920335,1283.997109241113
628.4507763427224,1465.5803353945741,1284.5633998096469
628.5667435059557,1465.3627493368265,1285.2330045357883
628.7221797373784,1465.0353002112874,1285.996143280068
628.9061452644992,1464.5964664001174,1286.8408836796
629.1100895787087,1464.0711648655285,1287.7610369289418
629.3332867484908,1463.4972567724544,1288.7638133463477
629.5830675524548,1462.9030508193903,1289.8672328418845
629.872041851354,1462.3005195860283,1291.0890512289395
630.2155786224783,1461.6880103969336,1292.4402499371015
630.6262250178214,1461.053904195378,1293.9220927563956
631.1031634146975,1460.3807878444416,1295.5157523483606
631.6286188571818,1459.6520483443692,1297.1720731611492
632.1787916267135,1458.8641423610036,1298.8258541735736
632.7388756274408,1458.0335145428319,1300.4260867712494
633.3086360556305,1457.188836245055,1301.946695529416
633.8950267517797,1456.3594520436716,1303.380462900215
634.5058064589509,1455.5658203627663,1304.734697435833
635.1544919323594,1454.8107741889605,1306.0222205632713
635.8608688606133,1454.0797791280113,1307.2487773273506
636.6358911227248,1453.3516024258931,1308.404371155296
637.4666517473318,1452.6089794579968,1309.456958583161
638.3187487370269,1451.8442966321663,1310.3588280935867
639.1531398989551,1451.0627467962681,1311.0658282826942
639.9423472418689,1450.2820050995847,1311.5475161231716
640.6767415184266,1449.5258612680004,1311.7859142130048
641.3620236681422,1448.8169752257131,1311.7757183341212
642.0124115754813,1448.1746076766094,1311.5253832340936
642.6447543114144,1447.6157146670357,1311.0548877854128
643.2782076902738,1447.1534251628038,1310.3925660493037
643.9357158718972,1446.7927950072099,1309.572761601956
644.6394117218714,1446.5329628771626,1308.6327527806304
645.4001390763136,1446.372541816946,1307.6106891891486
646.2114933882066,1446.3082933401654,1306.547849176483
647.0571172546905,1446.3347049148329,1305.4914566723469
647.9178361536113,1446.4474044234576,1304.4883748379543
648.764726260606,1446.6420402392428,1303.5702217425992
649.5557076908103,1446.9130627391874,1302.7470076534507
650.2470563952102,1447.2559346015269,1302.0149637865093
650.803899408443,1447.6666908897942,1301.3673104328566
651.2041857802437,1448.142880156278,1300.800725730082
651.441591290512,1448.6909988267637,1300.3142098129679
651.5254649812787,1449.3278786225471,1299.9059177629094
651.4778114135186,1450.069177934306,1299.574748733418
651.3296072609007,1450.9234748864842,1299.320436101542
651.1171124516167,1451.8985562237222,1299.139898544462
650.8776685120819,1453.0038152257616,1299.028216845537
650.6420183599836,1454.2452909676774,1298.9826152508601
650.4257344504554,1455.6170056740823,1298.999222175722
650.2255905060742,1457.0963663390203,1299.0693548683914
650.023391091265,1458.6550980684408,1299.1829674434564
649.7980372657822,1460.2698065457707,1299.3281313052964
649.5389284700246,1461.918452486737,1299.4880986454098
649.2506484620816,1463.5795887905024,1299.6484610028276
648.9486034660301,1465.2364413551152,1299.8047321290735
648.6510302682537,1466.8757157618838,1299.958707825245
648.3705632794405,1468.487781471418,1300.1106980747597
648.110058104806,1470.0645218134678,1300.251058769688
647.8657223161968,1471.5871312894158,1300.35083101981
647.630972258585,1473.0230969213624,1300.3620292418254
647.3970266946073,1474.3441039793952,1300.2337618121023
647.1554294937248,1475.5469510744801,1299.9361285249402
646.9030898783228,1476.6605267258415,1299.4774445476528
646.6435615248349,1477.7360368281013,1298.9001178623964
646.3823740812165,1478.825018795676,1298.256243083271
646.1195960389842,1479.9539415141876,1297.5851974294128
645.8455776641376,1481.1077864329386,1296.9044623796035
645.5461216411891,1482.2328552487659,1296.2062495811774
645.2111559145237,1483.254750430285,1295.4638381268167
644.8364988825532,1484.0987422927064,1294.6500167630982
644.4205340515002,1484.7118017650516,1293.751459992376
643.9615796925626,1485.081027093915,1292.7709674636797
643.4605764749803,1485.2298131282855,1291.722871892729
642.9285755295601,1485.1990383768948,1290.6287588050207
642.3912472395307,1485.035159258975,1289.5168181213248
641.8860489706886,1484.7848476901693,1288.4187239990338
641.452299630712,1484.48971500911,1287.3667278084054
641.118085686035,1484.18336675812,1286.3965152824744
640.8916099474854,1483.8910960553917,1285.5453667318486
640.7606153712937,1483.6281837307022,1284.845975048337
640.6984723398753,1483.3975308717127,1284.3231318172006
640.6708879276586,1483.19197709373,1283.986914467782
640.6365856177121,1483.0025701289906,1283.8290842106
640.5488922535367,1482.8272955461243,1283.8339586299492
640.3670626629324,1482.6732674947411,1283.9881903663259
640.0688884630088,1482.550466052323,1284.2769434447919
639.6542937914319,1482.4617166303337,1284.679944056435
639.1415939532121,1482.3965488908013,1285.175903617746
638.5605885185432,1482.334150783917,1285.747346077164
637.9444117957407,1482.2534536993112,1286.3812691817357
637.3236193410214,1482.13910844011,1287.069441220411
636.7225565285553,1481.977046610692,1287.8097755147155
636.1547827594211,1481.7490686092171,1288.605512626116
635.6199070282596,1481.4345866564986,1289.4634033099471
635.1054129476165,1481.0160095394901,1290.3940207676656
634.5930775220611,1480.4806575998462,1291.4113648356597
634.0681258725101,1479.8196827534723,1292.527034426289
633.5261042265411,1479.033548768651,1293.7401716828772
632.9742911572787,1478.1392881608056,1295.0350894756002
632.4309036713556,1477.1614869180037,1296.3882934770184
631.9204065234552,1476.1186097816253,1297.767000199246
631.4620244522717,1475.0309951974086,1299.121407938502
631.063260505569,1473.9369283657911,1300.3928839903153
630.7285447094189,1472.889558876246,1301.5368132092267
630.4693611973671,1471.938490709719,1302.5391098013017
630.3034365658066,1471.1119807433067,1303.415253292051
630.2538952878796,1470.4085662245075,1304.1964840391092
630.350258685454,1469.8007116275112,1304.913175853386
630.61781985893,1469.2458518319563,1305.5841092584058
631.060794338755,1468.701456283124,1306.213629957193
631.6570535961014,1468.1379512900983,1306.7911844962339
632.367965196752,1467.5343447539167,1307.2917829517098
633.1510215846296,1466.8667663735578,1307.6813365326095
633.9663967251753,1466.1163371933476,1307.928414444886
634.7822994616087,1465.2834567773732,1308.0157707040069
635.5817352439536,1464.3844430280974,1307.9404938298342
636.3642620190464,1463.4394129861473,1307.7075130614985
637.1404234620438,1462.4689687046468,1307.3281014946488
637.926603486778,1461.500449396824,1306.8188973613562
638.743147586765,1460.5698163788247,1306.198165924879
639.6083546056892,1459.7135055586327,1305.4850998190132
640.532526985026,1458.9625910447207,1304.7041136273979
641.520072715214,1458.3431326084851,1303.8908402227262
642.5712426511197,1457.873129001663,1303.0905342755864
643.6795228829735,1457.5573492435128,1302.3477370065427
644.8318969048635,1457.3889516857992,1301.6995416297896
646.0077931875858,1457.3574618444222,1301.1747944781441
647.1721826525085,1457.4559537466207,1300.7921425142003
648.2769399474851,1457.6818449250798,1300.5581596930954
649.2750536101979,1458.0311093607618,1300.470411568975
650.1325232475665,1458.4927478980842,1300.5234526252375
650.8309897689928,1459.0506143199477,1300.7113435592712
651.3645569459287,1459.6916500054626,1301.025312240793
651.7391068108557,1460.4131022585593,1301.4529814649848
651.9783292691329,1461.2179231907846,1301.980478005129
652.1219246145436,1462.1036173196944,1302.5928647235835
652.2108708668964,1463.0636112124118,1303.2745279427593
652.2804865986056,1464.0947168874768,1304.0082332113077
652.3648213469789,1465.1952524533892,1304.7715851005198
652.4953111380867,1466.3581677305547,1305.5390839963502
652.6934176711666,1467.5699923929371,1306.2899660003693
652.9661233790426,1468.8220083435247,1307.010274999626
653.3061920562734,1470.11838050221,1307.6851774183895
653.6981091866734,1471.4616693543562,1308.2943110105205
654.1271068510481,1472.8351671714724,1308.8185553493774
654.5831089321074,1474.2128850088916,1309.2480750414438
655.0594317704787,1475.585844471409,1309.586021590381
655.5533257097896,1476.969484516609,1309.850156385549
656.0661383575399,1478.385127838324,1310.0674741336024
656.5989927285689,1479.8368113678996,1310.2610812346832
657.1475981792546,1481.3021359121635,1310.4374976703102
657.6984784899937,1482.7413944015464,1310.5806846446617
658.2275532600815,1484.1142219550354,1310.6550506291753
658.7044607104116,1485.395125605383,1310.6188178818452
659.1015947076252,1486.588384074175,1310.4454732964407
659.4024889648472,1487.7295881923274,1310.1362730319418
659.6091343339413,1488.8661435907632,1309.7116573629282
659.7447044337296,1490.0354773253512,1309.1946813314592
659.8427257898308,1491.253578805441,1308.6005353092803
659.9290389558039,1492.510961446147,1307.9339978485102
660.009866263579,1493.777556405663,1307.190278620535
660.0693525839088,1495.0124173458696,1306.3561043930094
660.0794238556539,1496.1652456660156,1305.4146979257528
660.0155507759333,1497.1790132056822,1304.3538821166035
659.863678134369,1498.0106556036276,1303.1714550097436
659.6202510276386,1498.6517761723915,1301.8762713228252
659.2918852215744,1499.1259086785462,1300.4855139569845
658.8925452267284,1499.4724946582153,1299.0225385414062
658.4411473109388,1499.7345118708474,1297.5197645195228
657.9619537257101,1499.9471983800909,1296.0180844709382
657.4817004006517,1500.129565655443,1294.5610311047806
657.0223891008224,1500.2919516799304,1293.1954804553327
656.5944970043699,1500.4469142464231,1291.969933548128
656.1910641482542,1500.6031188982788,1290.9213302605635
655.787178793585,1500.756848169868,1290.0688416428804
655.3513335594197,1500.898109784326,1289.419330904044
654.8574351948615,1501.0219122463254,1288.9698786918552
654.2854473308068,1501.130259959702,1288.708821469666
653.6207848356428,1501.2253556557218,1288.6239160516377
652.8613284693347,1501.3037709798853,1288.7101656835482
652.02221485653,1501.35681334478,1288.9642810415119
651.1279284322407,1501.377530197431,1289.3744254081516
650.1983695646228,1501.3669695663605,1289.9244043868955
649.2448733361545,1501.3292899342898,1290.6050477478964
648.276484413165,1501.2580422344395,1291.414632411548
647.301742348213,1501.1309172708097,1292.3514289330049
646.3260999612977,1500.923305716417,1293.4070115186619
645.3546422382503,1500.6246520388784,1294.562888324909
644.3948030232483,1500.2414945817718,1295.7962615552703
643.4556331240867,1499.7926879555616,1297.092950477945
642.5491718793083,1499.3042655255992,1298.4523361522351
641.6934846030556,1498.8003268509156,1299.876908593968
640.9102820015378,1498.2905888415037,1301.3581764420815
640.2139216450827,1497.7661433559506,1302.872187708711
639.6032803794426,1497.2064931932587,1304.38022002543
639.0658791609793,1496.5902124705515,1305.8273726533114
638.5893728802114,1495.904564081101,1307.147536944914
638.1719019458968,1495.1527793220912,1308.285872248178
637.8243887759402,1494.35798638897,1309.2279296625434
637.565302607882,1493.5603929904182,1310.0060424706166
637.4149730435868,1492.8001756789895,1310.6775004593142
637.3926352684406,1492.0935345317291,1311.2971442039009
637.5116510820978,1491.4268878422201,1311.8943981083949
637.7724464459662,1490.7692186925274,1312.4592444429727
638.1579296059535,1490.0853885039442,1312.9506975551133
638.6312668147787,1489.3524483569508,1313.3243416775579
639.1400267716349,1488.5725733013255,1313.5541038079389
639.6293854450171,1487.768853869431,1313.6317084744794
640.0579347908872,1486.9736312106656,1313.554108182866
640.4105858344349,1486.2228919832755,1313.319740130499
640.7008026840227,1485.5584193611637,1312.9368029319853
640.960255170441,1485.0255883528419,1312.4276372527054
641.2254546461975,1484.6583548422318,1311.8198435643467
641.5271344535383,1484.4748788238428,1311.1376070846427
641.8842341890632,1484.4912741864537,1310.4080579331992
642.3034546646797,1484.7189928842583,1309.669584686842
642.7812467419872,1485.1491090732093,1308.9664747742781
643.3069010583291,1485.7574679052975,1308.3401150635204
643.8668510688012,1486.5190853207291,1307.8241004541826
644.4434551088888,1487.409720191603,1307.4387425428008
645.0073903082015,1488.40268462803,1307.1870810233581
645.5183746782487,1489.4724311914329,1307.056689052482
645.9403741423293,1490.6015447140057,1307.0250489266882
646.256826567647,1491.7818006713915,1307.0651518298207
646.4743595125352,1493.0109463112865,1307.1522599586963
646.619986543468,1494.2903735176542,1307.2687839044497
646.7353170214786,1495.6230659785622,1307.4023559052744
646.8633903384354,1497.012905267366,1307.541439467627
647.0325364863072,1498.463843258582,1307.673438013432
647.2486623842021,1499.9772775457088,1307.7848293521697
647.5004357121195,1501.5506254133745,1307.8618325274874
647.7714241551022,1503.175454711094,1307.888284573011
648.0491214343122,1504.8383725362537,1307.8455109734177
648.3277351191097,1506.529447144687,1307.7210364980642
648.6061370514665,1508.246983046708,1307.5169894609178
648.8849876476972,1509.99098007915,1307.251246465926
649.1675947024913,1511.7561221143926,1306.953343196211
649.4566567480497,1513.5326398458662,1306.6513905397514
649.7436237889291,1515.3029818545588,1306.3520966272165
650.0039068790398,1517.032237948398,1306.02993721507
650.2032062425204,1518.6755484238852,1305.6365573355056
650.310600056164,1520.200486192014,1305.124655115876
650.3141401439592,1521.6027707181527,1304.4717457443182
650.2298679616365,1522.9145175932365,1303.6934988282685
650.0956052536474,1524.1985617149066,1302.8406985572046
649.9536864282015,1525.5209438005586,1301.9768390850918
649.8351151296812,1526.921473895178,1301.1489354297657
649.7510043736626,1528.399751320109,1300.3681338115234
649.6911477331756,1529.9151017883037,1299.6048819597013
649.6286519775085,1531.3980390017339,1298.8004769544664
649.52856959049,1532.7731030309128,1297.8907780603301
649.3617276718829,1533.9823545929794,1296.8263843956029
649.1212248082468,1534.9971325671852,1295.5806945297436
648.8289815834928,1535.8227343380986,1294.15729264432
648.5275993556328,1536.496480770388,1292.598895796823
648.2681873646787,1537.0703135156268,1290.9772415613372
648.099346896264,1537.5865387871434,1289.3624823185469
648.0548787628503,1538.0659085534285,1287.8046305727603
648.1475932857416,1538.5108802327402,1286.3446283074961
648.3725880749091,1538.9162803422735,1285.0305482882736
648.7098298182974,1539.2776101859547,1283.9107355388624
649.1234033526458,1539.583669855998,1283.008747188802
649.5627171678091,1539.8097216854073,1282.3156286263272
649.9701154910805,1539.9363776340115,1281.815453049538
650.2956458894193,1539.9698856436353,1281.507237701914
650.51078207914,1539.9320849439541,1281.3988641499889
650.6139273724622,1539.8323620447284,1281.4954781959525
650.6275921994531,1539.6568470475927,1281.8000461851138
650.5878747704072,1539.3851871428901,1282.3179320039253
650.5292968229575,1539.0046275783436,1283.051654462644
650.4740910358114,1538.5069015791971,1283.9905009006147
650.4312561210166,1537.8868123746945,1285.1100341974047
650.3993222648662,1537.1477420054025,1286.3779867792066
650.3697475471523,1536.3062310909395,1287.7610115336338
650.3329426438015,1535.3917416240972,1289.2367168381697
650.2843778358376,1534.4382452673515,1290.8029417080309
650.2269562430434,1533.4723592174375,1292.4713369217754
650.1657232274714,1532.5066096075218,1294.2467635923915
650.0988956189957,1531.5373529971703,1296.107988587719
650.0158550494399,1530.5459432103617,1298.0006142728391
649.9021409552734,1529.5076228506753,1299.83878173478
649.7441775155015,1528.4079242646783,1301.5190958327357
649.5352070716978,1527.2573092827251,1302.9522557174976
649.2868093653972,1526.0954202315947,1304.0993266576704
649.034343398468,1524.9790321424002,1304.9930473736213
648.826096603435,1523.9549645981363,1305.7289496548146
648.7078835967094,1523.038662260485,1306.4236135325766
648.7142842674301,1522.213740707166,1307.1617804330754
648.8618666573354,1521.440974663435,1307.9626870353977
649.139594498103,1520.6709859156967,1308.781556091286
649.5048353470831,1519.8639390984179,1309.541199975506
649.8936540581831,1519.0034153929287,1310.169287972113
650.2395566762598,1518.097857537989,1310.6196292369614
650.4892063778295,1517.1795500190667,1310.8755756619903
650.6127039212687,1516.2969935077267,1310.9420051252716
650.6103851849167,1515.4972511164274,1310.833584686491
650.5123585490899,1514.815673385841,1310.5665188644116
650.368989404081,1514.2746493500708,1310.1549831242576
650.2342958713041,1513.8822512897477,1309.6122698263418
650.1467156818541,1513.638619681552,1308.9579468876354
650.1188361656922,1513.5459033591483,1308.2223886391212
650.1435527474264,1513.6033895783598,1307.4381079811367
650.2076043845132,1513.795814629465,1306.6290375155904
650.2970304892141,1514.096424799311,1305.8142312333575
650.3926210106022,1514.4808168603338,1305.0157881602945
650.4662517128776,1514.9342794769987,1304.2550467984724
650.485682022223,1515.447982389926,1303.5423898284664
650.4224714445909,1516.0139466778107,1302.872071759033
650.2545647875965,1516.6268296716971,1302.2268513232914
649.9688228328592,1517.286778105392,1301.5878783577216
649.5694063709074,1518.0002416345642,1300.9406030221985
649.0834251949161,1518.7793369778033,1300.277468834792
648.5530396093657,1519.6350173893245,1299.6003083991097
648.0185121408568,1520.5711250974966,1298.9170582795364
647.508870720623,1521.5903790078391,1298.2335466753718
647.0418585319178,1522.6985700165785,1297.5514394397042
646.6243271392165,1523.8956309117643,1296.8736492787402
646.2548564612144,1525.1739509140373,1296.2058549821008
645.9271908863682,1526.5274395915467,1295.553849180899
645.6311620223455,1527.9480589323111,1294.9242772628027
645.3566293921266,1529.416787532528,1294.3239994475903
645.0976150250438,1530.9092244055896,1293.7577838008326
644.850031583018,1532.404763205712,1293.2316960928338
644.6092283983367,1533.886830558078,1292.7556130405796
644.3712012954891,1535.344357468673,1292.3397481287252
644.1339246805826,1536.7735245690267,1291.9891104211397
643.8968234229992,1538.1691087342042,1291.69798713504
643.6575949351766,1539.5138622775544,1291.4459108375388
643.411155006582,1540.7785776327576,1291.1951402469144
643.1538847575822,1541.9381006042809,1290.8988851052388
642.8881867543342,1542.9950125794742,1290.52538044647
642.6243362963693,1543.9858771404827,1290.0778531758087
642.3804509869194,1544.9587613631793,1289.5912044317217
642.179250278482,1545.945251683234,1289.1093015831452
642.0377660497802,1546.9560610268147,1288.6621796162326
641.9538151978212,1547.9889632784646,1288.2565961556033
641.9044174476896,1549.0219128952285,1287.878629215897
641.8614122427934,1550.0066159685462,1287.5003927829334
641.8062457676518,1550.8842673649497,1287.0855564776543
641.727627229157,1551.6040643834938,1286.5966438270502
641.6142613220618,1552.1288260467352,1286.00231529487
641.4635031920442,1552.4413174589952,1285.2799564708343
641.2955249071978,1552.5530645658157,1284.4205899044268
641.1484296433927,1552.499337615424,1283.4366367148812
641.0595980812808,1552.3237382623054,1282.3623893763706
641.055191854131,1552.0697874266275,1281.246396642765
641.1531620928226,1551.7774732747152,1280.1416560309913
641.3678029531306,1551.477712156316,1279.0990190884718
641.7047653270681,1551.1908712479,1278.1640131432682
642.1502263231605,1550.931204650315,1277.3752713106019
642.6680454203569,1550.707518968266,1276.763426982596
643.2086368313157,1550.5177465964712,1276.3440582312223
643.7196820642155,1550.3487713141806,1276.1131332707191
644.1569524750334,1550.1862328633367,1276.0570506699187
644.4965268284027,1550.0248085853307,1276.1630016525721
644.7404157966993,1549.867683179269,1276.4186750898014
644.9121061495135,1549.7157394880605,1276.8125291694253
645.0481779133551,1549.5599352206373,1277.3395413066592
645.1933627595854,1549.3843106831666,1277.9996842961557
645.3940383505483,1549.1708300014016,1278.7884336962795
645.6825091301433,1548.900599017905,1279.6975737484715
646.0625937963381,1548.5557571798593,1280.7223605015351
646.5115297889071,1548.121863739746,1281.856484353251
646.9961645481052,1547.5918374258158,1283.083686642825
647.4899851348504,1546.9702148300485,1284.3794864126164
647.9836278768255,1546.2732262858167,1285.7225545629321
648.4865849301804,1545.5290505963037,1287.1103228405823
649.0202074557433,1544.7739977745593,1288.5609276301739
649.6091595270972,1544.0367673405522,1290.0971993330134
650.2736736690965,1543.3240271600764,1291.7298658960012
651.017805505259,1542.6229654345814,1293.4486848424467
651.821862570531,1541.9120337620632,1295.2232099790313
652.6516342746316,1541.1644204379709,1297.005098061833
653.4769015974607,1540.3548878011143,1298.7258075443428
654.2830684006834,1539.4807580876109,1300.312564434053
655.0723261238853,1538.5715817762784,1301.7257363852434
655.8614513666635,1537.6709158363153,1302.9754640640913
656.6787188477615,1536.8128340333149,1304.1026910435348
657.5547654781152,1536.0080626071901,1305.1509465367135
658.5071442803634,1535.2399153161505,1306.1461498972492
659.5275979434866,1534.4749716537146,1307.0867252174291
660.5807976501262,1533.6846486570576,1307.944109029599
661.6170630633576,1532.861021869912,1308.6727740805668
662.593352229482,1532.0130514251584,1309.226921841214
663.4840360323783,1531.1573630152284,1309.576029363877
664.2743308581943,1530.3187191746454,1309.7052606330112
664.9553213695108,1529.5264986936031,1309.6020931719547
665.5295162945134,1528.80864506933,1309.2539677688305
666.0171233864367,1528.192246291604,1308.6592913167256
666.4524052188676,1527.7018646677582,1307.8294160606824
666.8674379522056,1527.3554739320462,1306.7817726927713
667.279936245242,1527.1609296430233,1305.5377197698863
667.6957002600842,1527.1148355176374,1304.1291904320854
668.1146487327477,1527.208299688884,1302.6080251632475
668.5349344117898,1527.430942205952,1301.042305060526
668.9539519276625,1527.7666428299976,1299.497908145959
669.3603874600806,1528.1922929797083,1298.0251794001385
669.7217806368328,1528.6856493706832,1296.6562821542473
669.9858739234427,1529.2340231048665,1295.4007913881444
670.0989287049892,1529.8380531527928,1294.2467811731194
670.0211021852757,1530.506620898284,1293.1764251415352
669.733193176471,1531.245088284447,1292.1782217392497
669.2415759521805,1532.0520917989418,1291.2478926874567
668.5776528869221,1532.9261549862567,1290.3854155138424
667.7905100859111,1533.8672471824032,1289.5871302825435
666.9356707068004,1534.8729197152938,1288.8422618669579
666.062660378064,1535.9359702808822,1288.1405882087179
665.206687343929,1537.045364388906,1287.4747185758367
664.3875002269581,1538.1921919124418,1286.8356953200941
663.6148844775753,1539.371655069284,1286.216445236672
662.894180748385,1540.5762357451117,1285.6218704282542
662.2255533659147,1541.7939958807415,1285.07452579689
661.6028624002846,1543.0145259294122,1284.6083312523085
661.0159528148749,1544.230827365455,1284.2541742209005
660.4476383468644,1545.4339571198034,1284.0266545916277
659.8706246885725,1546.6026094278652,1283.9132741417432
659.2571882282858,1547.693174890975,1283.8689109215109
658.5902147376603,1548.6476905306179,1283.830038131593
657.8669704065496,1549.425249200794,1283.7466926958737
657.1006464051659,1550.0301713955273,1283.6023335023515
656.3161829050179,1550.5122031291596,1283.4102143367245
655.5430323930527,1550.9416253897966,1283.2016238822684
654.8103071131916,1551.3759463038555,1283.009418985397
654.1418522340726,1551.8348875184822,1282.8475877366618
653.5511881716061,1552.2980803658336,1282.7038719509335
653.0355719352091,1552.7232981578825,1282.5490323938507
652.5774051692306,1553.063942293773,1282.3473717396043
652.1599881806436,1553.2828653150798,1282.066842464058
651.7792492065012,1553.3706320109136,1281.69220002507
651.4414766104592,1553.351302947378,1281.2318643512451
651.1631996631819,1553.264829489252,1280.7127011220539
650.9737575645581,1553.1467434563579,1280.1655322346448
650.9030784017627,1553.0229401748968,1279.6115783897012
650.9623155913548,1552.9148288547271,1279.0677926405576
651.1407703578058,1552.8399605974457,1278.5662410146322
651.417130624012,1552.801160115433,1278.1537237023747
651.7667300946574,1552.7798217811792,1277.8647722835487
652.1580931906681,1552.748501743272,1277.704204488024
652.5500798889915,1552.68998825352,1277.6591098716303
652.9015019028443,1552.6029796518028,1277.7182888504299
653.1821990611196,1552.49385003839,1277.8786350260293
653.375484082879,1552.3661776451963,1278.1425954969652
653.4790359503586,1552.2143793485425,1278.5143180908426
653.5016697465827,1552.0260509222385,1278.993251686265
653.4565758345112,1551.7918229699367,1279.5680509448043
653.3631964084057,1551.5041776872924,1280.2229251241345
653.250157492562,1551.1470328884438,1280.9511075845153
653.1458655884907,1550.7006784721207,1281.7532056877742
653.0647207229958,1550.1547702600374,1282.6239517426936
653.0050740235803,1549.5100387063983,1283.5501468444659
652.9604954920325,1548.7743201767955,1284.521829920611
652.9285314981576,1547.964055739314,1285.5421629599475
652.9118276223826,1547.107124638011,1286.6268509395236
652.9188258956148,1546.2362651473459,1287.796859643081
652.9612010312301,1545.3781378234685,1289.0729940417227
653.0452028746424,1544.54754617795,1290.4685332571507
653.163764012676,1543.7466795610962,1291.9791788222685
653.2986586407642,1542.9673259267718,1293.5790070989547
653.4314024458304,1542.193915022326,1295.2172889832398
653.5512973099565,1541.4115908918977,1296.8214675773809
653.6570409357172,1540.6221709433303,1298.3269366163051
653.7560506688052,1539.8512361338987,1299.7155879428553
653.8625770632375,1539.1324542816305,1301.018909039963
653.9938051207026,1538.486221423426,1302.2859870596071
654.1641438143066,1537.9114543864066,1303.5529163703873
654.3784985039372,1537.3891340471089,1304.8279474124306
654.6269641442063,1536.8933587021988,1306.0901820699278
654.8841876277489,1536.4009012345932,1307.299705069995
655.1148516884844,1535.894167316366,1308.4097440239
655.2849676403804,1535.3666410518977,1309.3747066984233
655.3737764807478,1534.828622783835,1310.1560743149053
655.3774319578602,1534.304746491131,1310.7275866310738
655.3036728198072,1533.8273312170948,1311.0766316698493
655.1663323815314,1533.427026553802,1311.2009038444885
654.9859985289618,1533.1238556349576,1311.1070521295649
654.7929306130706,1532.9286272402976,1310.812977401567
654.6220365248535,1532.8466207490774,1310.3448836985888
654.4982697704181,1532.8725765936906,1309.7279705033116
654.4270132096328,1532.988895850398,1308.9819681779366
654.3988322618368,1533.1738692284875,1308.1257993812217
654.3999619568062,1533.411744751212,1307.185851550036
654.4188673689195,1533.6996171527537,1306.2007834207157
654.445532600414,1534.0448979185394,1305.2170650207033
654.4651985532431,1534.4513952866928,1304.2805299784973
654.455103275734,1534.909990143918,1303.4290278364797
654.3901023348609,1535.408564860282,1302.6835748233414
654.2515442164151,1535.9458403595952,1302.047177194414
654.0315674522038,1536.527072084344,1301.5146219478033
653.7303921902335,1537.155456328906,1301.0796404207003
653.3521829128557,1537.8359091550747,1300.7357806925356
652.9073461772871,1538.576134706037,1300.475036723259
652.4139920475179,1539.3792296096685,1300.2852355898704
651.8922244356202,1540.2419040799753,1300.1496666156854
651.3595103795867,1541.1619182094541,1300.0530708548329
650.8291332957739,1542.1428137303496,1299.9863727419943
650.3081181837907,1543.1851947800733,1299.9392159570948
649.796622244095,1544.2788055745948,1299.8942177497004
649.2918984675041,1545.4126814568574,1299.8395447078137
648.7928333929738,1546.586924152503,1299.7826033306735
648.2980564410641,1547.8094835766976,1299.747522242573
647.802221493016,1549.087620370877,1299.7640042756013
647.2987271125644,1550.4195065251452,1299.8542866893088
646.782399351674,1551.7866875201837,1300.0216349408522
646.2437068690078,1553.1526870547998,1300.245330352732
645.6619899184909,1554.4686119675619,1300.4836378489204
645.0088834393954,1555.69066810365,1300.6876986488983
644.2627220619999,1556.801174893873,1300.8203960537865
643.4250709850943,1557.8104731295214,1300.8635206030804
642.525774171377,1558.746631925737,1300.8137388824948
641.6091711595889,1559.6513905031875,1300.6819090734334
640.7121666282727,1560.5725262918663,1300.4901391036503
639.8553891074995,1561.5421244521997,1300.2559100002263
639.0495513326244,1562.56007262076,1299.9782344416471
638.2992071954682,1563.5978847327447,1299.635069760677
637.6030930785515,1564.609132819166,1299.1851042317921
636.959564780804,1565.541785791111,1298.5816083508823
636.369246739625,1566.3551868685538,1297.796628334368
635.8317634248883,1567.0299286987004,1296.8322739246537
635.344323091013,1567.5675439683928,1295.7123691009097
634.9059739606405,1567.9829158429425,1294.4683053615506
634.5240067340611,1568.2915563537915,1293.1341856860188
634.2127107449388,1568.506872192664,1291.7545096197045
633.9854703080487,1568.6506529344522,1290.3886487733791
633.8505741853454,1568.750321652445,1289.098305593061
633.8079927859725,1568.8192745832428,1287.933200316975
633.8429653810535,1568.8555647772455,1286.9339716519594
633.9236270997408,1568.8600902245983,1286.137878786193
634.0065168833594,1568.8401742061574,1285.568862789908
634.0468433125324,1568.799043704813,1285.2265833037493
634.0065746214137,1568.7342315601525,1285.0936495811893
633.8568908512108,1568.6450949246462,1285.1524859546128
633.5797976226717,1568.5386930450372,1285.3934378655606
633.1732190833817,1568.4280909020297,1285.81013279815
632.6588584789548,1568.3197275877856,1286.3947822189784
632.080182488045,1568.202854491504,1287.1409110604145
631.4842669738598,1568.0563809139926,1288.0427425549965
630.9056648662753,1567.8608727802082,1289.0878893532781
630.3621662408551,1567.601389530469,1290.2543521757354
629.8550359266828,1567.2702729158264,1291.5217726567646
629.3712789510332,1566.8707636277736,1292.8852156127891
628.8914412956384,1566.408116248474,1294.3444830931383
628.4010605475412,1565.8822283514664,1295.8853817994109
627.896739967197,1565.2969852181775,1297.4854232973244
627.3847637186313,1564.666561915505,1299.1256808680187
626.8756821229834,1564.0090388496126,1300.790942087137
626.3806562568556,1563.3390240686053,1302.47218572362
625.9151317006908,1562.6619278040434,1304.1698059268683
625.4973881244823,1561.9737092156108,1305.8837370827287
625.1343425056776,1561.270314405764,1307.5935632751248
624.8154480444554,1560.5527706923456,1309.2450908105677
624.5251197646677,1559.824014542171,1310.7608880716457
624.2550956500664,1559.094228798773,1312.0733579594187
624.0084554482038,1558.3910737749068,1313.1578897771155
623.8044890225385,1557.750505490026,1314.043938453491
623.6782538532573,1557.1870641545688,1314.7937079745684
623.6662071010217,1556.6760024494233,1315.4637657574267
623.789052674865,1556.1678074169645,1316.0813361405098
624.0429726073685,1555.6153803260668,1316.6429482375559
624.3990485079044,1554.9899426075165,1317.1205881311173
624.8095798988745,1554.2833851472838,1317.4715369442865
625.2261566406887,1553.499452140285,1317.6564312276737
625.6214024108343,1552.6439533369041,1317.6562549939636
625.9917823351899,1551.7265151856132,1317.475516385548
626.3452990199255,1550.7645693543618,1317.1379551268417
626.6939389985181,1549.7823944928514,1316.6850531726968
627.0512667687582,1548.8077102397726,1316.1676661986892
627.4307764474992,1547.8637464501085,1315.624592921904
627.8446421647775,1546.9680017971787,1315.0718442938442
628.3019525597258,1546.142128227469,1314.519094915172
628.8074593237774,1545.4121367094303,1313.9889497201323
629.359078199723,1544.7990757706166,1313.512399676749
629.9432492949209,1544.3209315132076,1313.111329530386
630.5326113393054,1543.9977990434684,1312.7918373413638
631.0902533133993,1543.846972113327,1312.5490866180758
631.5792263874105,1543.880257266651,1312.3729345230763
631.9720792016659,1544.1086833906463,1312.250388361198
632.2589675810111,1544.5449805436679,1312.1643851439078
632.4524366040861,1545.200684127211,1312.0941773444922
632.5820220830785,1546.0809181639138,1312.0237846603588
632.6812388868881,1547.1802234693605,1311.9501504458558
632.7788488382116,1548.4814492778698,1311.8800768645665
632.8955601699791,1549.958205758331,1311.820209354973
633.0395711144678,1551.5779234132413,1311.7682282292
633.2031245112513,1553.3026863692587,1311.7091912874084
633.3679912420746,1555.0929993064285,1311.618452331614
633.5159164760712,1556.9176822191325,1311.472714541616
633.6363103853105,1558.7568915922313,1311.2633878283805
633.7353921901981,1560.5909924487228,1310.995060338876
633.8364420405709,1562.3984241719988,1310.6702770944823
633.9630749848907,1564.1706417893295,1310.284276225018
634.1311194553263,1565.9130876979289,1309.8371649685935
634.3535162482561,1567.630135977401,1309.3445826439638
634.6354887048794,1569.318676331407,1308.8299115979376
634.9656944948118,1570.9647585655293,1308.3052569921722
635.3223056594134,1572.5390274569158,1307.7618765428895
635.6892054277798,1574.0035838651859,1307.1772922736486
636.0628719035723,1575.3302378399312,1306.5313977263577
636.4418086782782,1576.5194745400377,1305.8236677537357
636.8137521737615,1577.6034668475227,1305.0781800068396
637.1613555368311,1578.6287412593115,1304.3292976053551
637.4753654046742,1579.6359391676106,1303.6035514483094
637.7492293658047,1580.6459966430716,1302.910966555816
637.9682754886209,1581.6522564550162,1302.244731150614
638.1155556156993,1582.6234979160106,1301.5876148494253
638.175633282729,1583.5105872275979,1300.9203616228635
638.1273567485116,1584.2516265763074,1300.222731120462
637.9487640572734,1584.7934524363557,1299.4727722775579
637.6322540932119,1585.1162870458124,1298.6558632429615
637.1907265938181,1585.2281980704558,1297.7693435024685
636.6520032472855,1585.1495378611899,1296.8165815953557
636.0499388501814,1584.9167649528313,1295.814986586584
635.4233762709616,1584.5881142624444,1294.809538705566
634.8122106401926,1584.2301692378842,1293.8587436384225
634.2400201980497,1583.8930729108163,1293.0106397648553
633.7062695380955,1583.5944005762078,1292.3011399422394
633.1940904566454,1583.3247973026673,1291.7607417196373
632.673061930029,1583.0680310209177,1291.4114513251952
632.0975327336495,1582.8165243089366,1291.262794778997
631.4167833057376,1582.5757674276597,1291.314133736754
630.5944116005794,1582.360636405686,1291.559832121896
629.6175180700249,1582.1836029276617,1291.9918422565393
628.4954606498263,1582.041658982207,1292.5963113951016
627.2560754457801,1581.9198900470317,1293.3519066963047
625.9346823897702,1581.8101853763685,1294.2398460901825
624.565840554704,1581.7146901066162,1295.2522826624884
623.1867387744892,1581.62761384216,1296.3838904733848
621.8362521152759,1581.5281171804404,1297.6249891123857
620.5421067452703,1581.393965037184,1298.9700467694154
619.3109490026354,1581.2072460295087,1300.4205800901645
618.1342543316733,1580.9458964862538,1301.9732364733306
617.0036779040671,1580.5889643777582,1303.613223634287
615.9181900370338,1580.1329712261509,1305.3190489165165
614.8829573058365,1579.5862223670053,1307.06684492726
613.9091455256995,1578.9508666303825,1308.8314606781826
613.0080160030906,1578.2242065669893,1310.5824915310197
612.18838905847,1577.4127576428236,1312.2769526050654
611.4672352357496,1576.5463169227235,1313.8642023292264
610.8699803283944,1575.6815430330012,1315.3046192330662
610.418841922511,1574.8789738640012,1316.5849820310182
610.1306603958208,1574.173461746835,1317.723171825166
610.0198655863896,1573.5669232072526,1318.7575850705707
610.0931412794861,1573.034382753981,1319.71904423588
610.3377805770336,1572.5299409571107,1320.6060950976469
610.7169752128356,1572.0025001201113,1321.3893938971617
611.1798852992896,1571.4204575122048,1322.038737611767
611.6784310024597,1570.7756584110734,1322.5385022824514
612.1776418869798,1570.0693599799263,1322.8816758807193
612.6553028300366,1569.3111969563395,1323.062232190322
613.099707868438,1568.5195954516885,1323.0714306697193
613.5120062448891,1567.7138957021139,1322.8983923901237
613.9059435246858,1566.9153751342603,1322.5382207321368
614.3007576060886,1566.1502508534454,1321.9967049149618
614.7136506951285,1565.4420486087606,1321.285293507627
615.1571822409335,1564.8059291180807,1320.415801208615
615.637606801177,1564.2587521507874,1319.3992211100574
616.1501329291026,1563.8326987053613,1318.249300086706
616.6801230746784,1563.5707269146928,1316.9910473163734
617.2148667642679,1563.5052126041826,1315.6618380003981
617.7512438655675,1563.6425350957381,1314.302987901211
618.2884845678794,1563.9679156060606,1312.9559902693059
618.8176964552607,1564.4618116168185,1311.6661725203196
619.322426845507,1565.1075820737262,1310.481179107673
619.7842079118577,1565.880530739487,1309.4322320230028
620.1829177630482,1566.7400842719499,1308.5153726225828
620.4974915846822,1567.6473030461516,1307.7008987510935
620.7135602608915,1568.58842536253,1306.9599591876436
620.8326869393875,1569.5749753249647,1306.2799273172616
620.8760528381426,1570.620364230896,1305.6625235966544
620.8756176159883,1571.7218952773592,1305.1144663610344
620.8566714471015,1572.8680981736095,1304.6395699126183
620.833804785289,1574.0554911249938,1304.2345736733669
620.8190850541952,1575.2956162117223,1303.890439127433
620.8238871491184,1576.606005277961,1303.5991680374846
620.8569214825565,1577.994862577456,1303.3581077121748
620.9200617125214,1579.4571850601656,1303.1639905979416
621.0036937615795,1580.9784172086868,1303.0043896586728
621.0932438302609,1582.5397080038872,1302.8603984804226
621.1842056031214,1584.1264263417818,1302.718363389494
621.2885094615294,1585.7354034098278,1302.5829207363133
621.4209494940008,1587.375094298353,1302.481064811496
621.5822045813496,1589.0547605387665,1302.4458564627284
621.7621181104955,1590.7727935414955,1302.4971028786813
621.9515917417167,1592.5119744673639,1302.633773460087
622.139770535109,1594.23758245123,1302.8260381339035
622.3058195537254,1595.908272481187,1303.0183555221324
622.4269542370284,1597.4983481276936,1303.1525144785528
622.4921955174843,1599.0141042721011,1303.1888330562222
622.505560128606,1600.4970796311618,1303.1181693317587
622.4843971767554,1602.0078046719632,1302.9641167658415
622.4523918997659,1603.5970886095338,1302.770011613905
622.4293563579913,1605.280923069408,1302.572578391926
622.4251193205032,1607.032884287017,1302.3752277574686
622.4333595741858,1608.7988143802525,1302.142627375455
622.4295355174606,1610.5057803728293,1301.8180849087787
622.3831566056026,1612.0621069803776,1301.3463518725027
622.277992144045,1613.3833059555043,1300.6887102136363
622.1160861197866,1614.4300817709748,1299.8280069938633
621.9030435160888,1615.2153327807653,1298.7692451560667
621.647705200269,1615.7782120537317,1297.5384664897008
621.3793160593655,1616.1611548086523,1296.1805456201355
621.1459195207545,1616.4077060465963,1294.753014996714
620.9892886737097,1616.5607356390456,1293.3176946126503
620.9299840675441,1616.6569753587755,1291.9426995521337
620.9711676546247,1616.7248385151124,1290.7026814674907
621.0990446943256,1616.7766522663776,1289.6566966568287
621.2814974854679,1616.8054977034988,1288.8302240999567
621.4754926865403,1616.8009862916394,1288.2249649113865
621.6308000822189,1616.7680139701504,1287.832946035886
621.6918785429651,1616.7271403403734,1287.640988003242
621.6126904364784,1616.6981130645465,1287.633976647902
621.3741289161339,1616.6855024701536,1287.798325493175
620.9882915460987,1616.679957581234,1288.1217440814862
620.492172302885,1616.6690621857674,1288.5912691929161
619.9370066850564,1616.6392147482752,1289.1968161855361
619.376393172929,1616.5689955481905,1289.936743682633
618.8554129653461,1616.4354138329963,1290.8168854202959
618.4023129619945,1616.223484539588,1291.8426988626536
618.0280049815075,1615.9219712920628,1293.0077879326193
617.7278579121428,1615.5270515512007,1294.2930172472618
617.4798993240904,1615.049496808209,1295.6773726383044
617.2571786027402,1614.501789457334,1297.1391171405844
617.0474406097238,1613.8956751677845,1298.656477505981
616.8496287707104,1613.2578892768545,1300.221218592199
616.6643227025045,1612.6172935478994,1301.8380855911307
616.500120481891,1611.9732068882636,1303.4969168839655
616.3772357275635,1611.2961116930678,1305.1488687995004
616.3187657944466,1610.5583621999745,1306.717282877138
616.3380028770699,1609.759020818211,1308.133130139908
616.4345979064178,1608.9286151146325,1309.3705664296833
616.6053921536635,1608.1180041164325,1310.4636598763052
616.8547591442857,1607.3755666143793,1311.48549753426
617.192602199495,1606.7242640190382,1312.4994042208457
617.6277185748696,1606.1538692296363,1313.5204280119524
618.1645256064709,1605.6319599521821,1314.5120939685012
618.7943137179423,1605.1215181073403,1315.407353716119
619.4868502482581,1604.5894922007858,1316.13169543466
620.2051068411782,1604.0145722512977,1316.62541101853
620.9254088275462,1603.4000002886942,1316.8563771461058
621.6356620265225,1602.7716386719715,1316.8083300656679
622.3285927117183,1602.1634623694172,1316.4641521578164
623.0071672174636,1601.6097653535473,1315.8100395368967
623.6870811981364,1601.1488201081927,1314.8474137405335
624.3860289308666,1600.8338262876491,1313.598614083454
625.1209629557563,1600.7218278197954,1312.1101627087235
625.9212369251236,1600.8316084708829,1310.445842580266
626.8276870476087,1601.1319318577357,1308.677432918944
627.8709524253612,1601.5804814567489,1306.8917078831428
629.0543487424256,1602.1467299717729,1305.1890225052043
630.3499846339515,1602.7994005023556,1303.6578242103205
631.7054187274786,1603.504454982124,1302.3579120975344
633.0542360747183,1604.2407723783822,1301.3228516937975
634.3188473647608,1605.005981400508,1300.561237763228
635.4140760345908,1605.8067942248279,1300.0538767409928
636.2690418980551,1606.650782711572,1299.76274518797
636.8549294277614,1607.5465531775428,1299.6518477208074
637.188550120663,1608.503727667584,1299.6963469627267
637.3160405587305,1609.5348266891565,1299.8758612090753
637.3027782045477,1610.6570361135234,1300.1673731777566
637.2227034457304,1611.8850894811158,1300.54378176611
637.141348820519,1613.2258545153788,1300.9782955570613
637.108823010702,1614.6800077345272,1301.4484505277383
637.1555681443327,1616.2422564494427,1301.9353775176166
637.2856852615596,1617.9000669453958,1302.420575495962
637.4832404057465,1619.6311503095012,1302.8803999408806
637.7245488784433,1621.4025734429006,1303.285889949641
637.9831462121857,1623.1790363546038,1303.6126152838983
638.2362559290415,1624.9287228996534,1303.8480460752683
638.4704455042811,1626.6192929521178,1303.9865867991289
638.6785694317466,1628.2216396659792,1304.0198330457843
638.8594645013151,1629.721501110811,1303.939817872251
639.0179726936514,1631.1195851171065,1303.7499748380758
639.1571582279227,1632.4233919276019,1303.460617654432
639.2780005893426,1633.6495694314442,1303.0830074804499
639.3863666062165,1634.8336548028158,1302.6455944116494
639.489549815932,1636.020862882806,1302.202345384256
639.5892569786424,1637.2382109415778,1301.8058757739127
639.6789933166928,1638.4839728792933,1301.479305842392
639.740735179167,1639.734764813947,1301.2100808039415
639.7461041105549,1640.9429945726074,1300.9505754107986
639.6590494911655,1642.0392306358276,1300.6250434954231
639.4382984812049,1642.9546544551204,1300.1449772573308
639.0552502149272,1643.6419783546087,1299.4276934632726
638.5169586746007,1644.090003887688,1298.423411806708
637.8669577844361,1644.3360313073708,1297.1373081250372
637.1679160297357,1644.453221139107,1295.6208762097742
636.4847615857686,1644.5168004841696,1293.9441388495165
635.8739169079229,1644.5853351934684,1292.178797924592
635.3758485260782,1644.6974968559862,1290.398772239668
635.0075620763885,1644.8699040325544,1288.6829842440072
634.7591209905382,1645.1027971792755,1287.103762164893
634.5964150811747,1645.3897066295285,1285.704586440598
634.4650095912632,1645.7228456232713,1284.4935811874698
634.296835662879,1646.0985791750425,1283.4651173340262
634.0186148123778,1646.5159864369818,1282.6207907061585
633.5621789641922,1646.9676587950712,1281.964533686018
632.8846134661051,1647.4383597860194,1281.4881851243658
631.9851107868811,1647.91407944487,1281.168042873118
630.8978858655811,1648.390167202335,1280.9759628021425
629.6726306453716,1648.8601105138696,1280.897702926993
628.3670148940686,1649.2945272136799,1280.9350839956774
627.0459057212881,1649.6463243560818,1281.0865412957164
625.7675575108684,1649.874138987591,1281.336141096019
624.5652495414495,1649.9549588607583,1281.661930269398
623.4484480115602,1649.8867242281474,1282.043554197714
622.418045747618,1649.6881610417486,1282.463700969894
621.4696793970347,1649.394190416474,1282.91214856572
620.5869845707456,1649.045193549878,1283.3907539725856
619.7480216072072,1648.6724391582068,1283.9097410261297
618.9444599850062,1648.2892769107332,1284.47561721769
618.1849417580299,1647.8968759536724,1285.084217798614
617.475951215655,1647.4901656457478,1285.714209539587
616.8149432277131,1647.0555024901296,1286.3179424509517
616.2034437866051,1646.5848283005944,1286.838923092012
615.6502401589969,1646.0989275563206,1287.2534871713756
615.1619956733678,1645.6398908057145,1287.5940261944363
614.7368869959682,1645.2454199393435,1287.9347261465114
614.3678515871154,1644.9366013947833,1288.350379238751
614.0529187085792,1644.707625699179,1288.8759555023064
613.7940989152593,1644.517047676599,1289.4941231692785
613.5781142445643,1644.3046032837392,1290.1482146592118
613.3683175207533,1644.0216367639948,1290.7635670050272
613.125536158365,1643.6449264166185,1291.2710574218227
612.8300196392222,1643.1733744950927,1291.6234472367623
612.483577430686,1642.6238257286673,1291.7973277646636
612.103969610483,1642.0337108011502,1291.7908590498312
611.7191724987282,1641.4547211729969,1291.6187587679785
611.3605690874474,1640.9231510301706,1291.3010584736426
611.057014764837,1640.4444566618517,1290.858395041053
610.8274132545071,1640.0195098437173,1290.3135577506832
610.6760243602848,1639.6668853930212,1289.6876898959954
610.5964958408019,1639.4101909168744,1288.9950982553592
610.5765256727741,1639.2600717654866,1288.2443778975212
610.5989757025872,1639.2195331937855,1287.452088864634
610.639696097613,1639.2939334284156,1286.6525876284602
610.6696826886192,1639.4805271958928,1285.8846665373594
610.669141222213,1639.76530557209,1285.183833814961
610.6282081639686,1640.1372134682435,1284.5841672144509
610.5289347911299,1640.5831403597276,1284.0987167576056
610.3475121582055,1641.0768429630482,1283.7073077257928
610.0796653627655,1641.5951624007084,1283.383220557163
609.7483822079863,1642.1367335621856,1283.1187052441571
609.3818223865859,1642.7153683721494,1282.9134256476066
608.9953248770602,1643.3412902811976,1282.7526333828132
608.5956641316303,1644.011738222525,1282.6058781228492
608.190210510115,1644.7204270534362,1282.4415964346695
607.7931910304702,1645.4759533696226,1282.248279626349
607.4272968225476,1646.3028188011658,1282.0423015476172
607.1141437455478,1647.2194802909682,1281.8462794111392
606.8636878479922,1648.2226626914244,1281.667596497306
606.6747081740831,1649.295443441344,1281.5037604782005
606.5406450905622,1650.4246825195314,1281.3608589473833
606.454437655015,1651.610542869656,1281.2628329782083
606.4085987146001,1652.858717714933,1281.238025652221
606.3872645623779,1654.163038914383,1281.2959717070348
606.3669329241915,1655.5005214777739,1281.4245143934445
606.3329694217971,1656.835165491848,1281.5983272779567
606.2865711200243,1658.1169677812181,1281.7743181169956
606.234052725702,1659.2945685277787,1281.894065644211
606.1782464879152,1660.3543715137212,1281.915743392031
606.124316588614,1661.3507068221047,1281.85132894211
606.0907776696579,1662.3847655370507,1281.7695348163093
606.1083042230694,1663.5487063715834,1281.7606896158588
606.2015968185309,1664.8820147484823,1281.8888122459691
606.3673015376412,1666.3618160943286,1282.15857003517
606.5709960487906,1667.926592160193,1282.5240072678816
606.7653540906724,1669.5071857542302,1282.9232523773142
606.9079720385456,1671.0394154632581,1283.2953563059837
606.9713939317817,1672.4686037438266,1283.581213965608
606.9480760657702,1673.7567370139268,1283.7308451144659
606.8520047989906,1674.888945396572,1283.7145177215275
606.7174368214247,1675.875860869846,1283.5285851092929
606.5904047732566,1676.7454378256054,1283.1945220169566
606.5162123897053,1677.5298645209011,1282.7500706794535
606.5309949636236,1678.2554717880628,1282.234565260671
606.6599585082207,1678.9336669582271,1281.677739406
606.9133146524996,1679.563048413864,1281.0958732978543
607.2753731232582,1680.1442426316448,1280.4970903459134
607.7082896120298,1680.6855621290335,1279.8956380514337
608.1740745637659,1681.193996075715,1279.3176275304038
608.641211346493,1681.6672517885556,1278.7902462461245
609.0706982499569,1682.096435192271,1278.3308218291256
609.415868553748,1682.4817884844726,1277.9437943490375
609.6446258607854,1682.845140782962,1277.6260549542606
609.7554185317235,1683.20830909202,1277.3781470461265
609.7705071986684,1683.5595832789331,1277.2036507963928
609.7202534573272,1683.8602032321232,1277.0966945891175
609.6321995671326,1684.0789913776457,1277.0445360658414
609.5250710584787,1684.2108808457142,1277.0445706322
609.4108404471663,1684.2677812460388,1277.107510684077
609.3021582370611,1684.2586918417749,1277.244750226015
609.2098303335656,1684.1807790717075,1277.4589941029412
609.1327678289996,1684.0268340812709,1277.7440724217668
609.0569797773031,1683.7960369346229,1278.0916501422498
608.9636530894683,1683.4956147215212,1278.503165705867
608.8399994990029,1683.1373692127167,1278.995879049285
608.6868445533127,1682.7351065077407,1279.5902263127762
608.5122882958234,1682.3071084429885,1280.2919830077278
608.3210072535862,1681.8857193884317,1281.0957969576787
608.1154980007648,1681.5027562593823,1281.9956186481388
607.8994090459812,1681.1528512451857,1282.973706402129
607.678070878397,1680.799833624437,1283.9916018581462
607.4617188748783,1680.414125261204,1284.998063471795
607.2598759068127,1679.9824181169017,1285.9309811414591
607.0720328924758,1679.5081462257529,1286.7266962829833
606.8974185469962,1679.021143280881,1287.3525950221613
606.7521987925754,1678.5671363500446,1287.8286033193035
606.667953957048,1678.1781151463688,1288.211743950352
606.6717041955219,1677.860590688133,1288.5609595001545
606.7669804588053,1677.6023967742685,1288.9089391101245
606.9356590799933,1677.3680393351576,1289.251422310387
607.1524521664714,1677.1024799639424,1289.554193055232
607.389313555508,1676.7669992499793,1289.7729602742413
607.614534655504,1676.3597933103015,1289.8726134820984
607.8003964883234,1675.8973129257288,1289.8359336881622
607.9360009575846,1675.395641652366,1289.665343393516
608.0311160196721,1674.8687109952891,1289.3789522637767
608.1073657375608,1674.3293847023617,1289.000730898456
608.1892008181223,1673.7893264896989,1288.554639371478
608.2950658279897,1673.259811271067,1288.06084435838
608.4286635962937,1672.7543588232427,1287.52759138626
608.5817931130377,1672.2939976480013,1286.9531237297663
608.7454926614944,1671.9050999413241,1286.3413992679573
608.9168626434885,1671.605283936933,1285.709155327848
609.093226526874,1671.4040527658337,1285.0785374090538
609.2611083149171,1671.3232698757456,1284.4749376385507
609.4004563403291,1671.390597247156,1283.9303282563471
609.4972126113403,1671.608762572149,1283.4734520470058
609.5425977934026,1671.9563380887278,1283.1148358849023
609.5284402172703,1672.4112527106006,1282.849385556046
609.4508292091863,1672.957764392319,1282.672044017212
609.3115526134852,1673.5846235213453,1282.5873968215635
609.1179197031535,1674.288392836173,1282.6063457351586
608.8878462002403,1675.0714138813678,1282.7337357954102
608.6467289370163,1675.9310811082073,1282.9579529774508
608.4118428230124,1676.8537233755894,1283.251904788087
608.182661916786,1677.8192862027734,1283.5809278075371
607.9476630679219,1678.8093521898434,1283.9108773009307
607.7007400979951,1679.811801034156,1284.2182260611107
607.453359148019,1680.8256386321793,1284.4974344872257
607.2326857896481,1681.8655168696232,1284.7570835162842
607.0671122931251,1682.9547446244715,1285.0110038254265
606.9726463737688,1684.1071869688813,1285.2723755837262
606.9506088192722,1685.314650650536,1285.5456401634365
606.9880572854496,1686.5520649010978,1285.8179726920707
607.0574878722006,1687.7920896816524,1286.0590147808855
607.1292164483615,1689.0086896156845,1286.224385708419
607.1886805726579,1690.1692873001289,1286.261129314453
607.2361499726364,1691.2349276601376,1286.1173622903514
607.2787258917292,1692.1786674999466,1285.7568470979954
607.3322992543822,1693.0093969399686,1285.1813331520327
607.4241213661707,1693.7689838403608,1284.4451846893357
607.5900144182377,1694.5005154609557,1283.6428225695306
607.8656337210288,1695.2271004072218,1282.8704200006698
608.2673932568937,1695.9523835094708,1282.1829192284117
608.7778812734999,1696.6657332514947,1281.5809125108722
609.3500519825458,1697.352468623772,1281.0346584057752
609.9221655786748,1698.0103878508685,1280.513564386672
610.4374103062514,1698.6548264554317,1279.9985252600113
610.8648255121545,1699.3044229568775,1279.479583395604
611.207942015351,1699.9671439839794,1278.9530804697054
611.4967911359571,1700.6366497633578,1278.4235203260464
611.7705107691987,1701.2945553017166,1277.8973363931516
612.0575330253317,1701.920885330511,1277.3737678632258
612.3705073960709,1702.5018344467242,1276.8481565900497
612.721648231107,1703.026677110166,1276.3191044166874
613.1308471347211,1703.486990242314,1275.791859705586
613.6103401756158,1703.875705177077,1275.2761718803022
614.1493689690737,1704.1860241159438,1274.7817616803268
614.7199344343717,1704.4229901602334,1274.3238907811215
615.2942008015859,1704.6083962007926,1273.93003810961
615.8568657427979,1704.7650556804592,1273.631559449334
616.4032011559774,1704.9046518184093,1273.447889490904
616.9250445720849,1705.0307938279548,1273.3802230697304
617.4025612589586,1705.1453918480952,1273.4189248696894
617.8153804732038,1705.2506546363293,1273.5512469363714
618.1619769191749,1705.3493158231302,1273.7628447986333
618.4636698912208,1705.4456200851105,1274.0420016354205
618.7503892411335,1705.5431385011148,1274.3861401232225
619.0428827193638,1705.6410324087658,1274.8008596965958
619.3429731637136,1705.7343445514523,1275.2893363002586
619.6401388974687,1705.8143512732554,1275.842301949097
619.92647706354,1705.8642725425432,1276.4408163763471
620.2024166724693,1705.8602707372438,1277.0683682477813
620.4737743588029,1705.7891660379228,1277.7191060062573
620.7488893096673,1705.6688981033276,1278.3996408747062
621.0361076224902,1705.5435516412385,1279.1277815221013
621.3392615903813,1705.4500852114245,1279.9219720952638
621.6551824721731,1705.3916708867598,1280.7875098608454
621.9789705340662,1705.3417106558613,1281.717370749719
622.3090771356697,1705.262542686314,1282.6951794561253
622.646080563967,1705.1234514175026,1283.6855638992026
622.9911276708269,1704.9105135047125,1284.630844875274
623.344582380338,1704.626663153953,1285.4690164894544
623.7078180037338,1704.2914405186061,1286.16033828778
624.0890082731189,1703.9369022464018,1286.7030346451777
624.5032317910058,1703.59921399446,1287.1334627174722
624.9667062191422,1703.3043174542725,1287.5105420048149
625.4904297560377,1703.0418580525613,1287.882636976387
626.0740202970746,1702.7622481726085,1288.2583951598094
626.7032937158749,1702.4136782011633,1288.6071068389233
627.355599643949,1701.9712058119524,1288.8808095736877
628.0062047745512,1701.4331351315805,1289.0349989342583
628.6274220785104,1700.8055825587303,1289.0360564247778
629.1916283625861,1700.0948265144532,1288.8621527507225
629.686792596852,1699.3165225189755,1288.5094953777873
630.1254468584509,1698.5079713517146,1287.9982192238626
630.5350726624116,1697.7193970800806,1287.3653742284516
630.945007757301,1696.9896467564831,1286.6451891973068
631.3795272811788,1696.3368910975812,1285.854385952505
631.8557646132492,1695.7759008727653,1285.000561986092
632.3839670042263,1695.3307701187832,1284.100170087747
632.9624607534741,1695.0214971708785,1283.1835344619456
633.5751900860034,1694.8521774160176,1282.2919399848722
634.2022918061576,1694.8203696826504,1281.4744976855636
634.823770214081,1694.9262368903676,1280.7782372388647
635.4112609282704,1695.1658387572706,1280.2350621454334
635.9314654553143,1695.5190702933278,1279.855595850526
636.357029770142,1695.9492824084389,1279.628062473825
636.67004709784,1696.4202506152683,1279.5230061548107
636.8646423699529,1696.915666581293,1279.509470125791
636.9537231499485,1697.4429325351684,1279.5725168770114
636.9740324570921,1698.0179373027604,1279.7134856995654
636.9760785519863,1698.6468265509297,1279.9357662702246
636.9995862996982,1699.3283718032214,1280.238355882278
637.0587677595088,1700.0687006682324,1280.6200071186065
637.1497758607576,1700.8786889578287,1281.0786899617406
637.266146976958,1701.7619782259233,1281.6061558241577
637.4054449582171,1702.7155381188225,1282.184440628546
637.5676359663584,1703.732599633239,1282.7882342546784
637.7523164495817,1704.8018312986565,1283.3934204783868
637.9555251526516,1705.9107929303234,1283.9846085379907
638.1711618841782,1707.0502829546647,1284.5617497450842
638.3971484297191,1708.2163080518221,1285.1412500063752
638.6349564758405,1709.4069420790709,1285.7389602752717
638.8861845272149,1710.61320854964,1286.3500983515532
639.1524823890007,1711.8175372810551,1286.9504203781103
639.4262249656293,1713.0034565265953,1287.5118241184398
639.6772698271094,1714.1572117356116,1288.010087387992
639.8632353381024,1715.2570540206068,1288.417867997936
639.9593211060446,1716.2785425070745,1288.7015972808986
639.9764085287997,1717.218035380374,1288.8373034918714
639.9527633476865,1718.1000051455126,1288.8304616803644
639.92883728895,1718.9652222100476,1288.722309176242
639.9300297608092,1719.850634438997,1288.572815901106
639.9678772362029,1720.7649180484377,1288.4262033265722
640.0440822025955,1721.6851035947527,1288.293156198455
640.1477527124384,1722.578053619512,1288.15891053766
640.2517649671929,1723.4197481793262,1287.9953284349035
640.3198284067013,1724.2011582812286,1287.7728505639334
640.3266162725495,1724.9241557738314,1287.4719257248453
640.2715194198305,1725.5986967561462,1287.0892351796317
640.1726282297734,1726.23696648616,1286.635372304826
640.055809815091,1726.8316240783315,1286.1184378163875
639.9472659260508,1727.3522525245749,1285.5324736331972
639.8643639378064,1727.7768273515544,1284.870232497709
639.8168343097599,1728.1090248795053,1284.1431728031612
639.8150033142205,1728.3638396605609,1283.385266092902
639.8633860535311,1728.5503567071025,1282.63671233913
639.9573178505852,1728.6670645079394,1281.9255840720994
640.0937467591682,1728.7121244209623,1281.2684521433039
640.267506037553,1728.6968835343948,1280.6862415385394
640.4564260794498,1728.6425156072928,1280.2091738444371
640.624335139378,1728.5668926617152,1279.8626854235285
640.7410796641915,1728.4811208715225,1279.6581058010186
640.7982400353108,1728.3873165200393,1279.5909656192782
640.8082025600804,1728.2710095617956,1279.6403722461305
640.789305802142,1728.105910224433,1279.7874981306993
640.7502807307536,1727.8632290899843,1280.033559308883
640.6913641187723,1727.50860547707,1280.3843774578743
640.618123523792,1727.005351405677,1280.8337353294264
640.5463237933513,1726.3250673940124,1281.3683292630278
640.4924793983048,1725.460963235117,1281.9696727491596
640.4574717626464,1724.4654814557368,1282.61071438509
578.3866732511653,1212.1422552664021,1320.5771850194058
577.043631369218,1212.2009295888843,1320.0193349285826
575.7716705502801,1212.2727130664418,1319.5253177805948
574.6193049246532,1212.367489762036,1319.1435794109555
573.6115264018925,1212.489107665374,1318.9022267807861
572.7527915106781,1212.6399331297139,1318.8204972330498
572.0332317930353,1212.8230316282645,1318.9159237099361
571.4339818667274,1213.0378949031942,1319.1975132936593
570.9376205373658,1213.2776693406163,1319.650182316838
570.5357797265478,1213.5324058463048,1320.2315784484285
570.2166977202752,1213.7906420441145,1320.8995093614276
569.9519075242329,1214.037789745655,1321.6373801326433
569.70851708307,1214.2600804311146,1322.4388654275697
569.4655910161293,1214.4521718292324,1323.283428932236
569.2125028154346,1214.6167543849433,1324.1380497794166
568.9419183017856,1214.7587423002851,1324.9708098986175
568.6473161615842,1214.8828302940547,1325.7581281881612
568.3245594496544,1214.9916432178156,1326.4836415245709
567.9769091141354,1215.0844324307582,1327.135591569373
567.6180003424316,1215.1627513097278,1327.7085827078665
567.2687080996145,1215.2355054015475,1328.203777240088
566.9500684199589,1215.313925573039,1328.6223838276587
566.6773521420307,1215.4069462298733,1328.9613649332048
566.4601673256365,1215.5238742922554,1329.2178726861944
566.307690064585,1215.675579703895,1329.394393612702
566.2324528776713,1215.870596445526,1329.4965352185961
566.2484000778225,1216.1107599895051,1329.5268728738115
566.3667006651342,1216.3915466436713,1329.4841813663145
566.5957785491089,1216.7078917757874,1329.3679986460822
566.9452381712733,1217.0595795442327,1329.1794470940627
567.425581321233,1217.4527557595407,1328.9198285034054
568.0416679123007,1217.8987913905312,1328.5919335865606
568.7908614695411,1218.408425245158,1328.1970912702413
569.6692600576023,1218.982820178128,1327.7307797029598
570.6741834390191,1219.6105223909906,1327.1887318535828
571.7999891522988,1220.2724625926621,1326.574187455699
573.036714402789,1220.9500894892128,1325.8950286888507
574.3731417404459,1221.6296486677388,1325.159255661062
575.7995610855929,1222.299435355923,1324.3738190698323
577.3092968517053,1222.9477455787926,1323.5438540691262
578.8960939763595,1223.5633597090696,1322.6752603604034
580.5483658474116,1224.1358846400478,1321.7821680712757
582.2498941882005,1224.6598010006812,1320.8896495026831
583.9865547701203,1225.136161866819,1320.0262748397083
585.7498173253656,1225.5679782307316,1319.2132705737818
587.5344003605561,1225.961212337877,1318.4605036215523
589.3336426927941,1226.3287386139887,1317.7748083256135
591.1402290794572,1226.6835385486263,1317.1663012089782
592.9510235060403,1227.0280874697396,1316.64167386073
594.7637122186925,1227.3521375953933,1316.1989706757781
596.5692306772834,1227.6385655493248,1315.8325020064192
598.3534256884291,1227.8726569957398,1315.5416756003121
600.1049297930222,1228.046001439685,1315.3338299484676
601.8187156471988,1228.15089711682,1315.2170525034453
603.492286576633,1228.1761468029038,1315.1959046608374
605.1219439078724,1228.112637468991,1315.2775342130922
606.7051896166421,1227.9608813299521,1315.4761739016137
608.2456289040233,1227.7291200445034,1315.8049818811626
609.7594747945545,1227.4234418812916,1316.254626323159
611.2756137782607,1227.0431226510984,1316.7814067579077
612.8136627678299,1226.5862417267924,1317.3342022753945
614.3649953979701,1226.0564150023051,1317.8848826347776
615.9096999415649,1225.4653414227796,1318.416301107256
617.4376964794873,1224.8321910438424,1318.9075339503918
618.9429291304024,1224.179701680801,1319.3471411068776
620.4151347487037,1223.5283942879182,1319.7399721489949
621.8469705883065,1222.8936758213408,1320.0924573154664
623.2386345375617,1222.2897444143762,1320.4040345697738
624.5838776500105,1221.7332085774035,1320.6833870059052
625.8564126959267,1221.2373933012511,1320.9578906125075
627.0187866006,1220.8079753054642,1321.2542816223345
628.036768757891,1220.450819438907,1321.587068987471
628.8857906796218,1220.1779656067229,1321.9611736451118
629.560928781733,1220.003932069145,1322.3632012888265
630.0794899711514,1219.9425490268593,1322.7626300557647
630.4606261421486,1220.0030534464502,1323.1351731092154
630.7055331262267,1220.1838885239304,1323.4753407411788
630.8000059203486,1220.4734601914033,1323.7883602352515
630.7292074446697,1220.857853376945,1324.0762598814167
630.4936619043751,1221.327491522884,1324.3212200904618
630.1147055474198,1221.8785654013636,1324.4807649991326
629.6142669611538,1222.5080192531175,1324.514717038171
628.9947433534131,1223.2074966699722,1324.4103025221307
628.2515834699306,1223.9682466257923,1324.1688575785645
627.3904582646459,1224.791961753272,1323.788958298744
626.4229663375369,1225.6875150754881,1323.2708938237633
625.3603651186199,1226.6579200247013,1322.6214659039479
624.2151389517521,1227.697999992362,1321.8549701808915
623.0013333998187,1228.8008375189995,1320.995569336583
621.732458993092,1229.96183083072,1320.0736849158866
620.4240843731623,1231.181634829668,1319.1098316907985
619.0981531087585,1232.4669048976161,1318.1002441234505
617.77425526044,1233.8230946871377,1317.0320357104895
616.4521918461735,1235.2451256746642,1315.9127262843942
615.1094699876273,1236.7168412424455,1314.7701529690642
613.7235179680276,1238.219715594992,1313.619285524697
612.2977881092611,1239.7417110718416,1312.4314923396705
610.8599153163593,1241.2765315936567,1311.1455287387037
609.4388246115124,1242.8166084258792,1309.7149738146938
608.052959062965,1244.3529291786347,1308.1428976875973
606.710964541701,1245.8782140019305,1306.4811282937453
605.4112107600005,1247.3815663982841,1304.807335433447
604.1428111290929,1248.8425165198094,1303.1932124724833
602.8959999586107,1250.2356603869166,1301.670054096778
601.672443412065,1251.5389113703202,1300.2103924153412
600.4803546455039,1252.7374217073773,1298.7452993203863
599.3288267511355,1253.8270991167626,1297.2030589647584
598.2300780838252,1254.8168550401026,1295.5539257964786
597.1992486989477,1255.7236623960225,1293.828530269418
596.2553130497322,1256.5672515571878,1292.0781727122935
595.4116279453393,1257.3685863788196,1290.3444699535892
594.65865148324,1258.144490681204,1288.6722353969476
593.9689344455265,1258.9040245216281,1287.1039788548771
593.3151472205535,1259.653458926136,1285.6603890386632
592.6808642292258,1260.3999126198387,1284.3435666987525
592.0651578373563,1261.1521884656845,1283.1537677230167
591.4832974773674,1261.919420776312,1282.09392060599
590.9639235232496,1262.6997274022733,1281.1523752096275
590.534535946691,1263.4689850663992,1280.299991706043
590.2081013701604,1264.185003502543,1279.504792115281
589.9884357253512,1264.802564370234,1278.7284589218984
589.8703859858003,1265.2864838815917,1277.93155894567
589.8357919180472,1265.6165359281663,1277.094424716934
589.8700131388437,1265.7870997066111,1276.2126938850759
589.9727199362716,1265.806547987671,1275.2897878726849
590.1411626880663,1265.6981950731,1274.354119791276
590.3615634107151,1265.4990869275996,1273.458678251146
590.627152852829,1265.2521228952726,1272.647063521629
590.9423712966238,1264.9948788253926,1271.9417793269774
591.2978963022892,1264.752460867161,1271.3708900874797
591.658097027929,1264.5381053403264,1270.9816787457542
591.9825140717151,1264.3581924917837,1270.8157640720337
592.2519698710321,1264.216547746716,1270.8778752365174
592.4681455219031,1264.1157073920042,1271.1362445633793
592.6339235538918,1264.0528644533508,1271.5489494268252
592.7415233331296,1264.0174912212285,1272.0851566109304
592.7799157261225,1263.9984876950589,1272.726318385127
592.7474351386304,1263.9900690802242,1273.4538644743789
592.658372211118,1263.9885475310712,1274.2362713797684
592.5414889166257,1263.9875972957784,1275.0319665194038
592.4210973182533,1263.9770337118448,1275.8151735762203
592.2976738975761,1263.9462080712588,1276.5968114815048
592.1605785945476,1263.8890311485975,1277.4057111907084
592.0155935546624,1263.803325289544,1278.2495879749933
591.8864431830888,1263.6861059707526,1279.110820852564
591.7975273121706,1263.5321624426488,1279.9728018958979
591.7681610522893,1263.3379698079325,1280.8285909848842
591.8166117289866,1263.1080489599888,1281.669694412022
591.9612167536018,1262.8585664168108,1282.4755133630842
592.2238481020136,1262.6159062022393,1283.2082879774516
592.634116894691,1262.410799251245,1283.827505730965
593.220585652484,1262.2696508469185,1284.3293027750758
593.9948063166289,1262.2042380085254,1284.773229298292
594.9455194125934,1262.200148824979,1285.2592663064297
596.0475247503349,1262.2150781539137,1285.8692314038833
597.2733729627265,1262.1956218283435,1286.6205020030784
598.5963716335916,1262.0975603260533,1287.4662538656885
599.9903823929814,1261.8961124950488,1288.333757498463
601.4387781842445,1261.5880875423466,1289.1541440629567
602.9483784507763,1261.1859642840793,1289.8612183480054
604.5390362139151,1260.70872595305,1290.404509990557
606.2153875463325,1260.1783000201394,1290.7772077510933
607.9656447118551,1259.6180036824592,1291.0018446326765
609.7768402430822,1259.0501239811504,1291.0983356102802
611.6391182477095,1258.4969822171786,1291.0738402812235
613.5503296285179,1257.979246703556,1290.9192683497345
615.5102742764908,1257.5073908687013,1290.6287948441466
617.4977951016623,1257.0822366678335,1290.2380861304723
619.4700002879564,1256.7104406961575,1289.8187912767592
621.3889317554437,1256.414162608889,1289.4327514918575
623.2370314308839,1256.222562636881,1289.1051954036438
625.0112902120169,1256.1587913210276,1288.8304709852139
626.7041862116553,1256.2345133144925,1288.5994084642552
628.2867125077839,1256.4495546612054,1288.4287645382403
629.721926296651,1256.7953111031627,1288.3530615005068
630.9970893656201,1257.2613835709444,1288.3770268664357
632.1300124895766,1257.8421596757714,1288.4468016177736
633.1388478616938,1258.5378735892184,1288.4948001626535
634.0105395730424,1259.3430361496867,1288.5148796303947
634.7122892650393,1260.236285398672,1288.557497652585
635.2300463081119,1261.194528979633,1288.6582638030577
635.5768555109148,1262.2119459798387,1288.8094589968237
635.7709600519219,1263.2931835024742,1288.9886160445958
635.8248664507696,1264.4385540023043,1289.186008714388
635.7538355774369,1265.6467314900874,1289.4038697621086
635.5811474126838,1266.9212552741328,1289.6478156196295
635.3318219891758,1268.2650116015504,1289.9271113505665
635.0327213511581,1269.675027149183,1290.2356445511205
634.7164615687252,1271.1462747970468,1290.528673717236
634.4047479291742,1272.672329192756,1290.758499987227
634.0949316655912,1274.2424952646481,1290.9156102659786
633.7776715920288,1275.8457502442868,1291.0016595249979
633.4489381263417,1277.4746609857427,1291.0098310600717
633.1093885045273,1279.1267607254065,1290.9369955326104
632.7741784978805,1280.808086938644,1290.7729219212065
632.461675124841,1282.5266559674499,1290.513378591249
632.1667943138259,1284.27659504591,1290.1934182087512
631.8666615585539,1286.0327710854194,1289.8612557570714
631.5384087835637,1287.7560289789978,1289.5313120522308
631.1631493004522,1289.4014621533047,1289.1743038587542
630.7298262324265,1290.9316102907333,1288.726004686071
630.2400087941295,1292.3286736649447,1288.1029517343047
629.7100100831838,1293.5967437029858,1287.2262168441418
629.1703550727227,1294.7567534253667,1286.0461425122717
628.6571424489048,1295.8402963841377,1284.561539630615
628.1998940656104,1296.8796858339697,1282.822971783301
627.8133592723389,1297.894969909219,1280.914595252486
627.4894435426694,1298.8896939511349,1278.9295983407706
627.1966885351692,1299.857583633699,1276.950862646228
626.9043034967658,1300.7920203068682,1275.0262568250337
626.6092887919165,1301.6921032742343,1273.1538063026337
626.32301688761,1302.560633135368,1271.3202647146675
626.0417852315858,1303.400498948704,1269.5496678235113
625.7593107254266,1304.2182026435983,1267.8731840087735
625.4909432967806,1305.0248688889667,1266.2767203654653
625.2528179746989,1305.8271896761119,1264.731051870268
625.0344598761341,1306.6204582761727,1263.2441068698333
624.8174273345124,1307.3921675576355,1261.8401319551665
624.606802104799,1308.1286647397355,1260.5118100394302
624.4284584111556,1308.817263983844,1259.2226243524049
624.2980440355661,1309.4458026186485,1257.9578145328298
624.2042309502182,1310.004193121572,1256.7532038013778
624.1338628987676,1310.4876027059663,1255.6503787013094
624.0989339475566,1310.8971685771526,1254.6490096752025
624.1168144162941,1311.2368143000192,1253.7350997409676
624.1802101786254,1311.5119731678244,1252.9224338525835
624.2708867809162,1311.7320123724244,1252.2338851993054
624.388046575257,1311.9089805715032,1251.6702955858811
624.5452540628595,1312.052937330444,1251.2155093262882
624.7490866952282,1312.17003126873,1250.856186310231
624.9894750416465,1312.2637857695197,1250.5947593135584
625.2465275336501,1312.3368640186402,1250.4514238191744
625.5011538094052,1312.387439566146,1250.4573953614827
625.7387260875112,1312.4006961214232,1250.644699612527
625.9483874895526,1312.3498714530604,1251.0348780426968
626.1282323506325,1312.211378952096,1251.6217680955133
626.2892381995664,1311.9758847411456,1252.3605907693504
626.437327237998,1311.644446126003,1253.1994440055817
626.5563610925992,1311.221901180329,1254.1198776205238
626.6290477556463,1310.716248291136,1255.120712257627
626.6636848764825,1310.1390491349275,1256.1862607172798
626.687256157107,1309.5040834776723,1257.2920487881606
626.7314136171839,1308.8240945995904,1258.4079839612066
626.8345379719376,1308.106636084528,1259.4795515917344
627.0353477047743,1307.3562711405552,1260.4389111439248
627.3597496632353,1306.5858791014662,1261.2416255670366
627.8292754843844,1305.8237917768527,1261.8779357502744
628.4702326605485,1305.1016296347789,1262.3777938896312
629.2985404705282,1304.4314512596136,1262.822551898566
630.2963667616515,1303.7962990594574,1263.330441445351
631.4051653941293,1303.1588714287514,1264.0139092813167
632.5574235747878,1302.4753374034558,1264.9199519965698
633.7200386479049,1301.7100479616886,1265.9944936350425
634.8924816585475,1300.8500364792214,1267.1249895378312
636.0815382243989,1299.909987111151,1268.2118506990785
637.298066914467,1298.9242931503347,1269.1910908308223
638.5578314067465,1297.933689796298,1270.0244120568855
639.8722464502866,1296.9742895579784,1270.6906176476582
641.2489887665793,1296.0721773510593,1271.1746520576482
642.6967748168557,1295.243216549307,1271.4625787943128
644.2163225820893,1294.495302842016,1271.555016890079
645.795351981187,1293.831286035296,1271.4760774893
647.4142397687517,1293.2538812764344,1271.2688952973808
649.0450324046723,1292.7684024162609,1270.9942413857825
650.6508161794345,1292.3810979749346,1270.7227641683642
652.191844541386,1292.0991179478879,1270.5158325863981
653.6318343914655,1291.9296761494704,1270.4104231794756
654.9443316469253,1291.8757021382075,1270.412653656463
656.1128929352762,1291.93560206224,1270.503301823824
657.1256652818348,1292.1068356740864,1270.6552953288774
657.9786161991374,1292.3837212628082,1270.845144305423
658.6843725848075,1292.7529763385974,1271.0518877826314
659.2712365203338,1293.200167944674,1271.258929805168
659.7707602647939,1293.7218932993337,1271.4609965010818
660.2052611553947,1294.3274555524124,1271.6654324763206
660.5864998303973,1295.0275366934272,1271.8849398090251
660.9238896794967,1295.8206279878948,1272.1279169854
661.2298678664772,1296.690895195976,1272.3987803028817
661.5161100163913,1297.6184351534416,1272.7079775001944
661.7880937034645,1298.5900176646855,1273.0726079517722
662.0484315784751,1299.602597477182,1273.5018865321229
662.3052490038904,1300.6579071954266,1273.9850264673764
662.5730911805393,1301.7546440518868,1274.495664101124
662.8637668400054,1302.8882463795287,1275.008534218671
663.1766887137412,1304.0523910907468,1275.5115343428015
663.4988823606575,1305.2359290313877,1276.00403153209
663.8129140091274,1306.4232153055814,1276.4895492849228
664.1090232553591,1307.5983349123296,1276.9636974103507
664.3969928936449,1308.7499354525523,1277.4012656952596
664.7002764454224,1309.876873987851,1277.7663776875534
665.0359242947065,1310.9867468213347,1278.0397589282159
665.4043970281991,1312.0866184448687,1278.2275475257097
665.7922629045722,1313.1776113644603,1278.341325349699
666.1805439549781,1314.2561559689561,1278.3710745545638
666.5529569847682,1315.3188306263726,1278.2799195897348
666.899778292351,1316.3693466529928,1278.0245381588047
667.2192690967921,1317.421622932983,1277.5823711673809
667.5155524483349,1318.4935245099455,1276.9678880280453
667.7913414684309,1319.591122350132,1276.2257539503564
668.0449481674713,1320.6917755361449,1275.3994172206637
668.2707307919233,1321.744698689654,1274.5030012267678
668.4461593520135,1322.6937182977074,1273.5379647566035
668.5289984805605,1323.4974169686827,1272.5192701157246
668.4906886792452,1324.1299346743717,1271.4518516836265
668.3409131798707,1324.5808966923769,1270.308489597604
668.1140971467863,1324.8644315497484,1269.0533026281494
667.8479593065063,1325.016652475768,1267.665872760835
667.5746415136701,1325.0770219572212,1266.1427057106741
667.3246357106362,1325.0762096784713,1264.4888963097578
667.1276939041675,1325.0383535323529,1262.7170481999528
666.9970205642054,1324.9833450688532,1260.8617494547852
666.9192119651838,1324.9253475827693,1258.9867325364735
666.8655648242092,1324.8736911066676,1257.169411956685
666.8062610171302,1324.8325152064147,1255.481027716252
666.718328521329,1324.801889705037,1253.9787206324625
666.5905342826388,1324.7857193290454,1252.7042264451209
666.4255275472353,1324.7938390454456,1251.672003716843
666.2353474587264,1324.8334040431348,1250.862472449744
666.022542063354,1324.9042043947106,1250.256433897623
665.7691782603277,1325.0035712250137,1249.866160615397
665.4519620304935,1325.1306442537127,1249.7124909161837
665.0563682090686,1325.283805269701,1249.798293738684
664.5846458645492,1325.457285242028,1250.1038572869825
664.0593322222652,1325.6412439609255,1250.5907544517645
663.4981573357162,1325.8206033734589,1251.234036554342
662.8886940702147,1325.9714777255379,1252.0427701879596
662.202500668595,1326.0636062924896,1253.0221212296567
661.4181855877569,1326.0731153411753,1254.1391393234248
660.529059537746,1325.9955730700951,1255.3364165890407
659.5534319159028,1325.845368118436,1256.5500628769316
658.538582466838,1325.642014236132,1257.7198535357322
657.5329577971631,1325.3991603169598,1258.824848212901
656.561745071548,1325.1241938981243,1259.9037399509284
655.6427566604045,1324.8180083696698,1261.0097776554953
654.797016457403,1324.470312154211,1262.1650177703305
654.029987641668,1324.0609057134666,1263.362286614088
653.3285791194998,1323.5698033910066,1264.5747115092445
652.6889825420603,1322.9903133856392,1265.7479709705353
652.1402196808059,1322.339828753322,1266.7997130643205
651.7315116676352,1321.6580760475067,1267.6606385017199
651.4938988584857,1320.988582572778,1268.336700569595
651.42109538885,1320.3585020549137,1268.9184829194996
651.490116648347,1319.771353202752,1269.511721417318
651.6845340416205,1319.208767383222,1270.164673196753
651.9835055590795,1318.637201660703,1270.871639630115
652.3403955232593,1318.0227476505154,1271.616795030322
652.6913016495967,1317.3483079687612,1272.3808829546742
652.991283098142,1316.623485145414,1273.117446788793
653.2401882041784,1315.8805412211973,1273.7497147929957
653.4722747810611,1315.1575872189374,1274.19752125986
653.7266775777642,1314.483797228707,1274.4069759774957
654.0266327443404,1313.8771836654437,1274.3632324445125
654.3775813780923,1313.3510761462826,1274.0852748913103
654.7761425734897,1312.918779974149,1273.6149830380666
655.2174794649499,1312.591864407413,1273.0077169317847
655.6954320281343,1312.3783124703884,1272.3230797660494
656.2045214063862,1312.282887829636,1271.60930424039
656.7514543713712,1312.306698250184,1270.886939169628
657.3381299317717,1312.4446161176095,1270.1838547216921
657.923120890589,1312.6825007714965,1269.5894812654294
658.441219531879,1313.001777501772,1269.2157479145503
658.8605645179679,1313.39025694914,1269.1142341614925
659.1937058832951,1313.8461951856223,1269.2646085218478
659.4730947719075,1314.374205757847,1269.6064543913549
659.732607600899,1314.9797476150347,1270.0641153914626
659.9887281074266,1315.6642117229758,1270.5855775041541
660.2297259577556,1316.425795492601,1271.1732519164784
660.437654669154,1317.2640275925557,1271.8557776248679
660.614032681457,1318.179697093826,1272.6466302787799
660.7711130446513,1319.1737267931996,1273.54804103711
660.9150250394343,1320.2484449268666,1274.562630976836
661.0528517611681,1321.4058447271211,1275.67766671544
661.1952259687591,1322.6402922550906,1276.8612329149405
661.3475746220452,1323.9346724128982,1278.072043765483
661.5194963293353,1325.2667571829784,1279.2494657966351
661.7233452471779,1326.61837295566,1280.3299457196538
661.9536325472678,1327.980478527547,1281.2920384255024
662.1931189741111,1329.3507889791554,1282.1546483194008
662.439759720459,1330.7269623551533,1282.9366492536838
662.7199215767085,1332.1058302762428,1283.6306337553415
663.0675082158774,1333.4843670045439,1284.217005897916
663.4863590037294,1334.8527190822847,1284.6979367383296
663.9478470052212,1336.1874852817193,1285.0917372099984
664.4210013335717,1337.4572851016057,1285.3956032225526
664.8931301526403,1338.6366065718216,1285.5685649378695
665.3703540774304,1339.7122235707361,1285.5445449045233
665.8611343199043,1340.6774718108607,1285.2700661009785
666.3615198075354,1341.5286627850307,1284.7389018622748
666.8631970807292,1342.2693270544514,1283.9860254689318
667.3590749070455,1342.9090178967872,1283.0648664090172
667.8350391228503,1343.4561769141771,1282.0343100580799
668.2842038779993,1343.917347883382,1280.9259024674957
668.7246883497963,1344.299960608372,1279.7231659288157
669.1727842306725,1344.614792744805,1278.4182155947396
669.619449596585,1344.8829697107876,1277.0611628167196
670.0535261963757,1345.135918168474,1275.7187690538776
670.4795518535067,1345.401854893661,1274.4277193939527
670.9067306219757,1345.7005167049135,1273.2005793810129
671.3367986167948,1346.0456062573007,1272.0448456421004
671.7636134794493,1346.4393134721995,1270.9689332707355
672.1807979481498,1346.873410451854,1269.9773822601107
672.5831089755778,1347.3378681766665,1269.0682127156078
672.9614220143596,1347.8202477376003,1268.2361731852807
673.3062272359697,1348.3055165800959,1267.4728880323912
673.6146045027364,1348.7809707922684,1266.7645466375714
673.8876533845926,1349.236197481647,1266.0981532802184
674.1200737649986,1349.6633069043664,1265.4786746530335
674.2965301827041,1350.062510149265,1264.9337584238117
674.4061508872538,1350.4445501566038,1264.4883400402475
674.4565349323325,1350.8218215065683,1264.1425285439075
674.4662481450733,1351.1951219150305,1263.8832557705393
674.4486583535399,1351.552088973481,1263.7071706565116
674.4067250567253,1351.878896245764,1263.6274175220756
674.3413984209348,1352.170504670922,1263.659511428621
674.2599180613704,1352.4274843284693,1263.8024106395414
674.1698908970586,1352.6443177222236,1264.0387371894649
674.0676276802033,1352.8029625359522,1264.3483720456722
673.938735340566,1352.878372518895,1264.7130179906833
673.7707154541721,1352.851714603876,1265.1119128536461
673.5646650287977,1352.7188194314924,1265.5209439883845
673.3390211064589,1352.4877927190623,1265.919856085369
673.1228832836317,1352.170888391328,1266.3060695690053
672.9425744596214,1351.7779247211263,1266.7011212975272
672.8126518558344,1351.3145603052842,1267.1373865370033
672.7322635450699,1350.780398067681,1267.6405517155038
672.683454174477,1350.166989022202,1268.2218232513155
672.6411233065896,1349.4617772341644,1268.8678213729968
672.5928865678547,1348.6572721506936,1269.5316933522488
672.5466584002017,1347.761994239306,1270.1511731286803
672.5202326183407,1346.8058478617754,1270.6846212024477
672.5271873277802,1345.8331379928625,1271.1321433363237
672.568579503917,1344.885393367946,1271.5331940135075
672.6407282854071,1343.9855815193362,1271.931673833645
672.7518316603695,1343.1365887230027,1272.3283133860364
672.9067415069078,1342.3285115950146,1272.6941187896286
673.0725761766589,1341.5437077105394,1273.0251951788593
673.1908994898776,1340.7660015006936,1273.3413797003893
673.2278547636395,1339.9965336750236,1273.6419271428986
673.203200105255,1339.2612511836107,1273.8828868736523
673.1766768951118,1338.60180246132,1273.9933579108895
673.2027152947524,1338.0585319000022,1273.926356692682
673.2978117239104,1337.6592698902575,1273.687604159974
673.4526245387224,1337.419353741023,1273.3058914625424
673.6554822274076,1337.3448109429917,1272.8065943232343
673.8993828558213,1337.4331480854134,1272.2172520553445
674.1800679646581,1337.675872033669,1271.5771931534591
674.4902059874911,1338.0623587477546,1270.941260088954
674.8227814769782,1338.5794649840532,1270.3606309345064
675.1806596190803,1339.2077955493885,1269.8562715223684
675.5639934768968,1339.9228497439467,1269.4391057403311
675.9535333527696,1340.7031810588549,1269.142106320993
676.3273309927672,1341.5380593557916,1268.993614859096
676.6896703082391,1342.426903873847,1268.9710750307368
677.073847947695,1343.3699768687334,1269.0054733587526
677.5141666585446,1344.3624623050266,1269.0324906312287
678.0217808719528,1345.3995447070258,1269.027291855603
678.5966442856444,1346.4803319275861,1268.9855289427435
679.2503008122127,1347.6038841050463,1268.895191647966
680.0048573568151,1348.7663817272523,1268.740476228455
680.8707842939389,1349.963459682882,1268.5234916511845
681.8286809831238,1351.1933634767745,1268.2737687221186
682.8403625885554,1352.4560567727126,1268.030049528087
683.8726068336482,1353.747695178393,1267.8195801923425
684.8984470135229,1355.0561828243717,1267.662362421905
685.8883539130785,1356.3641226216355,1267.5762702705929
686.8246668631905,1357.6596741633387,1267.5510354302578
687.719180135244,1358.943700994607,1267.5277541266323
688.5886155888422,1360.222449682004,1267.443024657556
689.4204091995904,1361.4973520612073,1267.2870676435004
690.1843404035627,1362.7652079016127,1267.0927974071662
690.8631519608758,1364.0231072286556,1266.8890794159577
691.4587660339704,1365.267764528514,1266.6791956121235
691.9856676964438,1366.490577394965,1266.4383147964897
692.4710097920457,1367.6806107914322,1266.1209624876926
692.9415469827268,1368.8323001708047,1265.704702285529
693.4070060591389,1369.9427049436167,1265.224205941976
693.8741289728513,1371.0021199090302,1264.7326371271186
694.3503358400985,1371.99009886281,1264.2683451951673
694.8193250576004,1372.8818181319914,1263.8657550459989
695.2407193039668,1373.662953600738,1263.5469320542873
695.5738794306776,1374.3363180719887,1263.3069828264374
695.7988514703725,1374.909484063298,1263.1176808513324
695.9261644260812,1375.3827365403808,1262.9341218950485
695.9863174350851,1375.7515509030272,1262.709381737153
696.0088663399782,1376.0117928814961,1262.4125266743065
696.0102803042176,1376.1619135026629,1262.037687698181
695.995771277929,1376.2087064262723,1261.6026113898042
695.9680868087883,1376.1747660122426,1261.1411106490887
695.9332678741357,1376.0964334031064,1260.6968419946265
695.9026301737217,1376.0107934945645,1260.3136902981282
695.887992590002,1375.944479601458,1260.027216979527
695.8885839971016,1375.9115256224802,1259.8682083209378
695.8841145230385,1375.9170128493795,1259.86401068478
695.8400543231228,1375.961853135144,1260.029757730547
695.716318968444,1376.045094043614,1260.3643559519337
695.4801071085085,1376.1631834781188,1260.8510430630643
695.1274013121041,1376.3093605449662,1261.4456578211518
694.6885797430734,1376.4756973610606,1262.0767718142463
694.194502333107,1376.655625705664,1262.6962108686819
693.6489916946579,1376.8447777656672,1263.3152097879613
693.0453004469274,1377.0392041847708,1263.9640718502576
692.3845365214635,1377.2297043821677,1264.6485363067516
691.6792628481506,1377.3978161782704,1265.3452951004615
690.9534535655058,1377.5174230219454,1266.0126872965607
690.2224787416819,1377.5571436162227,1266.6264199319032
689.4750604747919,1377.4861087650295,1267.20196590485
688.6892851737301,1377.2874366549822,1267.7604608000684
687.8565710582764,1376.9690736612806,1268.2969052817593
686.9893082057066,1376.5605169508895,1268.7902330661739
686.1175693507557,1376.0952376758892,1269.2225257729597
685.2787487816585,1375.5924276700105,1269.59065703266
684.5041793114867,1375.0557689281554,1269.9130274296542
683.8081203567957,1374.485324023849,1270.2242320907324
683.18614534717,1373.8804449902004,1270.5519819796732
682.6256338793152,1373.228686412022,1270.891615601271
682.1150751784182,1372.5041469796445,1271.2033812339682
681.6412651295341,1371.6863877643152,1271.4372258838273
681.1899583926926,1370.781179404163,1271.5558258870392
680.7699533068719,1369.828519261952,1271.5233444575715
680.4233223285696,1368.888397242226,1271.3011437398868
680.1878047486136,1368.0079179829916,1270.8898493943964
680.0669885501882,1367.2032805901595,1270.3495498858101
680.0385299243467,1366.4670107206846,1269.7667739995545
680.0672757134531,1365.7798182560316,1269.2180517158613
680.1218975148638,1365.1232497050185,1268.7390707737889
680.1905640790823,1364.4911281617408,1268.3103688439294
680.2691050601204,1363.8889117899143,1267.8965276348295
680.3424140336276,1363.3268855567349,1267.4930952733578
680.392653023848,1362.8174435018634,1267.1118303489604
680.4163878365656,1362.3740197839888,1266.743524996874
680.4302287826671,1362.0107587175564,1266.35024308717
680.4641663549214,1361.7416958655554,1265.885179531691
680.5397525441417,1361.5748785859714,1265.3353187502646
680.6597641172613,1361.509868225706,1264.7312584791096
680.8269469888927,1361.544540117907,1264.0976918889612
681.0519462867344,1361.6778808984434,1263.4409015738188
681.3389647021295,1361.9065531818921,1262.7898001480846
681.6796544985858,1362.2249724500948,1262.2022234831504
682.0536538304863,1362.625703322095,1261.7439447586544
682.4346434152599,1363.0996845512927,1261.4709663686117
682.8048957941905,1363.63993900641,1261.405478661517
683.1568941096804,1364.2435111932969,1261.532987521568
683.4899652899804,1364.91077379882,1261.8192398248348
683.8210634611814,1365.6460676359961,1262.2108565920032
684.1842883342317,1366.4568462468894,1262.6406710010822
684.5997445650969,1367.3488152943837,1263.0688702461196
685.0545725818592,1368.3255200487556,1263.5076522768086
685.5283786998216,1369.393340538504,1263.98308229438
686.0167294407116,1370.5583148891058,1264.4977599425995
686.5211487774475,1371.8191837936874,1265.0397773967647
687.0394016813536,1373.168177946219,1265.5901397848656
687.5701710937772,1374.5927842518354,1266.1133312711122
688.1099020173344,1376.0781575425333,1266.5736184691375
688.6510155191032,1377.6137897645624,1266.9561043046133
689.1957480003017,1379.1927500442923,1267.253294480633
689.7521893000398,1380.8007348017545,1267.4680413280907
690.3128050089504,1382.4096884785117,1267.6358397099036
690.8574256113378,1383.9829492052465,1267.8027665776915
691.3683251472586,1385.4844740784963,1267.9864415122674
691.8323732133489,1386.88378403176,1268.1619559574858
692.2468083501622,1388.1608797804417,1268.2525718432476
692.6298946749857,1389.317723203169,1268.1380350064774
693.0105474878833,1390.3882616028884,1267.7184246699223
693.4093658413916,1391.4355889028334,1266.9856381353375
693.8427867211785,1392.530900549013,1266.0245728843047
694.3305414348831,1393.7237781706099,1264.964726163258
694.8849779506758,1395.0232752919096,1263.9270364712363
695.4942682025671,1396.3942704182723,1262.9886541084202
696.1064129366199,1397.7690609118401,1262.1971305376674
696.6384158389476,1399.0729745490949,1261.5853459249352
697.0207794570838,1400.2447108207425,1261.1299826972677
697.2315268131509,1401.2394494390624,1260.7123625115312
697.2938000476714,1402.0263600134774,1260.1414057935883
697.246458473324,1402.5896753798522,1259.2338112502257
697.1168747449035,1402.9330927118774,1257.8875163487235
696.9290810149236,1403.0901566495377,1256.0870491326343
696.7217775091791,1403.125960818524,1253.882044184791
696.5446538280456,1403.1038807206169,1251.3740456212029
696.4412621904454,1403.0506084212905,1248.703210959106
696.4300591369074,1402.9710200164297,1246.046822109846
696.5037475708634,1402.8796927746644,1243.6038079028497
696.644251705123,1402.8029675531695,1241.548284949982
696.8260868973316,1402.7674188549377,1239.9903825107772
697.0109422533014,1402.792431578215,1238.96343395652
697.1465637115787,1402.8842445976259,1238.4362656792184
697.1744061010556,1403.0354182166213,1238.3384110158859
697.0486733551318,1403.231717636023,1238.5752134244265
696.7516118516673,1403.4583677359096,1239.0399588602502
696.2933366439961,1403.701016997978,1239.6321646027945
695.7076809332295,1403.9446252615994,1240.2668229375743
695.0406466441366,1404.1743261052907,1240.885997536055
694.323818189192,1404.3780517607177,1241.4838706837681
693.5709996318741,1404.5463649375813,1242.0967746432518
692.8072244071328,1404.6672311336276,1242.7522896093215
692.0650172905489,1404.7231404621753,1243.4603371015596
691.3498844085268,1404.6972488404037,1244.2384505514349
690.6422372726579,1404.5817294634912,1245.094913858099
689.9237931943669,1404.3798188375333,1246.0074410139766
689.1896562094468,1404.1029026603255,1246.9413492851288
688.4513339670098,1403.766793844352,1247.8703685315488
687.733822979739,1403.3860762773988,1248.7855157013068
687.0639904259731,1402.965841392762,1249.70012885014
686.4596813050059,1402.497978084242,1250.6440857520101
685.9307129289379,1401.9658204238228,1251.6433994663635
685.4837880708858,1401.3518501385179,1252.6993924567416
685.118074135844,1400.6445720599495,1253.7849667822632
684.82222144119,1399.8442177353952,1254.854690235767
684.5907818979971,1398.9667003857348,1255.8457665558235
684.4463839089142,1398.0439238790204,1256.6788776984442
684.4248709504664,1397.1177354329259,1257.310839376495
684.5353883873859,1396.2260021560967,1257.7970630081134
684.7547258280636,1395.3855498244357,1258.2591429359645
685.0510743098869,1394.5851083709913,1258.7880554757558
685.3962797337331,1393.795635293318,1259.3911260562932
685.7574820620075,1392.9900043092314,1260.0229264499912
686.0936477727366,1392.1588814038732,1260.6331929121711
686.3785327561832,1391.3137395174826,1261.158694312701
686.6190514504021,1390.4808680105234,1261.5093109971226
686.8440278454971,1389.695852762117,1261.5972675139335
687.0819822161933,1388.9947895011928,1261.3706551138619
687.3480642152876,1388.400190812725,1260.8226191376193
687.6514130133372,1387.9131488775954,1259.9741098188083
688.0065578700929,1387.5189535092015,1258.8545072541
688.4194268582523,1387.200555005199,1257.518380647115
688.869291379552,1386.9454298874614,1256.0650714595151
689.3196774847371,1386.7413865679446,1254.6132657516384
689.7367389588602,1386.5747723652248,1253.2687460407572
690.0918683964519,1386.4347076375905,1252.1181751908252
690.3610509534818,1386.316397653585,1251.2259774754316
690.5289027976803,1386.2247715417527,1250.624259803617
690.5905419502618,1386.1758007905055,1250.3066781453342
690.5488026575312,1386.1900914062237,1250.235107893
690.4103618251889,1386.2850003246788,1250.3610887177176
690.18353824534,1386.4719560646367,1250.6532896615772
689.8800586712451,1386.7588728524931,1251.110316648435
689.528369976685,1387.1550212799789,1251.736834767702
689.1836488568664,1387.6716769409466,1252.5108573858358
688.8985037314301,1388.3163012064413,1253.403047631974
688.6880285008456,1389.0879249848017,1254.4054283056992
688.5422511840665,1389.9759124359919,1255.5060243346622
688.4431731550459,1390.9593776280615,1256.6772734305885
688.3651906824063,1392.013172447888,1257.8915223531308
688.2906672034132,1393.1182327962847,1259.1085849435854
688.211748534971,1394.2645476989244,1260.287829928322
688.1129362666857,1395.4483442418255,1261.4259743705234
687.9796274338212,1396.6682219189372,1262.5423813408283
687.8164695007392,1397.9203725420393,1263.644182780731
687.6398631522493,1399.1940087650637,1264.7276425959512
687.4559879552831,1400.466851412707,1265.790831703477
687.2506217404739,1401.7047987926492,1266.8273073089144
687.0016468994379,1402.8722415096317,1267.8048250079926
686.6981483364306,1403.9511729593517,1268.656553605355
686.3480529801734,1404.9555104184183,1269.303843954324
685.9777741254076,1405.926617412684,1269.6915381930946
685.6224673666878,1406.9145078208471,1269.8123848383486
685.3064333719342,1407.9576616697475,1269.7125296555823
685.0310375203331,1409.0659621317088,1269.4702292860072
684.7782743077858,1410.215281160369,1269.1547860887463
684.5257569259653,1411.3587142701017,1268.7886918021277
684.2600529622524,1412.4422844203473,1268.342194448503
683.9664387475009,1413.416891570488,1267.7796247327665
683.615889454157,1414.2469971709825,1267.0997395358888
683.1885818068832,1414.9133819169579,1266.3040139438535
682.6982586828678,1415.4130941420792,1265.3594139264956
682.1779105537817,1415.7623200454912,1264.2203756072763
681.6608249029966,1415.9935362839979,1262.8577477241645
681.1773827972104,1416.1419699785695,1261.2653729084889
680.7502142879383,1416.234572062356,1259.468188941763
680.3853071180264,1416.289602158911,1257.5297111784525
680.0697126244299,1416.3196570696366,1255.5442270979697
679.7801566427756,1416.330344526141,1253.6157995081753
679.4931947949299,1416.3194395362698,1251.837997640271
679.1903425316326,1416.2851630810542,1250.2799283018476
678.8592850893755,1416.234186590678,1248.9779118406586
678.4854846995208,1416.1749077552097,1247.9418722096348
678.0422250255829,1416.105504474653,1247.1710473371463
677.4985056242982,1416.0140045160827,1246.6601039314614
676.8388463407309,1415.8868691621797,1246.3951611722146
676.0721902264273,1415.7156422050207,1246.3553258879008
675.2251753853626,1415.5006247246545,1246.5220201689108
674.3299130944404,1415.249524746585,1246.882101230945
673.4089222173125,1414.9692676016534,1247.4331240563881
672.468496635123,1414.6543983613135,1248.1880238899062
671.5078292184197,1414.2802486382152,1249.1586249923987
670.5181865650272,1413.8137383773678,1250.351708687195
669.4815850385012,1413.2350140710464,1251.7713067133893
668.3986738787117,1412.5445267894704,1253.3757892885565
667.2948965467787,1411.7528077878774,1255.0710794835277
666.1828932712185,1410.8731161817575,1256.7903408110362
665.0555825719174,1409.9236997334688,1258.5316573441787
663.9188716505133,1408.9269849659836,1260.31468034984
662.8071197571796,1407.9006204123198,1262.1453525652025
661.767260827502,1406.8505659635819,1264.0206731594212
660.8257380186153,1405.7709049701848,1265.9584795156434
659.9737629186204,1404.6443833604824,1267.999375639516
659.1897625113262,1403.4468148288036,1270.1523857982781
658.4622292637534,1402.1645769778222,1272.3609166439564
657.7943207050323,1400.812546479189,1274.5300671255845
657.2044944880604,1399.4329495315083,1276.5701497229034
656.721396046969,1398.07854193673,1278.4330283336478
656.3666557706491,1396.78887474626,1280.1377130255883
656.1385289710369,1395.5688408005146,1281.7631307136903
656.0176862001348,1394.3883358239577,1283.3912865737848
655.9860975317196,1393.205019013349,1285.0403833948276
656.026597301736,1391.9898567466212,1286.6589529504035
656.1080916712202,1390.7392209024003,1288.1748700936514
656.1951375558489,1389.4707096672994,1289.517260033504
656.2806106969186,1388.2121987420012,1290.5949060237522
656.3911294531573,1386.996280958156,1291.3100296667321
656.5583867275225,1385.857776036151,1291.6127377546238
656.8012890899993,1384.8271967664534,1291.5146763016796
657.1259207959289,1383.9239447498906,1291.0616850661177
657.5274669194799,1383.153700581638,1290.3142044508302
657.9937674762707,1382.5089303031757,1289.3415211447664
658.5061673401657,1381.973239814151,1288.225094495732
659.0402045363809,1381.5284824652522,1287.061295324271
659.5695520047096,1381.156084357556,1285.9520118288772
660.0651791512522,1380.8341259222816,1284.9892511120406
660.4939563720877,1380.5406082647912,1284.2392391248413
660.8243283095552,1380.2594751166466,1283.7249547805427
661.0323264953824,1379.9842827009188,1283.4187847760197
661.1036991571284,1379.7221193484152,1283.2594059818377
661.036000965959,1379.4931746116833,1283.1828475126574
660.84024364899,1379.3200649410685,1283.1470616293223
660.540078228929,1379.2152019039052,1283.1422753840145
660.1718053489803,1379.1803096450792,1283.1845890370178
659.7823114792125,1379.2172917553496,1283.2970461686841
659.418068684861,1379.3349789053664,1283.4944722182981
659.1123093954385,1379.545368627433,1283.7804358169892
658.880559594539,1379.8588112003874,1284.148624389631
658.722889491308,1380.2807659458263,1284.5822557994393
658.6250849188635,1380.806447558646,1285.0615333392175
658.5599263777693,1381.4219681143884,1285.5755900718468
658.499494749806,1382.1144588170944,1286.1084777736028
658.4327225186978,1382.8764967004706,1286.6109629218627
658.3678084439227,1383.703299382084,1287.0136717705766
658.3152301827606,1384.5957409517023,1287.2845722840273
658.2724120796344,1385.5618070831558,1287.460020287791
658.229769258106,1386.6025853445308,1287.6074275718825
658.18622333756,1387.6987459326344,1287.7652268650972
658.1455277904455,1388.8126693270654,1287.9226987598447
658.0877011974953,1389.8963112294016,1288.0549263963287
657.9581527538952,1390.9030099884076,1288.1532105677456
657.7072194897393,1391.808248554449,1288.1957818349167
657.3353706729195,1392.623814105906,1288.1141399583514
656.8889062305512,1393.386256217981,1287.82031118501
656.415562773985,1394.1298304662305,1287.2727268507324
655.9356522052927,1394.8711174918135,1286.5083283192425
655.4558058833973,1395.6084901446247,1285.6061769122039
654.9870226707089,1396.3234523692927,1284.6396407447714
654.5384932236605,1396.9858098527282,1283.6638341704745
654.110274265869,1397.5661268650488,1282.7079429882438
653.6986057832949,1398.0461022538395,1281.7621085227545
653.2928381961383,1398.420469807343,1280.7986731846531
652.8735275173366,1398.6964265146285,1279.8011189098743
652.4420417259771,1398.8941017564553,1278.7368912057232
652.0374191621534,1399.0390351305637,1277.5399625703865
651.6972900277653,1399.1471454583502,1276.1754400138893
651.4268756120509,1399.2193620752,1274.6849331593435
651.2185938281538,1399.2459944708319,1273.1423977109964
651.0702436943482,1399.2085438056595,1271.6095805674588
650.9799197142858,1399.0857084480074,1270.1367476301289
650.9413157968253,1398.866550993259,1268.7712260492926
650.9414414434686,1398.5565237200303,1267.5621770666603
650.9568802669592,1398.1715124856385,1266.5613994335263
650.9551772814696,1397.7293742534548,1265.8140623764696
650.9107652110467,1397.2496399397878,1265.3362925832764
650.8279053022585,1396.757993064677,1265.0908119948615
650.7347302409428,1396.281063672479,1265.009037086749
650.6437983371409,1395.8333564238908,1265.0618637267394
650.5354882148907,1395.413881537729,1265.2833153525153
650.3844784466976,1395.0162179549325,1265.7179215430717
650.183915622072,1394.6382482739361,1266.374620629237
649.9455215972541,1394.2833473711516,1267.2246515791023
649.6898425260224,1393.9550823245713,1268.2145342349252
649.4342002773867,1393.6494231951374,1269.2828528600023
649.1752201160047,1393.3519157126607,1270.3975307220032
648.88043331989,1393.0427970321716,1271.5792315212752
648.5118491816149,1392.7024221578306,1272.8580356106113
648.0579406157227,1392.3132110074564,1274.2219803314495
647.5370475135396,1391.8618093532657,1275.6286969071516
646.9805840639312,1391.3412961075105,1277.0430654462275
646.4182684623177,1390.751158777354,1278.451504270529
645.8707922269612,1390.0975918586082,1279.8511977028359
645.3469976143426,1389.3966834848118,1281.2310945089075
644.8458906447473,1388.6759386444194,1282.561778474469
644.3697008091971,1387.9696285630048,1283.7996619076603
643.9408720805222,1387.311844020408,1284.9053583822142
643.6060697249808,1386.7287204104468,1285.8597288566823
643.4193899269414,1386.2273936631136,1286.664677301106
643.4048342131707,1385.7879241418264,1287.3551949629443
643.5324490265428,1385.3674597729462,1288.0042078636106
643.7443052683824,1384.91600334126,1288.6770476089048
643.99373085647,1384.3952106902163,1289.389373026887
644.2544012612914,1383.790424977288,1290.1171795922558
644.513672537674,1383.1077319563703,1290.8197884661247
644.7687474381136,1382.3595285768672,1291.4475025777315
645.0245507562918,1381.5556479654365,1291.9447651979606
645.2905831248044,1380.7090426624088,1292.2571619114815
645.5781379290622,1379.8416806309024,1292.3401152833628
645.8970861290421,1378.9768858892717,1292.169873542508
646.250129138041,1378.131255537909,1291.7515995173671
646.6351939071909,1377.318805802668,1291.1072895630764
647.0511630414251,1376.5569622552239,1290.2597378911967
647.487739009375,1375.8664822714422,1289.2436575541801
647.9199266087383,1375.2696178568515,1288.1188051339898
648.3244860555393,1374.787601126247,1286.953180612251
648.6968233987726,1374.4379783562042,1285.789149024832
649.0527258818767,1374.2368578802846,1284.6279858584116
649.4103430644706,1374.2023795182088,1283.4602497223534
649.7675027074652,1374.3477335633727,1282.3068949812491
650.0971877601625,1374.6686867944525,1281.2273293892897
650.3607787119687,1375.1480018954671,1280.2991546382573
650.526428245672,1375.77340812101,1279.585029203663
650.5760262991558,1376.5401481765173,1279.1171340507512
650.5007602670263,1377.4394902652039,1278.9028144923209
650.2950821077611,1378.4551227210573,1278.9295187455928
649.9521203178545,1379.568742222359,1279.176984335933
649.4701698697581,1380.767896347744,1279.6286134846805
648.8721191928881,1382.0508090237224,1280.2561362673187
648.2118414881965,1383.4213417686549,1281.0058474747639
647.5451139186549,1384.8785069035566,1281.8324003343312
646.9017717252021,1386.4136619094847,1282.7299513748735
646.2993846162168,1388.0162426330821,1283.7001581321167
645.7656750025634,1389.6772122639347,1284.7142918123927
645.3351275742616,1391.3881528733464,1285.723221031712
645.034833254077,1393.142743527268,1286.685079982262
644.8800148033258,1394.9392527044113,1287.5758370860133
644.8807225001765,1396.7785742801082,1288.3846116366879
645.0448820942049,1398.6608918813108,1289.1161201266727
645.3683176228283,1400.5827999143862,1289.7980489672718
645.8248320291653,1402.5283404714546,1290.466426962742
646.3701953894902,1404.4564767307609,1291.1320655036866
646.9550388574291,1406.304467772393,1291.757335984771
647.536006558068,1408.0180686871072,1292.2603317360222
648.085699031322,1409.5861239534436,1292.5451552546733
648.6011491227137,1411.0483896815936,1292.5430841851912
649.1012154814586,1412.4753782171476,1292.2413181504378
649.6122759295381,1413.9384542788328,1291.6816227982538
650.1503354652493,1415.4778827536752,1290.9322866027603
650.7128352728901,1417.0763486505734,1290.043138531404
651.28660999366,1418.6608215945168,1289.0076426840267
651.8476785041848,1420.133799385752,1287.7849887624002
652.3562705430475,1421.4058859144227,1286.354500487953
652.7806103545067,1422.4188958804277,1284.7165583908334
653.1233891751742,1423.1627677842466,1282.866753797461
653.4192893649946,1423.678137974272,1280.8005689393422
653.722385709674,1424.037741007322,1278.5269371233567
654.0905717016226,1424.3179827080908,1276.0704309719904
654.5652874327244,1424.5782505934687,1273.4705154416245
655.1610031735792,1424.8537770284058,1270.7861396408834
655.864895504023,1425.1595770776396,1268.1055551629
656.6392478770703,1425.4970450991045,1265.5433597475542
657.4320898452422,1425.855083274454,1263.2147326902316
658.1904254924443,1426.2125932109202,1261.2127763276249
658.86488492672,1426.550160472234,1259.6045692304538
659.4144908960292,1426.8608825787912,1258.4244813736857
659.8141600896984,1427.1481595048506,1257.664237639951
660.0588961809226,1427.415818581491,1257.2790444003115
660.1653845200111,1427.6616113749917,1257.2021116272886
660.162660482744,1427.8767158370636,1257.3593229961748
660.0715067268895,1428.0523696242392,1257.6909341958547
659.8949422312903,1428.1861009945053,1258.1681212683231
659.6290135020183,1428.2743726156846,1258.785472471806
659.2755080029253,1428.3037458656877,1259.543887613295
658.8528384414304,1428.2572012989242,1260.4313365076396
658.4008039200639,1428.1245705311771,1261.40924794189
657.9515907537083,1427.9060741622538,1262.441871002358
657.5024012830842,1427.611258962339,1263.5221335539957
657.0423333685375,1427.2567504507442,1264.63433086722
656.5859526587421,1426.8655080244039,1265.7262314925035
656.164899429802,1426.4635184366966,1266.7406752334289
655.8070670752575,1426.0711282687005,1267.6546244924107
655.5275717498673,1425.6963806809517,1268.4898942488805
655.3266050871056,1425.331867363486,1269.2956655615178
655.1936046828367,1424.9522832911944,1270.1105744447918
655.112870180686,1424.5191559362183,1270.9330481147754
655.0689468415402,1423.9973866722542,1271.7222711484198
655.0501137695423,1423.3719514385782,1272.4183352563412
655.0472100558133,1422.649897440978,1272.9632306095734
655.0644231572081,1421.853925559098,1273.315430459516
655.1299963056854,1421.0157795380128,1273.467583888347
655.2794678685292,1420.1631475825316,1273.4626865347982
655.5323479476754,1419.3073378100958,1273.3757326007053
655.8820871671221,1418.4427652472216,1273.2707639791279
656.2888062201718,1417.5522050145212,1273.1830984809785
656.6854493667936,1416.6176391697447,1273.1231802757827
657.0184340936825,1415.636907405127,1273.0674397361613
657.2733761335103,1414.6265084275149,1272.972085218846
657.4515752671825,1413.6091231502553,1272.8160085150098
657.5650917473246,1412.6128763865347,1272.5890979196874
657.6476849879655,1411.6839320470542,1272.260298384929
657.7341235999235,1410.8825600651069,1271.7918231782292
657.8462024806545,1410.2504991931432,1271.14711770819
657.9870399360503,1409.7910619725865,1270.3116541000738
658.1351851943168,1409.4913429609283,1269.3316714881512
658.2654091407356,1409.34159549274,1268.2890120298898
658.3609097389574,1409.3285706112865,1267.2606381818612
658.4022428416617,1409.4309354212833,1266.3211183156
658.3723221742981,1409.6203187439544,1265.532773831545
658.2654035963898,1409.8631150582437,1264.9265225127174
658.0690795898925,1410.131870038277,1264.5275287288848
657.7533455526294,1410.4166999112292,1264.377771163527
657.305160934638,1410.7174434206963,1264.487053831267
656.7580411588289,1411.030096014367,1264.7943424787613
656.1638721446631,1411.3539097650362,1265.2280667622474
655.5550607761859,1411.7042366460337,1265.7731746750023
654.9523891786125,1412.1027947366986,1266.4467660880343
654.3883569483106,1412.561633574058,1267.2492073818496
653.9035180662523,1413.0884717809067,1268.1648675488016
653.529282020086,1413.6972878643523,1269.1794733759068
653.2779139748666,1414.4013832234346,1270.2847480543485
653.1419017835536,1415.2027158437559,1271.4777322990367
653.1079952199069,1416.0945790209657,1272.748302761842
653.1757162397777,1417.0688089585688,1274.0557998997197
653.3559869692937,1418.1146307193926,1275.3305311132656
653.6453484922605,1419.2130946314824,1276.5283506385501
654.012628346122,1420.3412694996448,1277.670966771085
654.4318542566464,1421.488120898538,1278.796068101703
654.9111128771467,1422.65950361682,1279.9021226792925
655.4629251850698,1423.860532622138,1280.9817618333848
656.0682903455664,1425.077652292881,1282.061377402241
656.6888932776016,1426.2783574593147,1283.1667624762965
657.2950452614552,1427.4236882635878,1284.2788891378407
657.8749412605523,1428.486005483182,1285.3402358059361
658.4330315698807,1429.4664641406687,1286.2893974790352
658.9844687039641,1430.3997620131906,1287.0909737192765
659.5442066731417,1431.335050977502,1287.7440783869804
660.1160577772304,1432.30450266001,1288.2685657247348
660.6864688916746,1433.3037806591328,1288.6852668960823
661.2225989813305,1434.2913571318693,1289.0018870389085
661.6784602351299,1435.1993716080003,1289.2031128738367
662.0172793283981,1435.9504262982919,1289.2366771080863
662.2396133932891,1436.4743722039743,1289.001053376119
662.383845212356,1436.719389543537,1288.3730100437997
662.494330717862,1436.662203098891,1287.2774962176745
662.5952923268113,1436.322360074061,1285.7309664267545
662.695215085326,1435.77046032535,1283.817713008212
662.807530328438,1435.111296883469,1281.6358378249483
662.9608154202759,1434.4378058389989,1279.2638790823091
663.1847111522237,1433.79775855971,1276.7701265713056
663.479012381393,1433.207609475696,1274.2514304412507
663.7991045227096,1432.6744562724264,1271.8502434291968
664.0800164870442,1432.1911266544557,1269.7161811971716
664.2662283339636,1431.7336022919162,1267.9526250939812
664.3151965117729,1431.2809827879246,1266.5977090158976
664.1947348685698,1430.8310467702393,1265.6329044444105
663.8895075348438,1430.3951529773599,1265.0007466991499
663.4026361764658,1429.9881449050242,1264.6307830269795
662.747624793957,1429.6229230496801,1264.4655121414987
661.9408409776258,1429.306051152585,1264.467951392321
661.008559323474,1429.0340829550285,1264.5993399443641
660.0009105638517,1428.7921351684658,1264.794687725678
658.973433554057,1428.5571613564402,1264.9938525697303
657.9449240779487,1428.3096137973123,1265.1985834391426
656.8949339132408,1428.041240497136,1265.4607980675314
655.7978037879693,1427.7459640522495,1265.819947657442
654.6440472987214,1427.4119253426597,1266.2713027666227
653.4444003700355,1427.0290358139953,1266.7789704787258
652.226669401568,1426.595620362336,1267.3064376902487
651.0262475185084,1426.115215814037,1267.8373786741731
649.8713395406465,1425.5925647220345,1268.383321855285
648.7723711509202,1425.0313946355373,1268.9773906904618
647.7304806953092,1424.4332064429357,1269.6390454187322
646.7538221125214,1423.8028619477886,1270.3408759951355
645.8669465046358,1423.1589685337915,1271.0108839455206
645.1093992156292,1422.5348665678077,1271.5656553026831
644.5129627757316,1421.9636261106903,1271.972473112394
644.0831329190349,1421.458767948388,1272.279546263031
643.8102241386803,1421.0095024891893,1272.5664577083849
643.6795364497285,1420.5935608311752,1272.8913810751903
643.6675958776159,1420.1912049455054,1273.2861480816534
643.7438597730801,1419.7881195700438,1273.763896943672
643.8773678701153,1419.3724952804926,1274.3202823663512
644.0402480635908,1418.93680947001,1274.9345611636631
644.2120209766537,1418.4823206571918,1275.5692492142155
644.3846613732112,1418.0193522359418,1276.169909265424
644.5576190555823,1417.5679954202187,1276.6775534680796
644.7270481354816,1417.161934808612,1277.0450474729105
644.8875765228197,1416.8450689126194,1277.2345147247158
645.0418065578008,1416.6579722823503,1277.207997072785
645.2030204460542,1416.6277405048295,1276.9335698269285
645.3909798244011,1416.769093617708,1276.4016079208095
645.6202737467449,1417.089304830299,1275.640781507632
645.889265213377,1417.587161587544,1274.7200037416412
646.1806632629407,1418.2442631376712,1273.7305310327756
646.4675704587621,1419.0233079024479,1272.766556215795
646.7209436069519,1419.8848676834791,1271.9120295642965
646.9179488163867,1420.8041049793364,1271.2293352305605
647.0481367076022,1421.770803720626,1270.7501059385083
647.120642492719,1422.7838762511112,1270.4595956573328
647.163417594866,1423.8476897722353,1270.293244506083
647.2000034895649,1424.9652673180678,1270.1855225766412
647.2307665448947,1426.1331511455382,1270.1215853719323
647.2522061838986,1427.3467002358566,1270.1156051501289
647.2860944774684,1428.6088214070753,1270.162237164616
647.3761270404069,1429.9302556892465,1270.2319474649566
647.5612071345901,1431.325574911155,1270.295126740802
647.8582930113762,1432.810363082204,1270.3350670607888
648.2637518719015,1434.394520392066,1270.3427466423082
648.7606683258371,1436.0746863919412,1270.3101782894892
649.3267224018082,1437.8362800898533,1270.2280693813102
649.947197786146,1439.6623712894861,1270.0769543115832
650.6233039829867,1441.5380734519954,1269.8249001557947
651.357594557133,1443.447195557981,1269.4602320405206
652.1355442527182,1445.3679290604432,1269.0208275174837
652.9303844050221,1447.274775174589,1268.5696878963631
653.7149413167032,1449.1423944491487,1268.1534291071544
654.4682950139988,1450.945409995762,1267.77920133863
655.1806921104285,1452.6567557683345,1267.4121459459752
655.8460865001404,1454.2503749827656,1267.0108912495966
656.4548871811523,1455.7111200652835,1266.5650323844468
657.0071779089684,1457.0423459016497,1266.078654527642
657.5259414470411,1458.2621975497436,1265.5384724761693
658.0480131434663,1459.395031450493,1264.9270057690153
658.5973537736269,1460.4659174542264,1264.2714999995283
659.1672808973697,1461.4980497416084,1263.6598886383642
659.7361720397051,1462.5090369390782,1263.182622946526
660.2900533105386,1463.5043028422551,1262.8785281004934
660.8146920466658,1464.4693008093566,1262.7560262429909
661.2836461195332,1465.3659012153328,1262.8187564804257
661.6762932539518,1466.141016240351,1263.0382228928993
661.9973568564358,1466.7466660235336,1263.3373188009534
662.2722639909944,1467.158901291767,1263.6196610494599
662.5352787726472,1467.383233963671,1263.8019830690193
662.8183870422748,1467.4441747148558,1263.8306398536931
663.1416619931018,1467.3720014501991,1263.6907845774822
663.5169780034212,1467.2010195744847,1263.4025338930026
663.955932825842,1466.9693945638899,1263.0052305810557
664.462099508359,1466.7085780102889,1262.5473403109731
665.0155138677411,1466.4354929716108,1262.0875134064913
665.5721358476218,1466.1562692671027,1261.6956111931056
666.0873425797103,1465.872251865977,1261.4384136025424
666.5394743121964,1465.5809381120037,1261.355546995781
666.9229011236699,1465.2734201711883,1261.454448728612
667.2270159647421,1464.9368946748887,1261.7291160221544
667.4354422975897,1464.5632157527239,1262.173623261957
667.5410956707854,1464.1499215610665,1262.7715048273583
667.5579025163729,1463.6916142451903,1263.4720807091235
667.518498637065,1463.1772957343824,1264.1915624302485
667.4490150973612,1462.5945557625928,1264.8643988640674
667.3467051730008,1461.9286080590668,1265.48382584884
667.1928551825735,1461.1615881473342,1266.070173463168
666.9796141758212,1460.2832904082106,1266.6231226556722
666.7192822559545,1459.303718397782,1267.1203938525343
666.4369551342106,1458.2515309313164,1267.5456468431112
666.160228770923,1457.1607155127708,1267.9071923612605
665.9109899577928,1456.0587773409459,1268.2346519879898
665.6993524910819,1454.9611066664436,1268.562630163281
665.5240646159627,1453.8663380396026,1268.906296583391
665.3839787806157,1452.7605460375635,1269.2325850725592
665.2938876021493,1451.6405303454262,1269.4543053431153
665.2855901287769,1450.5331695734035,1269.4766592854464
665.3940042433254,1449.4873660518037,1269.2662345579633
665.6412891973561,1448.5460323227558,1268.8883687077769
666.0247796131328,1447.71763895994,1268.4916861576883
666.5171112607097,1446.9697750994217,1268.2446661109916
667.0780970775735,1446.2470082483414,1268.2627172215955
667.6659346077748,1445.4934659051964,1268.5743664622073
668.240555345291,1444.670506536207,1269.1444376896363
668.7708330592136,1443.7660179835402,1269.9148966011664
669.2457877738548,1442.7913747697553,1270.8228629207997
669.6728856477561,1441.7705386925263,1271.8062436650396
670.0720620330609,1440.7300174885318,1272.802993500349
670.473550196491,1439.6967184936616,1273.7519678484314
670.9088482134699,1438.7053932191427,1274.6110732410277
671.3931594926204,1437.8005149948408,1275.3752721553765
671.9175376502105,1437.0150393965432,1276.064278870082
672.462332558561,1436.3522230736207,1276.6918574853921
673.0102303572925,1435.8019326564752,1277.2601589836142
673.5463465845587,1435.3620391996349,1277.7758225636712
674.0555868353396,1435.0388585822818,1278.256345767903
674.519627960716,1434.8425117439463,1278.7258237177923
674.918933197304,1434.7836305523,1279.204204225348
675.2434333114002,1434.868427084439,1279.692380831071
675.4955400485708,1435.0947029436416,1280.1719654438386
675.6782418788797,1435.4525488911097,1280.6250226766892
675.7883030604842,1435.930769192431,1281.0491684325218
675.829314870152,1436.5193700329467,1281.4432953462046
675.8252388780052,1437.2029505726305,1281.785560438444
675.8043438605673,1437.9585646214528,1282.0594337855475
675.7738995628977,1438.765063661868,1282.2944985186737
675.724337878316,1439.6086719940283,1282.5441541861958
675.6456988063946,1440.4785498854142,1282.840406009056
675.5363650056004,1441.364779292296,1283.185544128074
675.4097451263883,1442.2622855902982,1283.5643397504994
675.2897056680903,1443.1736259312047,1283.959690278502
675.1943455764609,1444.106082089654,1284.367090495021
675.1260924365051,1445.0635618974054,1284.8012502543609
675.0781551256597,1446.041064877824,1285.286653020868
675.0578431772967,1447.031026346202,1285.8232327993646
675.1000586983366,1448.0325460674874,1286.3662541700905
675.2381095449273,1449.0464573407646,1286.872385702099
675.4709330260309,1450.066712740735,1287.349976505539
675.7772972621013,1451.0848569569312,1287.835807041379
676.1426447202489,1452.0971028790868,1288.3527926074155
676.5594075560043,1453.1016727740496,1288.904674001333
677.0179622905151,1454.0895290989154,1289.481503467285
677.5055015151328,1455.037695011584,1290.0561685229375
678.0012877897058,1455.9165090093536,1290.5905120257944
678.4695548438257,1456.7082072910405,1291.0577102910797
678.8790506731708,1457.4209894160729,1291.4471310539589
679.2397637614121,1458.0891161916943,1291.7362803481542
679.5999017496653,1458.7554102168106,1291.8804070344688
679.9959095739415,1459.445893955238,1291.8584235258948
680.4192519856231,1460.1593719841162,1291.7085370637992
680.8310102164601,1460.8767325122874,1291.4916399160215
681.1874698977024,1461.575402488573,1291.2455810260776
681.4448959760182,1462.2343083947055,1290.9892150952946
681.5605388132931,1462.8227447389281,1290.7283179183178
681.515395266742,1463.2939279293803,1290.4204280732863
681.3272992233635,1463.603861558518,1289.9588831793048
681.0246920185393,1463.7318845071811,1289.219667939593
680.6234590154763,1463.6809472441014,1288.1084225976529
680.1327422366994,1463.4705621320904,1286.5747375071692
679.5660877521323,1463.1322372026525,1284.6183310763142
678.9469884724333,1462.7033922567236,1282.2849681706848
678.3084842198267,1462.2194828188494,1279.6514194767321
677.6868729765803,1461.7097435219603,1276.8147481897327
677.1103152224239,1461.1993907735907,1273.893350482282
676.5839156603037,1460.7123269950735,1271.0321815996479
676.0858607668824,1460.268735655361,1268.3884557797878
675.5768347402534,1459.8813251935633,1266.0977720493736
675.0093489339367,1459.552017198565,1264.2460532730702
674.337291661454,1459.269531426472,1262.8555530531075
673.5268598833385,1459.0148934774136,1261.8900025403987
672.5608680755297,1458.7725861820732,1261.284681866018
671.4365840268941,1458.5341659972114,1260.9739386711103
670.1679427994876,1458.2946117853749,1260.8883363853372
668.7894973101435,1458.0506888959594,1260.9496637391403
667.3463274020633,1457.7986374811176,1261.0958150395
665.8773240429452,1457.5304003662714,1261.3080276539745
664.4107926741516,1457.2355795852961,1261.6068212848563
662.9661630656416,1456.9064790360305,1262.0289366536335
661.5512783259962,1456.5384303877445,1262.6073927938357
660.1636500434765,1456.1209312869453,1263.3502313702254
658.7988531613837,1455.6322316751975,1264.2242762841142
657.4588202167797,1455.0559874492778,1265.169596614071
656.1589590463378,1454.4005278822524,1266.1319359093723
654.9273399177288,1453.6948652544577,1267.0849622534324
653.7874749904479,1452.9701635063975,1268.0417418482084
652.7440966082802,1452.2438554318119,1269.048637640965
651.7973397892213,1451.516856270546,1270.1482263623172
650.9686958642523,1450.7813556082199,1271.3287065575223
650.3015108792885,1450.0286459431045,1272.5128362558005
649.8305937983047,1449.2557308378778,1273.6218307077893
649.5545904136895,1448.4692705096952,1274.6481194682913
649.4423923478205,1447.682695078051,1275.6457725780979
649.4656417530314,1446.912135207497,1276.6664372232533
649.6262005836008,1446.1737169691526,1277.7143487029048
649.9413996381123,1445.4739022639874,1278.7583684446627
650.3920236027028,1444.7980461657135,1279.795411686913
650.9140980541972,1444.1154171346614,1280.8654496874924
651.45569356935,1443.3999528452614,1281.9731674879577
652.0088277473184,1442.646210460345,1283.0424104812403
652.5833858778321,1441.8692584375128,1283.9660171250002
653.1827197673392,1441.0971166525874,1284.6563536680435
653.8137086318773,1440.365868713505,1285.0392103299064
654.493139451914,1439.7136049093963,1285.0459540094257
655.2247728163995,1439.1696207228777,1284.6450922327424
655.9909140580062,1438.7502438643585,1283.8636631552938
656.7757631458717,1438.4643974232076,1282.7646061177263
657.5784507549225,1438.312177931274,1281.4200122097793
658.3992549891765,1438.2761951314665,1279.9118434110273
659.2203931074598,1438.3262014655256,1278.3445883649533
660.0025408948163,1438.4352709615575,1276.844286348334
660.7023854162112,1438.5878850805632,1275.5350383498426
661.2908763883702,1438.7792370161317,1274.5102939220687
661.7514763925047,1439.01246781913,1273.822463911411
662.0758965912811,1439.2923747032144,1273.478627058681
662.276400476843,1439.6234117182357,1273.4269014018316
662.3922562487908,1440.0173930626383,1273.5658385754195
662.4633918704164,1440.4948285299586,1273.8062793940603
662.5037292408032,1441.0735121135697,1274.1220896533755
662.5172665713659,1441.762653458914,1274.524682990055
662.5224317933363,1442.5692522267927,1275.0195737852903
662.5514802921847,1443.502417967758,1275.5941952255735
662.6465472112111,1444.5702177089,1276.2123834781526
662.8479492898226,1445.7744634757844,1276.8273706579068
663.1632704435649,1447.1050729259396,1277.4236510483347
663.5616208836029,1448.5388988856646,1278.0206759172288
664.010062010974,1450.0441986841631,1278.6192589028344
664.4934393286634,1451.5845929561658,1279.1814093782116
665.0005270309587,1453.1254929577701,1279.663722939592
665.520048170745,1454.6489364159247,1280.0366568222812
666.0485143482549,1456.1651032091916,1280.2860151203595
666.5900656187279,1457.6960834873455,1280.414467335387
667.1536408747141,1459.2481617531944,1280.4347482805895
667.7431156508607,1460.8128124338768,1280.3743019546953
668.3428218835709,1462.3798096857088,1280.2852729031217
668.9217368347729,1463.9342677376553,1280.22088226078
669.4590377306862,1465.455637229022,1280.1866242986007
669.9616925401857,1466.9309352166988,1280.1227774238755
670.4446117679084,1468.3669431120115,1279.962162430547
670.9039513640638,1469.7907847416186,1279.6946448213637
671.329187001777,1471.237539524112,1279.3456722656833
671.7263308786399,1472.7304970827063,1278.9215773955948
672.1134956484161,1474.2694873944133,1278.4009938977101
672.5020149176005,1475.8299519811385,1277.7555575264787
672.8878094970809,1477.3637879101325,1276.962959252658
673.2553147364234,1478.8068064251866,1276.0105550525159
673.5859656875983,1480.0949408749889,1274.8967756327274
673.8631411085936,1481.1770747767414,1273.6290288915297
674.071565569068,1482.0226507983612,1272.219744902138
674.2051411920211,1482.6303155219819,1270.679794469969
674.2797709836805,1483.0300895905477,1269.0127507322711
674.3267875063635,1483.2712647379606,1267.2203106488546
674.3743968011273,1483.4078228641017,1265.3161397690315
674.4392766222676,1483.4928841564215,1263.3386419384278
674.5260016673669,1483.5764749010664,1261.3515849187384
674.6273645982327,1483.697450273868,1259.428880905913
674.7260427169498,1483.8762550338427,1257.6426541078006
674.7952764596469,1484.1194517207978,1256.0651916322317
674.7932395980719,1484.4261771664485,1254.7721209691251
674.6665767850452,1484.7876591914294,1253.8275689393624
674.3866319075207,1485.1861141561983,1253.2410548144564
673.9760927384064,1485.5989935808198,1252.9517799125642
673.4779531520792,1486.0071627509296,1252.8865222562908
672.917197767472,1486.396612842423,1253.0130149110812
672.3025864144033,1486.754435844973,1253.330104471086
671.6460971879794,1487.0695145736777,1253.833545984042
670.9741740388674,1487.3330361640033,1254.4966191201506
670.3132878874837,1487.5328296625034,1255.2915642426146
669.6644100769962,1487.6521868825168,1256.2238609577616
669.0077223695263,1487.678304642071,1257.3165597766938
668.3262123545716,1487.6085989780756,1258.5705793017687
667.6125959700558,1487.449695467663,1259.9558773418016
666.8663834186319,1487.216295233312,1261.425663418785
666.0967931397952,1486.9317988339403,1262.9326862579492
665.3228740905483,1486.624447354827,1264.4418365370552
664.5662502549264,1486.3198464531358,1265.938507949658
663.8466301966573,1486.0351585710607,1267.4317859986463
663.1784440893265,1485.7726550484535,1268.9468645081504
662.5643213878501,1485.5138494252133,1270.5028622098737
661.9942473517198,1485.2236647182492,1272.0848065897792
661.4572943169838,1484.8689477853268,1273.6292473950941
660.958983103782,1484.4432645749216,1275.0389464908271
660.5272892217333,1483.9801547969212,1276.2251083440412
660.2033385159443,1483.539507596113,1277.1491402054899
660.0271561762216,1483.173675334286,1277.8371362582502
660.0216129013578,1482.9002840630437,1278.3730662635755
660.1743937571041,1482.7035242630375,1278.8812648879473
660.4280342341516,1482.5543829059902,1279.4908872009275
660.6990093086446,1482.416515024152,1280.2789164356304
660.923615922927,1482.2442191524187,1281.2257087072417
661.0839394952015,1482.005474676072,1282.2314923941112
661.1905399327056,1481.707084281832,1283.177027672976
661.257655405608,1481.3861036270584,1283.965202366456
661.2972888592544,1481.0836993549237,1284.5239197693554
661.319193269375,1480.8302843129868,1284.8009653461122
661.3301241751075,1480.6476320084637,1284.7707491153963
661.3425875052209,1480.5549967654258,1284.432446481345
661.3797045603116,1480.5657517393197,1283.7992634883472
661.4574114395035,1480.6804878487092,1282.9099707653115
661.5693399394169,1480.8910224794297,1281.8434794271054
661.6954052619777,1481.1912546566766,1280.701324227467
661.8078657908217,1481.5789887569117,1279.5847499148733
661.871388366247,1482.0507131356214,1278.5893901846266
661.8598149925097,1482.6009271873588,1277.7915240328991
661.7711670551794,1483.2229380108502,1277.2178806882882
661.6199149644231,1483.9098929407312,1276.8391249349568
661.4144493990129,1484.6605586602766,1276.6171452224276
661.1423325943375,1485.4817418944965,1276.5461105158254
660.7887267129071,1486.3807161930988,1276.6246298915778
660.3647607219056,1487.3597285823416,1276.8222142826144
659.9061609596313,1488.4234417650018,1277.0986150888214
659.4545723656081,1489.5874999344046,1277.4322147018925
659.0457499671636,1490.8718232033782,1277.8166849093689
658.702360639236,1492.2843415623124,1278.239175483484
658.4296764035538,1493.8156458178516,1278.6697524908282
658.2201800537457,1495.448966792731,1279.0699855164553
658.0598493354391,1497.1680824924877,1279.4034115591921
657.9294924325079,1498.9568529767264,1279.6390513384063
657.8119775963139,1500.804103247374,1279.7575680894818
657.7026536793825,1502.7107873610735,1279.7564338062787
657.6049438677419,1504.6828490060236,1279.6424518232977
657.516757705559,1506.719459939596,1279.4255480926722
657.4227801648263,1508.8110585111262,1279.127034752784
657.2968932071245,1510.9381455862804,1278.77929799761
657.1171357064262,1513.0673813095057,1278.397591440714
656.8774939612842,1515.1572986602373,1277.9536416312012
656.5856097140103,1517.174104384598,1277.374866226546
656.2594567467867,1519.098485871634,1276.5617596280729
655.9165797754667,1520.915563178361,1275.4386692091148
655.559101475712,1522.6064941248555,1274.0071563265965
655.1786518405219,1524.1514348136293,1272.332521998957
654.7664010004092,1525.5321002145986,1270.4994387938257
654.3167105964587,1526.7311642939296,1268.591425515488
653.8412724558581,1527.7379992444003,1266.6734132966926
653.3772680101148,1528.559200948136,1264.7808639195848
652.968037361703,1529.220334084751,1262.935617967898
652.6419867519849,1529.753169069322,1261.1595475601773
652.4119127283466,1530.1788441347992,1259.4690314753307
652.2793496059088,1530.5040936094242,1257.8808301596703
652.2383734105792,1530.7353039718093,1256.4312558627194
652.2862287304082,1530.891421834124,1255.1760754332904
652.4307653864869,1530.9984772452199,1254.173638251057
652.6839487243086,1531.0760524954412,1253.472284221726
653.0445269050269,1531.131546262202,1253.106843094336
653.4861479276287,1531.161304318741,1253.098493379608
653.9648013828113,1531.153048981428,1253.450124564632
654.4338332604419,1531.0892521284218,1254.1440608754383
654.8423281502777,1530.9500265804138,1255.153856908
655.1298221738407,1530.718673646177,1256.4600763535004
655.254025204699,1530.3926602335305,1258.0439462447132
655.214998748569,1529.9837380982801,1259.867424682755
655.03356860187,1529.504541895001,1261.8675758490233
654.7320226206662,1528.9615326550252,1263.96393356193
654.329833016351,1528.3537355744395,1266.0931089489677
653.8329533418101,1527.6726669365835,1268.246809106169
653.2396445616863,1526.9075328232802,1270.4468936276262
652.5529643939965,1526.0486833601542,1272.694918295322
651.777930385337,1525.0894446119985,1274.962438854078
650.9189678936629,1524.0327227532175,1277.2057714540288
649.9845072609139,1522.8957389999193,1279.3762307428383
648.9898990101622,1521.7076449070191,1281.4272478370253
647.9542479067366,1520.5013991417347,1283.3260353050855
646.8978154662838,1519.301693915789,1285.062960495165
645.8388134526634,1518.1170061087448,1286.6569054089343
644.7817428038321,1516.9380694512909,1288.1563124749648
643.7202352139614,1515.736948369212,1289.6035632705866
642.6617679529506,1514.475649773463,1290.9752026297
641.6261969271258,1513.1289238977167,1292.1883921960784
640.6186190647528,1511.7006317925534,1293.1650600652251
639.6319360080171,1510.2225472527582,1293.8608412471763
638.6746198381918,1508.745414942782,1294.264197260785
637.7898511669816,1507.325769979766,1294.3884212626986
637.042961000639,1506.0037867196522,1294.2610208236588
636.4656896310456,1504.7792061277212,1293.946231879205
636.01919332658,1503.6110959514276,1293.5531711816118
635.6335282945687,1502.4506619747854,1293.1678087199455
635.2672108923952,1501.272864253331,1292.7837144829564
634.9143498990279,1500.07969449468,1292.3207134645565
634.5748381191203,1498.8883871100677,1291.6955166285177
634.2422036819779,1497.7220203074091,1290.859702166691
633.9175180471025,1496.605012064054,1289.79638443666
633.6149523047598,1495.5594958088932,1288.515098884727
633.3476615312777,1494.6001567196759,1287.0520032606175
633.1146036384944,1493.7319922886732,1285.4679606994289
632.905629467053,1492.953490184001,1283.8407011164356
632.7192013611129,1492.2616215193823,1282.248483479204
632.5648119463025,1491.6571888290787,1280.7650828471105
632.4404694455902,1491.1460414335288,1279.4713454052026
632.317670194025,1490.7348011884076,1278.447531345881
632.1595556106568,1490.4286438339363,1277.7339455752156
631.9472125331631,1490.2306307845297,1277.300686523533
631.6775044689123,1490.1435692737223,1277.0672204150808
631.3413037045103,1490.1834032261172,1276.9619014942832
630.9222752780125,1490.3874259669094,1276.9582664173859
630.426999615028,1490.789146308259,1277.0432067869892
629.900426798196,1491.3901904266802,1277.1791672105908
629.3969490021831,1492.1732086007914,1277.3302934033077
628.9440607583022,1493.1264032270733,1277.5028568012522
628.5373663726,1494.2450317160237,1277.7318384390312
628.1670054210189,1495.5218478986892,1278.0306416982821
627.8385519377575,1496.9391029153048,1278.3747944952363
627.5643200208403,1498.468341747362,1278.7276188911567
627.3500473022256,1500.0790492820329,1279.0535873797437
627.1849507738681,1501.7449860160023,1279.3324037872985
627.0441963141058,1503.4452890784019,1279.562870426125
626.9197803128126,1505.1654057126543,1279.7220219246178
626.8301663021118,1506.8941926129505,1279.765195606954
626.7920592022363,1508.62191419111,1279.6837699679193
626.8095226397438,1510.3481474695866,1279.519669076718
626.8848677566209,1512.081678226605,1279.3337029817083
627.0232123382815,1513.8220456435076,1279.16675164182
627.2236712521759,1515.5443875535502,1279.011042281621
627.4619140584969,1517.1997709579468,1278.829052113638
627.6926809794478,1518.7364513193024,1278.5881423281085
627.8822485129199,1520.1370254693807,1278.2542867395862
628.0321161362793,1521.432340397311,1277.7865800119714
628.1710398471687,1522.6764251088828,1277.1652912185718
628.3319360944706,1523.9159068195938,1276.410009435873
628.532116500463,1525.1792192965002,1275.5692983021236
628.765887609273,1526.4760392519947,1274.7010268680012
629.0119685560098,1527.7923221408807,1273.8523156445644
629.2467554149581,1529.0895983132261,1273.0476347374665
629.4508231561413,1530.318428499419,1272.29076429954
629.6124605492007,1531.4333721402477,1271.562457537138
629.7351070035693,1532.3980126182323,1270.8087778857277
629.8311161680922,1533.1851952163443,1269.9556562047344
629.9050950201007,1533.7800068676347,1268.9492831699472
629.9662219367539,1534.1903527869629,1267.768209672067
630.0464270217309,1534.4518219969614,1266.4138985169088
630.1749590650004,1534.6083898965444,1264.9214839417045
630.3570924986643,1534.6942331743503,1263.3611678445102
630.5962300197718,1534.737487076129,1261.809834751318
630.8998529482603,1534.7595748798105,1260.3367768053304
631.2489079463255,1534.765551990237,1259.018569277952
631.5887421303969,1534.7471389876155,1257.942609229893
631.8599666297275,1534.696524306964,1257.177135387748
632.0237941406577,1534.6134012767711,1256.741149308758
632.054179689789,1534.4985166592196,1256.6073075307568
631.9234779364526,1534.3465567567127,1256.7274456158145
631.6098208470974,1534.1504402377748,1257.0545468711982
631.1218397396551,1533.9132984774033,1257.5365948894066
630.5092690434831,1533.6501425273796,1258.1013861310414
629.8275192088996,1533.3679101347716,1258.6940092862837
629.0961259829729,1533.052295652109,1259.323815339247
628.3085326826404,1532.6822495401386,1260.0339206842336
627.4610850553485,1532.2453247164733,1260.8524154796567
626.5579375601735,1531.737519173652,1261.79365969512
625.6029308862619,1531.1598634115385,1262.8719659000135
624.5978896746635,1530.5196160534701,1264.0948738472885
623.5542935301763,1529.833041277785,1265.4379212488338
622.5034011406814,1529.1222571448116,1266.8339354329187
621.4770862813311,1528.4020854496837,1268.2231469896524
620.4810256638343,1527.6685980450648,1269.604794605295
619.5112884565382,1526.9072459882816,1271.0002053557096
618.5835473656357,1526.1118369947521,1272.398512083926
617.714628427777,1525.2884879808744,1273.7751274617538
616.8973704797016,1524.447294789804,1275.123241440344
616.1311455985892,1523.6044395968938,1276.4354469482475
615.45548352176,1522.782883328651,1277.693609317618
614.9195698279241,1521.9926755246286,1278.9077157755623
614.5377623711341,1521.217018061472,1280.1230394381023
614.2879156947212,1520.422244150478,1281.3700937810345
614.1313110317035,1519.5728031690546,1282.6452586872274
614.0301003128764,1518.6390570156816,1283.931373714281
613.9615865672861,1517.6024966403488,1285.1991999252416
613.9265304008576,1516.4611793453228,1286.3972727670823
613.9450670300586,1515.2307863549124,1287.4581568560943
614.035905568855,1513.9458441208888,1288.3261215452842
614.1934882751407,1512.6584824786526,1288.9878662358058
614.3973210793162,1511.4121239003682,1289.455699283369
614.6409801251955,1510.2150915149646,1289.7268640598295
614.9358558674535,1509.0591991913439,1289.7907099430977
615.2969441853712,1507.9552509709636,1289.6597983325016
615.7330914756044,1506.9363963005546,1289.3779381623767
616.2429703842387,1506.0298203546276,1289.0053502477324
616.8125596198774,1505.2396485704235,1288.6033783845455
617.4131843892675,1504.5652977299205,1288.2364669846047
618.014040250828,1504.0201138034975,1287.963402073402
618.5940846745658,1503.6242963397954,1287.816373129002
619.1326010007411,1503.3900329467303,1287.803036176127
619.6068483493856,1503.317310618122,1287.9157946156238
620.0022456484489,1503.4010204174776,1288.1340925796273
620.3105089816643,1503.6362903409988,1288.432258206157
620.5246842244632,1504.015925128957,1288.7864854058917
620.6406422049465,1504.5301566429985,1289.1795751200993
620.6567747806941,1505.1692551457113,1289.6027718792823
620.5757752366454,1505.9237934393063,1290.0491838429537
620.4103892711297,1506.7884062616715,1290.511400265895
620.183349211769,1507.7633694370152,1290.985505702879
619.9167570381396,1508.8449369133364,1291.475644284858
619.6200178294993,1510.0189741013414,1291.9995624438789
619.2952138092419,1511.2671661502854,1292.5733039278757
618.9562535373451,1512.572180782437,1293.168969098768
618.6321651590224,1513.9179927100251,1293.7042737056247
618.3454113998949,1515.2937426131084,1294.1053358988604
618.0952396070636,1516.7012251881697,1294.3679279961182
617.8713848458615,1518.1585982759461,1294.5364061324624
617.6782371158255,1519.6897959421794,1294.6468693416327
617.5346096384287,1521.3044657851774,1294.714963648229
617.445344149744,1522.9854714729845,1294.7708227746928
617.3844494823118,1524.688059967306,1294.8602372046455
617.3114568782993,1526.3499155975405,1294.9861067490215
617.1853999866677,1527.9117641661371,1295.0920098803772
616.9745203269329,1529.344313703446,1295.094101556802
616.6773484468558,1530.6652516530194,1294.8934025915735
616.3178554666988,1531.9243916353012,1294.416106720825
615.9196750805762,1533.1712056620283,1293.6702137664158
615.5024954030794,1534.4351445985526,1292.72903403094
615.0849032948083,1535.719633074899,1291.6774204574692
614.6737604399185,1537.00404679553,1290.5858562451913
614.2574248445624,1538.255124548846,1289.5020500492883
613.813708854668,1539.4425622193744,1288.4469014171186
613.325264331842,1540.549954585799,1287.4137589128345
612.7887838177625,1541.5760579713744,1286.371063782934
612.2123711787096,1542.5280655334986,1285.2786295311714
611.6092511193377,1543.4126562083186,1284.1116554173543
611.0006183230594,1544.2321934128183,1282.8633731670388
610.4216861178315,1544.9906761715572,1281.5310010355959
609.9115903797278,1545.6998642471108,1280.1215244152722
609.4970259838949,1546.3748532599775,1278.6711739204127
609.1881690111787,1547.0229545420073,1277.2451144923853
608.9780912725424,1547.635494465373,1275.9183300491745
608.8438161030954,1548.1932604084602,1274.7524721723348
608.7632444855328,1548.6859297744545,1273.7668524897808
608.7305400375062,1549.1239546698098,1272.9320736688167
608.736985052151,1549.5212618373998,1272.2211267403773
608.7474220699579,1549.8718741633645,1271.653079557459
608.7187673439589,1550.1600258772874,1271.2659275460646
608.6329406108567,1550.382418562374,1271.0758675758484
608.5045974794821,1550.5463585429095,1271.072946398258
608.3655590575677,1550.6570775526689,1271.2359740150844
608.2416517808254,1550.7124105543148,1271.546237488721
608.1418838907761,1550.7044031395772,1271.9914835015811
608.0667607594544,1550.6255288239722,1272.5658851464143
608.019936512294,1550.4713524166696,1273.2703933127011
608.0094039902747,1550.2357823143268,1274.1090435434282
608.0397068423724,1549.9100288357024,1275.0820251201017
608.1078215246209,1549.4897115366969,1276.178149923712
608.2103679457174,1548.9824204115757,1277.3751866848224
608.3510928063337,1548.4106109514269,1278.653689394904
608.5463497303028,1547.8110051717144,1280.0006911420874
608.8253341048302,1547.2261108610192,1281.4032048781187
609.2023794266637,1546.6762686105294,1282.8739606081663
609.6522842323175,1546.1375498128468,1284.4714401128347
610.1363266488123,1545.5630161522333,1286.2497448291497
610.6372151743788,1544.9185110733806,1288.2002541995048
611.154086671951,1544.1930539195832,1290.2510608286514
611.6840238510678,1543.3958456500416,1292.300475506508
612.2229784632273,1542.553576540313,1294.2624090055447
612.7771075406448,1541.703485431664,1296.1017297182532
613.3662773659264,1540.8819909257393,1297.8292076145349
614.0128933614,1540.110247290617,1299.476665068928
614.7248574525271,1539.3833185367262,1301.076759287281
615.4935505158456,1538.6749566232502,1302.6342676203658
616.3043123602467,1537.9559116855835,1304.1059832805363
617.1368561385198,1537.209430195898,1305.4226410067495
617.9570314899613,1536.4325935831346,1306.5360029695712
618.7274305823607,1535.634047957339,1307.428617270997
619.4340703107403,1534.8362343913157,1308.074735790322
620.0928346988641,1534.0708602798504,1308.4238062498994
620.7370130826833,1533.371282684192,1308.420081882593
621.3993634903057,1532.7691593306624,1308.0275321768195
622.0846570949308,1532.2832047671873,1307.2675477358887
622.7715223834164,1531.9097421795368,1306.2207570410646
623.4556378637999,1531.6381825432436,1304.9686507835027
624.1618130271125,1531.4696044573684,1303.5725875945939
624.9136217170051,1531.4126642800888,1302.1070566586616
625.7178846012798,1531.4721597225205,1300.663044391762
626.5635790249752,1531.6433519166908,1299.3225830499377
627.4189236806628,1531.9124411430753,1298.1467377553925
628.2389924349395,1532.262334426814,1297.1688681600735
628.9773196653172,1532.6768342204964,1296.387725510766
629.5862746541178,1533.1428196919387,1295.7766109765932
630.0166137028384,1533.6549057025925,1295.3034857866069
630.2364869470559,1534.21984904632,1294.9349234461263
630.2581654971565,1534.8550082320878,1294.622171675464
630.1345243941447,1535.5817429574088,1294.3099402796738
629.9263859404671,1536.4195407381826,1293.9739522001437
629.6764101800229,1537.3833597909236,1293.641299851764
629.4065408369763,1538.4841474821812,1293.3745043996246
629.1372770519741,1539.7273104573069,1293.2282107758535
628.8984818736037,1541.1076208749166,1293.2145961042806
628.7087358106648,1542.6085645728285,1293.3146265053927
628.5597844760001,1544.2030669567846,1293.5017574077879
628.4300627624194,1545.8543925840738,1293.7459984101774
628.3023257846019,1547.526117761764,1294.0190815335407
628.1717281926042,1549.1940979927408,1294.300300356143
628.0510121464418,1550.8511292441603,1294.566117158436
627.967301468073,1552.502883421842,1294.7882039488184
627.9402716847,1554.151618380366,1294.9629422176374
627.9635680342024,1555.7801185506694,1295.122142422156
628.0154794802964,1557.3523525103956,1295.287844498979
628.0765680292117,1558.8271696128195,1295.4307637991942
628.130423295757,1560.1769114785207,1295.4766202302483
628.1614457424483,1561.4022258351715,1295.3376003661667
628.1606344656473,1562.5360899823743,1294.9508382081567
628.1375643328602,1563.6377366448316,1294.3080931478162
628.1260135762953,1564.7721384359904,1293.456444595224
628.1658695514886,1565.977691199958,1292.4771499830363
628.277658733834,1567.242652258983,1291.4618240596417
628.4549370844658,1568.5030485101042,1290.4928006184368
628.6660039101527,1569.660412492592,1289.625679067771
628.8597090190044,1570.614192785573,1288.8733664575025
628.9866358666638,1571.2947476263041,1288.2021890311962
629.0229065078654,1571.682807400165,1287.5482840460656
628.9749931374406,1571.810588188836,1286.8390576317665
628.8707590840916,1571.7449998656427,1286.0083852026758
628.7495314439254,1571.562864112527,1285.0162514669637
628.6529284158153,1571.3290576480913,1283.8687788315317
628.6173996344195,1571.0847082302193,1282.6245247001493
628.6678427399136,1570.8488671355913,1281.388512987201
628.8063128792439,1570.624995354134,1280.2930237116639
629.0099637746562,1570.4126276939128,1279.449680227337
629.24970883276,1570.221646971136,1278.8923915916973
629.4919515733225,1570.0613737121464,1278.5917616591769
629.6784017679222,1569.921346418976,1278.5255265868157
629.7314008150054,1569.7866577464708,1278.689710604581
629.5889882303702,1569.6593881057204,1279.0509283193721
629.2385555410043,1569.5503701161588,1279.5226097984291
628.7041463705539,1569.462811172503,1280.0188604750465
628.0033407035256,1569.3883110074023,1280.5277372192213
627.1528204011668,1569.3085679113808,1281.0822763446888
626.1894069128546,1569.1969495070107,1281.693764032378
625.1513086621493,1569.0268654492197,1282.3556263533046
624.0620514034251,1568.781002837387,1283.0710778660036
622.9391496846677,1568.4526891330256,1283.8526977660274
621.8165598545612,1568.0464912179739,1284.6961840771246
620.7308561529937,1567.5622138364452,1285.6000403622825
619.6737358207868,1566.9780167052236,1286.6142761822416
618.6240699286777,1566.2806227049957,1287.7730093017026
617.6068877941287,1565.4877464772585,1289.024345312986
616.6583391364913,1564.6155549999137,1290.3110283150029
615.7705613066071,1563.6552768612112,1291.652333830255
614.8922781195653,1562.5881834561114,1293.1238349072323
613.9801854525653,1561.4179392929466,1294.7633955115314
613.05576031441,1560.1940398668892,1296.4710607486059
612.191928651434,1558.9975107402595,1298.0379563547658
611.4542524313556,1557.9036209580113,1299.2989160073269
610.8792370065937,1556.956662436733,1300.2307262848458
610.4942679106538,1556.1668952515297,1300.9092084611773
610.3296420517382,1555.517533183352,1301.426543639553
610.3971355717025,1554.9670457143086,1301.872152340999
610.6668854200452,1554.4523869626114,1302.3358815104275
611.0783759233698,1553.9071294443954,1302.8762358389617
611.568797085842,1553.2835031403997,1303.490326227655
612.0936925814705,1552.5588864087863,1304.1122038670992
612.6342857181025,1551.7315466731366,1304.6330177415346
613.185272115412,1550.8132204170354,1304.9515995240813
613.741055095732,1549.821569946065,1305.0171641875183
614.3033791064689,1548.7821138152128,1304.8225894177958
614.8904733684275,1547.7318054995649,1304.3882351170912
615.5315454350259,1546.71030853396,1303.7575330022366
616.2597047994966,1545.7511564638532,1302.9720211021713
617.1033448840317,1544.8847710562486,1302.0476951267312
618.0699758256723,1544.1409628084693,1301.0047932559883
619.1401693070452,1543.542011302255,1299.9100795246663
620.2812775650209,1543.0961512941267,1298.8621222897095
621.465098928841,1542.8027881496773,1297.9410257451054
622.6765581437899,1542.6640101148669,1297.1768961720747
623.8997143036975,1542.6832294758642,1296.5705069818848
625.0954625497963,1542.854041262104,1296.134939542822
626.2095632129866,1543.1594965653048,1295.8885559047887
627.1959520386097,1543.578288044581,1295.8266155263511
628.022434122467,1544.0885313373783,1295.925518332576
628.665970952171,1544.671823853713,1296.1589360313028
629.1134774279367,1545.3170071469701,1296.5049615199096
629.3704365875805,1546.020611736968,1296.9497728696833
629.4669080892315,1546.7828912479756,1297.486752281312
629.4527832456029,1547.6046873110831,1298.107639010673
629.3864544356544,1548.490215827264,1298.7964267761267
629.3227939070294,1549.4485518539882,1299.538059710695
629.3051702438714,1550.487451999828,1300.3286847249776
629.3627034808239,1551.6054444998283,1301.1714590940078
629.5122110267395,1552.7917478182967,1302.0684958384848
629.7705878919039,1554.0358905772118,1303.0044967852007
630.1639099778823,1555.3333948730988,1303.924513374812
630.7073768940011,1556.678405760458,1304.7611597998327
631.3848824794649,1558.0607598934096,1305.4871769696524
632.1676818585603,1559.4749420828907,1306.1052796686097
633.0398057300742,1560.9258679975803,1306.6134129744855
633.9968934910011,1562.4256671410994,1307.0102507769923
635.0348577763867,1563.979871543487,1307.3101834484303
636.1422530757864,1565.57388665008,1307.546014217632
637.2978054488838,1567.1762993369698,1307.7643173218064
638.4711439325833,1568.7463632609763,1308.0038761729343
639.6210251502865,1570.237490179204,1308.266783993914
640.696027130401,1571.6132071585077,1308.5092770622389
641.6483582112556,1572.8720287845097,1308.6600338012154
642.4573006499377,1574.0555041073007,1308.6492335867188
643.1396650030447,1575.2290218859312,1308.4300140399946
643.7350332986929,1576.4492673134746,1307.9875815237306
644.2828689029748,1577.740913468247,1307.3377622766948
644.8026476100863,1579.091657581344,1306.5208422845885
645.2796350018592,1580.456281272397,1305.5913425165352
645.6748780033993,1581.7667818868672,1304.5956203772832
645.9520730899469,1582.9514099999562,1303.5496141618125
646.0841185211585,1583.953362124175,1302.4435316468782
646.0473980971875,1584.7430082530227,1301.2576822427332
645.8337214576895,1585.323146460787,1299.9537582881967
645.464857725374,1585.7276285959103,1298.4640412043889
644.9853913803144,1586.0126285685792,1296.723346429647
644.4387094282442,1586.2343182787754,1294.7331202999349
643.8528271199953,1586.4298236507157,1292.587979736776
643.2484167372259,1586.6177301542693,1290.4264226192468
642.644632883773,1586.8008768260668,1288.3742302749035
642.0526678504332,1586.9709358823773,1286.5344965186412
641.4756926154362,1587.126450060698,1284.977315438636
640.9121616551856,1587.2813254558287,1283.720159429108
640.3420659148622,1587.4432765077117,1282.7574040735126
639.7147596999822,1587.5941795113822,1282.1039787456675
638.9728880603686,1587.7061651529903,1281.7739928213919
638.0916671698825,1587.7697370734509,1281.735320047761
637.0885999175449,1587.797110591542,1281.9143132720044
635.9958485919781,1587.801107644459,1282.2410406333902
634.8246393574653,1587.7798818945128,1282.6871992379486
633.5620978650835,1587.723908594689,1283.267461951535
632.2061984138068,1587.6228615725206,1284.0047277535302
630.7855313611099,1587.4600632636395,1284.9009213040756
629.3332958405122,1587.215168693484,1285.9451858951281
627.8653273185865,1586.8822385306275,1287.1157527256944
626.3884397959741,1586.475245288922,1288.3645689680202
624.9050530507319,1586.0041563547102,1289.6463142112552
623.4154236146329,1585.4624913032837,1290.9569201873953
621.9336183402482,1584.8528044142229,1292.3121961097722
620.4914873117804,1584.2006103402898,1293.7232673228689
619.1214721961352,1583.530984239836,1295.2106518223081
617.842259079186,1582.8469780103405,1296.8070468819149
616.6668975165212,1582.1346082098044,1298.5150662962003
615.6234848892032,1581.3797529409635,1300.2513032440243
614.7421668886271,1580.5737902283247,1301.8662804703029
614.0157952091652,1579.712950093808,1303.246317658062
613.4117641877307,1578.8133042509248,1304.3599281324657
612.9313047569,1577.9251883727784,1305.2123244018317
612.6198792886996,1577.111575677577,1305.8306136364754
612.5176537702588,1576.4050349142767,1306.2937872857367
612.6345151556803,1575.7901995978605,1306.7080320885498
612.9513833665671,1575.2170891442886,1307.1541411818419
613.4048586706026,1574.6193507735404,1307.6841435265371
613.898857659236,1573.936894724296,1308.3193515772493
614.3618484892202,1573.149692812703,1309.0163151368645
614.7837057269765,1572.2965179972093,1309.6590193768154
615.1915356374487,1571.4503540639457,1310.1081507575338
615.5990702135213,1570.6754058321453,1310.2707875646356
615.9949621201762,1570.013181452372,1310.1241473629195
616.373850185656,1569.4960929284057,1309.6839151486274
616.7538069987966,1569.1556488318129,1308.9817891248165
617.1640861218202,1569.0178264254348,1308.0702604859243
617.629834869475,1569.0989079985804,1307.0166511164246
618.1588222946116,1569.4018725779683,1305.8957241920311
618.7300151271979,1569.910075564903,1304.7992238997035
619.3060472291055,1570.5915030601036,1303.827326169849
619.8640092407774,1571.4122876269196,1303.05354018197
620.3987532807446,1572.339175779057,1302.5062856174943
620.8953161786127,1573.3365806415466,1302.1788554858733
621.3208099265739,1574.376105294486,1302.0425291823099
621.6500872654094,1575.4488962557805,1302.052501440417
621.8925362723587,1576.5673417173612,1302.1442702595948
622.0929772938174,1577.7570339724462,1302.23769423
622.3048119397992,1579.038014709751,1302.2831836458315
622.568747476612,1580.4094168469726,1302.2976320144824
622.9150911295317,1581.857880886163,1302.3273954878618
623.3607046155804,1583.3747463397606,1302.4045440168532
623.9005399365448,1584.957771925611,1302.5416870228414
624.5160144082794,1586.6016831631168,1302.7259404485321
625.1912060833994,1588.29675933032,1302.9038684571456
625.9182910855304,1590.037279520108,1302.9922469820547
626.6821102305,1591.820574960068,1302.9351522517263
627.4516733912413,1593.640418783901,1302.742810264037
628.2068652602757,1595.4931651093339,1302.4583012047606
628.9548464835688,1597.3805012051987,1302.1213825443313
629.7043599323619,1599.294380605403,1301.7695253126844
630.4431089618733,1601.204005425432,1301.4331494035725
631.1441484584475,1603.0562392694965,1301.1154717683346
631.7738586970039,1604.786436373635,1300.7795812797576
632.2888481039853,1606.345318331391,1300.3599790615026
632.6469696984861,1607.7342692661064,1299.786104585903
632.8430261406824,1609.018244712881,1298.994621752996
632.925012850788,1610.2954266475156,1297.9596392926394
632.9596083592108,1611.6456129077683,1296.735034791091
632.9900844465952,1613.1001009076729,1295.4385036891224
633.0258258409048,1614.6374214807777,1294.1912805874865
633.0486485450306,1616.1891377257894,1293.0740849671527
633.0228644820296,1617.6616995280028,1292.1010696275928
632.9156413783644,1618.975403027312,1291.1991697225812
632.7135874474959,1620.093311192315,1290.2174110435255
632.4159480422843,1621.0142129477024,1289.0019726030844
632.0310857280032,1621.7511526854362,1287.4749282455668
631.5961909125323,1622.3320332717828,1285.6269715934095
631.1861931282048,1622.8100925306856,1283.4735669787594
630.8876293468022,1623.25055126831,1281.0586346785565
630.7535270347222,1623.6933589348246,1278.4973635769109
630.780597047724,1624.1330819411032,1275.981774004046
630.9306472105299,1624.538921054468,1273.7127343197062
631.1613086397848,1624.8847572950447,1271.8296813913594
631.4331922819757,1625.159362522051,1270.3961880405423
631.7042184330508,1625.3568449221882,1269.4213714269117
631.9300298356708,1625.46902108944,1268.8770857932586
632.0705163011643,1625.4916401757903,1268.699370097156
632.0930047334364,1625.426234936209,1268.8087047442614
631.97721965766,1625.2732968695293,1269.1483582759756
631.7319985902299,1625.0308588731086,1269.687623795684
631.4001617577134,1624.6950989714342,1270.4049324848165
631.0322685714727,1624.2580940994103,1271.2989675752794
630.6632137895198,1623.7091093725408,1272.396459332506
630.311129956568,1623.0395483567913,1273.7246400294393
629.9796719847549,1622.2495937669319,1275.278413462202
629.6613737491299,1621.3564333088577,1277.0153379737385
629.3478191347746,1620.3955577744393,1278.8791405276252
629.0353136069582,1619.407760398101,1280.8295780613696
628.7184389703764,1618.4215207084787,1282.8593318466774
628.3883748620394,1617.4469403490966,1284.9843530853746
628.0398278174247,1616.4770917972821,1287.2154021198514
627.6687066894648,1615.4847730429537,1289.5352777433764
627.2685987634196,1614.4249592642118,1291.8835847530804
626.8402372695339,1613.2582067009964,1294.1481660563497
626.4040044806303,1611.9864543833216,1296.173906506707
625.9948590529508,1610.6700124886947,1297.8052359562246
625.6424427993496,1609.4063812498553,1298.9619422488543
625.3685326125745,1608.2862377718266,1299.6931980216896
625.1971349068666,1607.3514834772038,1300.1636312659723
625.1491947018794,1606.5780384245188,1300.5865920064437
625.2299965599431,1605.8960972456093,1301.1395861963601
625.4199831588519,1605.225405145799,1301.9081540098987
625.673630429058,1604.497520793167,1302.8868054645745
625.9336089619565,1603.6691349267708,1304.0057113780433
626.1445006318957,1602.7335531910078,1305.1552972554102
626.2584383931176,1601.7227154063175,1306.2143821266984
626.2496926361921,1600.6991413968526,1307.0744681807173
626.1317916274354,1599.7406585571694,1307.6495551073874
625.9570607025881,1598.918420639367,1307.8741426828133
625.790621104167,1598.275113305769,1307.7154853099187
625.6660296117935,1597.8144897027905,1307.2126172378314
625.5717871698201,1597.5182110271649,1306.4703069102195
625.4885137145412,1597.3755650611806,1305.5846841213488
625.4197874416305,1597.3868488461776,1304.6014590732968
625.387448100367,1597.549945954857,1303.5403574467919
625.4003693920442,1597.8494101465044,1302.4402657248168
625.4260181575955,1598.2508786123635,1301.379607117026
625.4139553772105,1598.7205885456942,1300.423780222477
625.3330747764669,1599.2430723529199,1299.5711599157069
625.1592912448914,1599.8041543449704,1298.792560604854
624.868526572151,1600.389387533518,1298.0622593237827
624.466330623499,1601.0096410660094,1297.3242322938675
623.9838297803332,1601.690721806483,1296.5192598344324
623.4494344355437,1602.44405267279,1295.645797137236
622.8936598788505,1603.2739173859288,1294.7367731751144
622.3567484325348,1604.1932915316404,1293.817611961665
621.8721528147528,1605.2141237554058,1292.9125965224696
621.4525957737711,1606.3351300302797,1292.0529587122742
621.0993108999724,1607.5490090564113,1291.2577049967333
620.8166279218997,1608.8519589062817,1290.5178682243934
620.6055083316439,1610.2390419029553,1289.8140531339475
620.4544838967136,1611.697214454294,1289.1388475925528
620.3505568177784,1613.207181825564,1288.4937770491294
620.2900995982468,1614.749108862423,1287.8809206253338
620.2712732941791,1616.3036668070633,1287.3064681190901
620.285091290041,1617.8525597427886,1286.7832342259173
620.3202978166642,1619.3832945588779,1286.324489786559
620.3711560563893,1620.888429265421,1285.941277869036
620.4370623238107,1622.3565139784312,1285.643793556331
620.5150431105717,1623.764150870694,1285.4339279795984
620.5967905145749,1625.079460865325,1285.2900340877422
620.6765636758711,1626.2808745396699,1285.155379543527
620.7569624328285,1627.3764640156862,1284.9477860787072
620.844848364533,1628.4066091183402,1284.6023473588784
620.9492525304435,1629.4290007089355,1284.1130303682087
621.0837960811643,1630.4922467811098,1283.5294616092103
621.2596345583214,1631.611991982601,1282.9256460624104
621.4721269861999,1632.7649035298962,1282.3722355662653
621.6973820191341,1633.8986210798232,1281.9138154457626
621.8993353065229,1634.9451023768643,1281.5554318699753
622.0384098613409,1635.8326938556863,1281.26806539094
622.0832141222696,1636.5036837096782,1280.997810431317
622.031860716841,1636.9366893792212,1280.655516606364
621.9222912588418,1637.1524107136731,1280.116363190971
621.8113994756561,1637.1932696995198,1279.2675140624754
621.7493157387254,1637.1022132439819,1278.0604532312516
621.7686547525263,1636.9159518871688,1276.5309137299168
621.8860303905398,1636.6667005063493,1274.7928016458995
622.1173573460394,1636.390972928919,1272.9937034181023
622.4812707807569,1636.1304657604844,1271.2695529919342
622.9801738613806,1635.9160916170258,1269.7407282883114
623.5928584573925,1635.7555370737264,1268.5103153320815
624.2829760046885,1635.6370665554732,1267.6454640392847
625.0033072185994,1635.542207524976,1267.167591507286
625.6997815145363,1635.4555513809246,1267.0548422340867
626.3200884877066,1635.365598911395,1267.248290223646
626.8228263921729,1635.2622202209634,1267.6643659355718
627.185241312367,1635.1357995998576,1268.223653316291
627.4063699954786,1634.9765920914856,1268.8814471985402
627.5123527393365,1634.7798576244195,1269.6215849327712
627.5557435385815,1634.5503928823728,1270.439659956826
627.5959026920574,1634.2917536652271,1271.3506355944467
627.6818541691603,1633.9948630202803,1272.3848947284848
627.8388885538311,1633.6384860958105,1273.579067725905
628.0542918969875,1633.1947399761311,1274.975758451992
628.2931067810197,1632.6420302747135,1276.5875780388183
628.5365627333456,1631.985242502818,1278.3502365547718
628.7957421380248,1631.2613425728955,1280.1419811665073
629.0910228414689,1630.5109967705453,1281.8669714006821
629.4350462629632,1629.7514698668188,1283.5189499253422
629.8386112229266,1628.9884690417214,1285.1707281416923
630.3144764085249,1628.2324086006508,1286.919544741757
630.876055402233,1627.49476716616,1288.8175235888718
631.5354101882577,1626.7776812791155,1290.831330481737
632.2806499035624,1626.0554886242091,1292.891296245888
633.0657625769506,1625.274846059952,1294.947999458825
633.8499827258998,1624.3993591636217,1296.9442981394554
634.637306942498,1623.451560951911,1298.7897041561373
635.4716486053926,1622.5035439121098,1300.4029144865797
636.4065068072345,1621.630803000729,1301.7614507223204
637.4749782992187,1620.869859697157,1302.9137059931868
638.6703286015393,1620.2020663793435,1303.9574261885684
639.9484976258166,1619.5666574856766,1304.9900758160425
641.2528535761961,1618.8990128431285,1306.0556969454847
642.5349311941934,1618.1658738026442,1307.1316564027643
643.7587975070525,1617.3696347090352,1308.1527813486448
644.9013652092613,1616.536498666542,1309.033867716457
645.9532966740132,1615.706129979671,1309.6836761759207
646.9183610341149,1614.9216886583972,1310.0229885271463
647.8074874333372,1614.2236373321985,1310.0006571180822
648.6309446139574,1613.6425210734697,1309.5972887113203
649.3947375913597,1613.1899080239066,1308.820765501771
650.0976651647023,1612.8646765686135,1307.6991402053104
650.7352872623663,1612.6688505344123,1306.2736638073939
651.3085937320621,1612.608158925703,1304.604897609628
651.8203226979347,1612.6831344368134,1302.7824702693486
652.2744734705512,1612.8947908134783,1300.8967019399759
652.6883798402481,1613.2550318995793,1298.990848693957
653.0765922627046,1613.7697554858253,1297.0816516029236
653.4085762768623,1614.408984555727,1295.2282931513498
653.6067716362791,1615.1138835335498,1293.5247729008693
653.5890768410464,1615.8348645846238,1292.027595629744
653.3031123302186,1616.5538293774607,1290.7245489169811
652.7377173832798,1617.2801618718788,1289.5533053527263
651.9207070944817,1618.0355336441103,1288.4400013276695
650.9164849233706,1618.8433650493475,1287.3279128980284
649.8202796778014,1619.7251966913175,1286.1787420758658
648.7250048024595,1620.6879502870524,1284.9906380954058
647.6833286885111,1621.7160090323916,1283.8223912727713
646.7106825970701,1622.7902651364905,1282.7554014392779
645.8204169223328,1623.9062550891076,1281.8261689223955
645.0366514372676,1625.0665805511824,1281.0184574398168
644.3697254012408,1626.2681762113698,1280.3094544066737
643.8087153959829,1627.503409297999,1279.6898738903894
643.3377771922,1628.7651956006623,1279.1554725095916
642.9336442710343,1630.0439116260623,1278.7214659359581
642.5597973639558,1631.3171122370309,1278.4330549649196
642.1805134337787,1632.5455943817324,1278.3277337001618
641.7745362052491,1633.683143656476,1278.3841529515066
641.3223302830318,1634.677835715385,1278.5260845026594
640.7878149493984,1635.4777820728355,1278.6633054005772
640.1441853075544,1636.0745338369788,1278.703708546038
639.4110164817429,1636.5299841516603,1278.5699144713851
638.6377257970664,1636.9342402800658,1278.2499389975749
637.867061785421,1637.3471243217502,1277.8107841457927
637.1375187095258,1637.7880677728542,1277.3340783105205
636.4951054719545,1638.251550739849,1276.849808072032
635.9686344926977,1638.697250807979,1276.3557375222895
635.5497331056082,1639.0515089694404,1275.8601245651105
635.2117021917272,1639.2578494935956,1275.3656462497343
634.9266042718077,1639.313003999698,1274.8502254974658
634.673940494971,1639.2506890527632,1274.281027409974
634.4581510778977,1639.11472242092,1273.6308632704827
634.3087217276517,1638.9459921951427,1272.8951404216723
634.2621630986229,1638.780852254845,1272.103742918709
634.359213599618,1638.657177681402,1271.2961849182839
634.6396998381244,1638.6098975478853,1270.4959383033836
635.0989423582071,1638.6451325960159,1269.7551298796234
635.6616201279269,1638.7258570395486,1269.1883281557466
636.2343523154292,1638.7998169136604,1268.900150671071
636.7606341854071,1638.8354738924845,1268.917171825579
637.2070749820499,1638.8249198374515,1269.210291019241
637.5371323227923,1638.7673913949322,1269.7292177811805
637.7264113587197,1638.6584486735474,1270.3969095303323
637.7869587967016,1638.4918200801349,1271.1113933228412
637.7471270248321,1638.269292062039,1271.795274063067
637.6153400290351,1637.9999004392162,1272.4363143281907
637.3890240336871,1637.6832532078997,1273.0695439126832
637.0867654515432,1637.303781568945,1273.7393570642769
636.7514324515464,1636.8431147054796,1274.4768324216493
636.4156748167632,1636.2827331849758,1275.3092925505625
636.0734619960492,1635.5996796236345,1276.2762339370076
635.707319350703,1634.7850552828547,1277.393555168269
635.3330381760138,1633.870781278951,1278.610480783575
634.9923962811567,1632.9208374827442,1279.844816378395
634.7142537524669,1631.9894051245024,1281.065495429587
634.5076762841819,1631.1015490203183,1282.3095141626309
634.3814570984521,1630.2709450180428,1283.6221691974492
634.3355115493264,1629.500489434907,1285.0375754846236
634.3402649676102,1628.764829325537,1286.5939224938352
634.3543791155354,1628.022325216927,1288.2938553596784
634.3542761286404,1627.2445506513948,1290.0692952357485
634.3375945332658,1626.434215906676,1291.8124205017045
634.3167063765361,1625.6273694648564,1293.4280650416324
634.3205012118034,1624.8753783089517,1294.8730859043987
634.3932338445477,1624.2176987119306,1296.1713612215408
634.576234175058,1623.6656677944218,1297.3972518118185
634.8847751513881,1623.2026655086504,1298.6350355768252
635.279547044203,1622.7896376533859,1299.955028825859
635.647938227445,1622.367772299134,1301.421094529505
635.8808978844964,1621.8873566542134,1303.0339207396146
635.9757070989347,1621.3497568475402,1304.6557287226076
635.9882388191986,1620.7899447393447,1306.0992002518274
635.9361574079414,1620.2320309718489,1307.2586451298253
635.812145759833,1619.6948996402189,1308.0946236678985
635.6306448536604,1619.2147924774574,1308.5722124354522
635.4290607652226,1618.8369772697226,1308.6513810724014
635.2468723339797,1618.5932162861484,1308.3111662077308
635.1020087378974,1618.4899011524353,1307.586723649964
634.979171923303,1618.5101488297173,1306.5757338438007
634.8553668449199,1618.6260124451169,1305.387095014978
634.7309137999094,1618.812434908406,1304.09128891034
634.6186072498425,1619.0538255007973,1302.727884601684
634.5228695282178,1619.343717474984,1301.3354053102187
634.4367521306539,1619.6803363111537,1299.961812188853
634.3408996549588,1620.061861682459,1298.659499778597
634.2068450696324,1620.4864787641275,1297.4758183464273
634.0088184347127,1620.956392901431,1296.4420824054557
633.7354356367972,1621.4782407535188,1295.5645004048238
633.3898970353732,1622.0557670753528,1294.829041335448
632.9788393439604,1622.6862355977678,1294.2184427630386
632.5086013030644,1623.3664243830772,1293.719784383545
631.9904627309376,1624.096285264794,1293.3239980371732
631.4456585948792,1624.8794313990554,1293.030457490692
630.9065760585581,1625.72359303923,1292.844088856095
630.4061281425217,1626.6356300886002,1292.7577011307453
629.9635305842577,1627.617649331908,1292.743661684935
629.5817565174211,1628.6690835917752,1292.7678345948293
629.254536036841,1629.7863262557325,1292.8040573861895
628.9734841105291,1630.960858553733,1292.8379534371254
628.7310644078759,1632.1843791630017,1292.869359075714
628.527304381372,1633.4604876753108,1292.9030172797106
628.3753960382933,1634.807393612963,1292.9334509254354
628.2810685764865,1636.2340245956893,1292.9699890348386
628.2180543109461,1637.713194659308,1293.067043916391
628.1431465728135,1639.189450999326,1293.2832132973533
628.019409865818,1640.601601620383,1293.624581798097
627.8139884324177,1641.8959545322336,1294.0395088300663
627.5031508284296,1643.0467227965858,1294.4324215600677
627.0897104548516,1644.0731557071026,1294.6897474527498
626.5987534000756,1645.0249153588566,1294.7306436195615
626.0561508614035,1645.9527999460777,1294.541640333796
625.4838362542243,1646.8986326672984,1294.1550136369572
624.9143633253574,1647.8963308664868,1293.6013881913054
624.3829211128046,1648.9536312013404,1292.9128862659402
623.8976297636091,1650.032569093863,1292.1480417484477
623.4392554374967,1651.0682646855798,1291.3563586955847
622.9848433505974,1652.0030444023444,1290.5365376118284
622.5220638292757,1652.7977893041768,1289.6486604726106
622.0517897258874,1653.4293176756748,1288.644901728413
621.5838242997042,1653.8922760334858,1287.4871591747974
621.1404546369558,1654.2075671282462,1286.1381004202701
620.7640860035783,1654.4227849324423,1284.5551164185397
620.4968375343751,1654.5875555322664,1282.7376504435028
620.3454392504219,1654.7273354090778,1280.7760282459772
620.2788627317025,1654.848676929365,1278.8216369359993
620.2626374433613,1654.955337137243,1277.017656434763
620.2856575573319,1655.04898126336,1275.4695420437656
620.3450423534317,1655.1241886629766,1274.2595348710797
620.4172775512244,1655.1703306513157,1273.4545851035612
620.4567309997715,1655.1796608399386,1273.0855690517117
620.4152771184363,1655.1533444434203,1273.125333438356
620.2606642848624,1655.099220050178,1273.4910186355378
619.9795364099889,1655.0232106794176,1274.0803590178189
619.5581579892715,1654.9205430660122,1274.8319277811709
618.9757908910593,1654.7806745203427,1275.7408594034118
618.2454662368929,1654.604003194111,1276.7983151876133
617.4274980634589,1654.393268432277,1277.9787072131471
616.5726125490054,1654.127448682375,1279.30394328862
615.6970223794674,1653.7766934554613,1280.8253455369447
614.8179925049459,1653.345290708796,1282.5337949275934
613.9653446856107,1652.874577665213,1284.3505703883366
613.1541724497481,1652.3996285442245,1286.196210118075
612.367368342206,1651.9158752601663,1288.0416002887368
611.5642628165147,1651.3889432455887,1289.907640204837
610.7088028353088,1650.7910259265118,1291.8245923466595
609.8004982999915,1650.125563296152,1293.7887666188883
608.8752178020741,1649.416799481702,1295.7671936673576
607.9760538609669,1648.686176924316,1297.734439521811
607.1239550675086,1647.9409243646123,1299.6915677012503
606.3109098331197,1647.1714974315823,1301.652197437926
605.5241712348674,1646.361798667028,1303.6002868774797
604.7693778757501,1645.512069836922,1305.457889079059
604.0664194741312,1644.6521972232115,1307.100404950565
603.4447798964463,1643.834779553817,1308.4056685897503
602.9444837585892,1643.1110112977556,1309.3165623838195
602.5890720399605,1642.4929888969298,1309.8966959883803
602.35774494008,1641.937273086118,1310.3170017495652
602.2219838514135,1641.3836710277487,1310.7430359097043
602.185906703561,1640.7935866094783,1311.2418001083167
602.2507657913657,1640.135409471523,1311.8049848193014
602.3874934418885,1639.3778689646813,1312.3834511246823
602.5662811058157,1638.5167985720896,1312.880262082569
602.7698069076714,1637.5707050161388,1313.1957572595138
602.9860874490973,1636.5554319868056,1313.2878052543517
603.2222755921184,1635.4962960838018,1313.1435357891585
603.5089020026181,1634.4456012376156,1312.7395010186747
603.866523314991,1633.4562121576316,1312.08581573066
604.2868173909922,1632.5488394828633,1311.2624432745083
604.7600028062735,1631.7216531335202,1310.3718130427546
605.2922707262697,1630.977954714994,1309.497502389921
605.8883396070229,1630.3315669505305,1308.71444591242
606.5390133954844,1629.7964732805008,1308.092077677189
607.2251253876782,1629.3842099611102,1307.6778213503374
607.9216975404132,1629.1102263659457,1307.4855141657392
608.5962681182245,1628.9956062792228,1307.4911652401897
609.2114267086201,1629.0616808940945,1307.6331515807665
609.7385384261728,1629.3257412244996,1307.8239248804218
610.1669900324388,1629.8002295388676,1307.9743350216277
610.5008120358535,1630.492366604541,1308.0183379738921
610.7531405886535,1631.4027347004903,1307.9330376909668
610.9450928749279,1632.5237431119724,1307.7458235244962
611.1045453027025,1633.8395465298408,1307.5143066097207
611.2575496311952,1635.325974436809,1307.2925198129794
611.4175747232383,1636.9488083369565,1307.108536506823
611.5839730154,1638.6673731966657,1306.9607803501049
611.751506670524,1640.4459690457334,1306.8277039905736
611.919611161499,1642.2600666312164,1306.6758842227073
612.0916594017104,1644.0917397499932,1306.4623441900385
612.2730398935755,1645.9233230358275,1306.1448738755887
612.4757990596686,1647.7371019108834,1305.6962734013337
612.723528739262,1649.5228876023477,1305.1075940089374
613.0505379470969,1651.2851496856872,1304.3903656606406
613.4936346017955,1653.0376847054717,1303.583756119085
614.0782439591959,1654.7874843893146,1302.7497249723
614.8024454357271,1656.519059770199,1301.9542315128638
615.6324050304343,1658.1905690640297,1301.2423837820127
616.5207689214474,1659.7511060198603,1300.6138859902226
617.4272628666089,1661.16858935472,1300.024092278441
618.3221085758723,1662.4456229154061,1299.42155705811
619.18679439177,1663.6174700871688,1298.7817660912976
620.0164086482837,1664.734090652694,1298.1074563522338
620.8050180166481,1665.833778213642,1297.423014955503
621.5232540993452,1666.9259790738834,1296.7775595365415
622.1226672203061,1667.9905943314482,1296.225728411266
622.5655525065192,1668.9875780386885,1295.7771143392038
622.8429836973057,1669.8726057780573,1295.3605417373858
622.9649261788747,1670.6094454106674,1294.8538685049275
622.9313466441829,1671.1620329470966,1294.1683522933383
622.7177919669591,1671.489705250221,1293.2945715631588
622.3080214924944,1671.5752835720762,1292.2555569692174
621.7306559731268,1671.4466015108915,1291.0590122544686
621.0521411789086,1671.1631653011252,1289.714778065891
620.3452211149843,1670.7933705039027,1288.2648579246568
619.6597395395219,1670.3979341204235,1286.790913722651
619.0180975837857,1670.0270395032735,1285.39293917878
618.426669757004,1669.7212596364636,1284.157266700379
617.8655227469883,1669.491815416969,1283.1671764995417
617.279879793513,1669.3092376248342,1282.5201342568025
616.6075130829618,1669.1323226200598,1282.2841128264708
615.8048640599698,1668.9377564477254,1282.4544836973482
614.8478741720938,1668.722565409782,1282.9705010900407
613.7330889733403,1668.5023534024056,1283.7458505119196
612.4797062397603,1668.3073759446113,1284.694918666527
611.1133692481671,1668.157349059123,1285.7740853775092
609.655912902226,1668.0414169584142,1286.989833629179
608.1377593193317,1667.9368192773659,1288.354825933497
606.5972843681378,1667.8310917901313,1289.8682349955789
605.0672123652638,1667.7150810098663,1291.5291400329047
603.5724138023396,1667.5718229132829,1293.3353901835642
602.1276555631387,1667.3797467152735,1295.2743547514744
600.7309595221177,1667.1169870544807,1297.319413983968
599.3624357049625,1666.760606782168,1299.4301849445255
597.9956748569201,1666.2919752580551,1301.5580189927505
596.6197542301422,1665.7052037324834,1303.6534091025233
595.2480977917018,1665.0062233084,1305.6738865001269
593.9062943962092,1664.2073282505878,1307.594720055569
592.621874936713,1663.321584806995,1309.4075456153635
591.4210036408809,1662.362360292192,1311.096800136279
590.3325502833075,1661.3674582628284,1312.611497869645
589.4077834132015,1660.4231501796492,1313.8700369055257
588.7183895186033,1659.623659814104,1314.8312925859227
588.3166425846817,1658.9991267164285,1315.557651921135
588.2096144976047,1658.506229579725,1316.1698524711328
588.3570543552202,1658.0693112981685,1316.7672300447223
588.6778943235197,1657.6138664094597,1317.4054988892738
589.0846262713494,1657.0849559947956,1318.096456358794
589.518306996742,1656.4522145789142,1318.8096527828616
589.9423861471022,1655.7071421497453,1319.4902006039247
590.3334487621379,1654.8690136202674,1320.0623576282103
590.6933773356783,1653.9878567405742,1320.42308019293
591.0464834646423,1653.1219640472254,1320.4768572686287
591.4228257248358,1652.3129124632371,1320.1818157499372
591.8484917235392,1651.58073926832,1319.554076795001
592.3428645137084,1650.927604182066,1318.6447520032139
592.9161967004716,1650.3494507364626,1317.5176424297192
593.5430776760711,1649.843381076755,1316.257607215324
594.1574641632858,1649.4136276284792,1314.9612531448406
594.7326872202815,1649.1040415476477,1313.6433015528632
595.3182582151303,1648.9963457654553,1312.2161393180372
595.945314132084,1649.1359644262386,1310.6371096535754
596.5717441550046,1649.4961006735189,1308.9840054228487
597.1392383037605,1650.0236609542628,1307.3664753543094
597.617316955887,1650.6784051220015,1305.8551140052916
597.9950202571038,1651.4319296918297,1304.482445491035
598.265754414743,1652.2578932288752,1303.2577331138789
598.4229115699904,1653.1298159460234,1302.1791511660315
598.4638430563396,1654.0281128559486,1301.2388237855216
598.3967441717548,1654.9470366656433,1300.42246576664
598.2494860306647,1655.8948665274384,1299.703464684184
598.0719019117795,1656.8910908443802,1299.0432275063226
597.9121922246898,1657.9518743982908,1298.4281647687362
597.7932946627668,1659.0760427360126,1297.8930844978834
597.7281421121589,1660.2629459363461,1297.467710258553
597.7372332940871,1661.532539860241,1297.1322639095117
597.832530402589,1662.9036388652917,1296.8604673601621
598.0032719538505,1664.3660657013547,1296.6617509836278
598.2303392522579,1665.8906492700855,1296.5496841852469
598.5095494379773,1667.4502869210442,1296.5058813575863
598.8556634228148,1669.0271162210195,1296.4969915094646
599.2785052719412,1670.6220307018395,1296.5026783555625
599.7654850724062,1672.260963217249,1296.5193743896637
600.299336714182,1673.9728330525527,1296.562314420518
600.8757402462325,1675.7590873328413,1296.6692851948944
601.4892583289239,1677.5904372110467,1296.8792887723812
602.115195318525,1679.4161952981008,1297.2010826364033
602.7134223323235,1681.1735480763145,1297.6004248322863
603.2386904443869,1682.8163847914545,1298.0084035839902
603.6508129338762,1684.3498740468754,1298.350248151786
603.9461897758694,1685.8330334479704,1298.5666994413812
604.1785256958017,1687.347159201539,1298.6139264336994
604.4092676392737,1688.9510176138037,1298.4916876621282
604.6532324971881,1690.6556904756396,1298.2566404772442
604.901239028678,1692.4393228414585,1297.9499375577377
605.135736724901,1694.2557578298106,1297.5678326292434
605.3023321486968,1696.019409367797,1297.1179923981686
605.3367598924061,1697.6191563523653,1296.608455244037
605.2211746647595,1698.9595657918733,1295.991480960507
604.9800090392981,1699.988754477024,1295.174766469893
604.6533044345708,1700.7080374723073,1294.0665494763257
604.2929249495967,1701.168419184811,1292.604416548709
603.9593871354563,1701.4488125186674,1290.7804391638444
603.7027615144669,1701.6224914654865,1288.6656521645687
603.5473135121588,1701.7389371967156,1286.4030360750585
603.5060279240266,1701.831116944645,1284.1594021608075
603.5943901464711,1701.9239891741884,1282.085228072438
603.801099793255,1702.0271955645192,1280.3168423920126
604.0661600742608,1702.1280841174103,1278.9741008556941
604.3158876219519,1702.2058343434667,1278.121651290801
604.4970997445296,1702.2519277808008,1277.7454499165915
604.5648394638824,1702.2687352346352,1277.7736473146429
604.468291172798,1702.2550136627494,1278.1080898410419
604.167885701893,1702.2017666719235,1278.648709175344
603.6592036123908,1702.101003112541,1279.3153975418643
602.9836210530652,1701.9610901226238,1280.0511679314623
602.2172857953551,1701.808082135278,1280.8122807830223
601.4294498298505,1701.6531260673087,1281.5966896719153
600.6484077975978,1701.468272870429,1282.4769881701636
599.8774720558523,1701.2141555451308,1283.5502721519745
599.1241318066611,1700.8733839039996,1284.8581665030151
598.4014525375756,1700.4493883389869,1286.3728499147169
597.719831809811,1699.9541061450536,1288.031442041995
597.0853110014765,1699.4020513117366,1289.7711116896
596.5001456584932,1698.8086281852607,1291.5514466546117
595.9624636862662,1698.1857061995113,1293.363043280407
595.4677173055693,1697.5332115011252,1295.2187097204874
595.0218833772815,1696.8392665674903,1297.121201134992
594.6441575508563,1696.0876940882945,1299.0387401883083
594.3403769026992,1695.2629918980392,1300.9139816327038
594.1033550850627,1694.3668908054847,1302.661978276963
593.9558485316677,1693.4447081481194,1304.1644951373623
593.9551754296106,1692.5797725899606,1305.3335363264312
594.1427306054218,1691.8458871991702,1306.201156125967
594.5147239025267,1691.2626440308957,1306.9168727984265
595.0373036462241,1690.7918173141172,1307.651504485646
595.662076291719,1690.3671350711913,1308.5093143120148
596.3292784072344,1689.922980302881,1309.5045569745039
596.9815039708317,1689.4085990947053,1310.5768777566084
597.591608180181,1688.799908032704,1311.6088910946983
598.1736932144871,1688.1098857419493,1312.4501938055841
598.7625666694479,1687.384811719448,1312.9595848305694
599.3925557168518,1686.687626838279,1313.034440382086
600.0851118765594,1686.0818209338734,1312.6112939246711
600.8429413133359,1685.621348516227,1311.6636730650662
601.6704816352359,1685.3457803595309,1310.2025762349158
602.5915717289635,1685.2778599899884,1308.2797007075374
603.6306310392873,1685.4209062335817,1305.9965649195904
604.7942165377515,1685.7581910608978,1303.4987574437905
606.0738880508881,1686.2587816735531,1300.9535078041674
607.4461207185956,1686.8861023343889,1298.534293293183
608.8682832715479,1687.6014981365115,1296.4090966862625
610.2812431993017,1688.3682808887822,1294.7150186388776
611.6172639017441,1689.1610522014455,1293.5247675285684
612.8160783700961,1689.970745820648,1292.8223548584274
613.8354173666798,1690.7989052182386,1292.5108628789237
614.6445658463184,1691.6503273435544,1292.4549009088933
615.2267743503295,1692.5337993155479,1292.525535612105
615.5976022449557,1693.4656502777018,1292.6324065115268
615.8113282939474,1694.468920755543,1292.74102881775
615.9444538273862,1695.566969287104,1292.8668209338566
616.0707318886509,1696.7750596317248,1293.0565054921549
616.2420878299046,1698.1023249455327,1293.3693675508885
616.4801465857979,1699.5594225256618,1293.854559980011
616.7958387740867,1701.150821303034,1294.5154509879005
617.2169517223438,1702.8630736906402,1295.2865915049517
617.7686736831162,1704.6692401245,1296.0624880547648
618.436311768246,1706.5340877664205,1296.7517295186944
619.1513054396128,1708.4062121268182,1297.3196098954245
619.8059384023553,1710.220698899541,1297.792152054756
620.3295341648735,1711.9326049126203,1298.1879284324068
620.7512530233037,1713.539106980862,1298.4615577997156
621.1463755125249,1715.0559954796179,1298.550781182181
621.558991555734,1716.4922260214842,1298.4379337468351
621.9965603839498,1717.8500134589876,1298.1421681141376
622.4544315063866,1719.1371800465274,1297.6883816772745
622.9256996352408,1720.3828596503897,1297.1092187783565
623.3987054343769,1721.6349027742963,1296.471340853769
623.8639766036027,1722.9346771661674,1295.870116370017
624.3142248008754,1724.2901725911436,1295.3925397141807
624.720423000786,1725.6589090289108,1295.0928652615466
625.0270435499885,1726.954437998338,1294.973278764557
625.1747710952562,1728.0781764620622,1294.9633099364348
625.1165176125368,1728.954200196125,1294.9254454664479
624.8335092892041,1729.5506574061947,1294.681989063673
624.3545157089033,1729.8843745669083,1294.04967402397
623.7474542725158,1730.0130365165994,1292.8919710301855
623.0892256059166,1730.0220043074078,1291.1678784701035
622.4514182944215,1730.0074826932473,1288.941316782888
621.8955916402523,1730.0522698351228,1286.3579877288716
621.4568084794819,1730.1997121425186,1283.6101664990917
621.1379834559871,1730.4486885804413,1280.9014081043763
620.9213778303523,1730.7724156408874,1278.4216098136192
620.7659353286706,1731.1406444578938,1276.328526736705
620.594733341433,1731.5356981683867,1274.7263274251973
620.3075058000411,1731.953458877173,1273.6411843694352
619.8190775934693,1732.3890261380254,1273.0070684850011
619.0804552639443,1732.831013825395,1272.6848635681888
618.06775879891,1733.271406633915,1272.514834264527
616.7773930630874,1733.7050071018282,1272.370734395442
615.2362622226151,1734.1134797885106,1272.1876942509216
613.5024037814031,1734.46322738956,1271.9577346561246
611.6538088782875,1734.723868158017,1271.7106269191495
609.7722502909194,1734.8816267138332,1271.5020662097882
607.9243170266935,1734.9324535900034,1271.402853080528
606.1484950800896,1734.8675140649234,1271.475862934175
604.4607108894769,1734.6729600089625,1271.7515433266383
602.8732239976331,1734.3454735331097,1272.2130113131257
601.3984629372238,1733.9037067852707,1272.7954569917363
600.0354093156599,1733.3867352915634,1273.4141568850596
598.7679895529614,1732.8483318544795,1274.0092916885676
597.5707351410995,1732.3387797391176,1274.5729967595755
596.4099599682094,1731.8653460731446,1275.1492588939445
595.2656678142812,1731.3811774612839,1275.7909326151605
594.1590194033566,1730.8360250508338,1276.484959248248
593.1302882901429,1730.2244282066545,1277.1399137368244
592.1983785898367,1729.5855552403937,1277.6557160139637
591.3696768178144,1728.9846905466354,1277.9838681909246
590.6588327580189,1728.4890823316898,1278.1553268506066
590.0715344743284,1728.1316345554271,1278.2845463822205
589.5833434657665,1727.887827797596,1278.5180416881979
589.1518957645255,1727.6940643029413,1278.9480685951132
588.7448878571224,1727.4860844705113,1279.5690518729957
588.3378558351359,1727.2109558407567,1280.3192408192015
587.8902526455729,1726.824096592759,1281.1386055825626
587.3640327301574,1726.310159982046,1281.9520648548787
586.7723979356184,1725.7013958173643,1282.6324440317476
586.179620644717,1725.0579730311565,1283.0407323074207
585.6576222822765,1724.4354849055383,1283.0951800092284
585.2494125234223,1723.8693121639224,1282.7901462216948
584.9546553268528,1723.3758784910888,1282.1804034748525
584.7507816991999,1722.9616370614867,1281.349179922924
584.6236455839347,1722.6290466616924,1280.3745751277288
584.5628863927898,1722.3795631867279,1279.3244353388009
584.5399282797739,1722.216103725387,1278.2686890464415
584.5131241221842,1722.1385341778855,1277.2786514119925
584.4590108046956,1722.1422357192362,1276.40211993852
584.3897936032481,1722.237428890018,1275.6251858468825
584.3297358064068,1722.4564996234321,1274.8814956573992
584.2738209857007,1722.8128645079082,1274.1386208953718
584.189439853334,1723.2731544813755,1273.4347116299982
584.0518185725929,1723.7894478470312,1272.8133441299422
583.8479332310121,1724.3309045044764,1272.2925681587542
583.5666753685435,1724.8852467264308,1271.8813730234635
583.2115734288744,1725.453275135502,1271.572692715164
582.8071988938241,1726.0430535341166,1271.3454270805944
582.3852995479529,1726.6687786983657,1271.1852851288818
581.9788717355755,1727.3526983880765,1271.0784903042163
581.6300610757635,1728.1215620516698,1270.9891407947016
581.3759456695226,1728.9927005828586,1270.8766609332345
581.2224295702797,1729.9599547539963,1270.7350689772113
581.1544128452844,1731.0036586781262,1270.5893425599668
581.1598076594095,1732.111401639562,1270.459307177254
581.2350143258606,1733.2827008684171,1270.337135614548
581.3775428920464,1734.5245429596664,1270.2078021183331
581.5740982066486,1735.8438217060984,1270.0957880018946
581.8053030107475,1737.237858227263,1270.0656213482876
582.0495948829796,1738.6818890417567,1270.1762725790368
582.2730283649896,1740.1152514794603,1270.4499526293096
582.447212206107,1741.4539049725622,1270.8518360368687
582.5793335273609,1742.6332454914234,1271.2802104850496
582.7014847983429,1743.6499950987509,1271.6122989475314
582.8474444386752,1744.5882437940968,1271.7666465390214
583.0563779274164,1745.601361063835,1271.7145528829924
583.3609390501435,1746.822051600157,1271.5013267618785
583.7536081455265,1748.2802396827199,1271.2706297675722
584.1887596419824,1749.917501546248,1271.191690448919
584.6142005775085,1751.6441221771408,1271.3567262933166
584.9928108344923,1753.367277159059,1271.7586131784751
585.3036888691572,1754.9997377501807,1272.3231862360908
585.5347436284322,1756.4696402243267,1272.940890526817
585.6860779025393,1757.7350623271927,1273.488622291115
585.7809284507473,1758.7985288309221,1273.8427489585365
585.8523804613839,1759.7050438657177,1273.9041741107126
585.915995062121,1760.5151489119971,1273.6435613192016
585.9963733680717,1761.2779904186777,1273.0943989076668
586.1725306953351,1762.0252722063105,1272.2933846767837
586.530953066826,1762.7672678396502,1271.2794889879435
587.0740103866182,1763.4861051593273,1270.148640015595
587.7098208136457,1764.1498784869382,1269.0612298908031
588.3239721152315,1764.74487084969,1268.1692786955077
588.8586101176189,1765.2923560074034,1267.5236521705092
589.319188321554,1765.8202702029212,1267.0778860862636
589.7137153865949,1766.3264980806641,1266.7737902224358
590.0327642511733,1766.7924739275586,1266.56024818406
590.2712180308554,1767.2107247598983,1266.369821330902
590.4210380505774,1767.5808157516008,1266.1577920721134
590.4659702878162,1767.897274577815,1265.9426232763685
590.4103327926717,1768.1499569568982,1265.7726214218387
590.292287670551,1768.3316631249154,1265.6766337674758
590.1540554195894,1768.4416881636066,1265.664966655839
590.0209495976178,1768.4831438544102,1265.7473571741193
589.9081859839322,1768.460846852308,1265.933510057066
589.809712629052,1768.377745046884,1266.2350370054064
589.6834397493152,1768.2290654949757,1266.6644672577881
589.4849395186485,1768.0074158616853,1267.214406045091
589.2109991428226,1767.715257833052,1267.850273377101
588.8866828223877,1767.366183627782,1268.540421674004
588.5265215083739,1766.9802714389557,1269.2790700869077
588.1272011765925,1766.577603987745,1270.079159646835
587.6812746941741,1766.1641081599787,1270.9683523739586
587.1848972288017,1765.7289647090888,1271.9930468593625
586.6474626380284,1765.26308724252,1273.1948483176172
586.1015513841087,1764.7728475338347,1274.5515196217314
585.5838279813786,1764.2710031928436,1275.9547742372115
585.0979283165011,1763.7548318185795,1277.279707287982
584.6244743700194,1763.2104167597613,1278.434789715122
584.1769503482273,1762.6541530107606,1279.32657845858
583.8122342951247,1762.1475765472787,1279.8737402394588
583.5770219115624,1761.751364948979,1280.0965985519213
583.4736121726878,1761.4738757816717,1280.1420697048613
583.4863987096411,1761.2691070077217,1280.1941724953995
583.6068680972686,1761.0705186143248,1280.3641345082592
583.8123893604346,1760.8214044928088,1280.6585344608973
584.0538813189162,1760.492355233687,1281.0129854525528
584.2800098215905,1760.0823322598617,1281.337665629408
584.4550084590928,1759.6029160004366,1281.5533028712887
584.5637957113913,1759.0656201547158,1281.6067948551186
584.6188927021608,1758.481158450364,1281.4757741164594
584.6509003711991,1757.863691318028,1281.170380037648
584.6904121128966,1757.239461503054,1280.7100752436052
584.7656187135127,1756.651152004996,1280.0998826244768
584.8969657085242,1756.1396099378564,1279.3597454548526
585.0833522440712,1755.721594586865,1278.5545452182387
585.2989800869174,1755.3949324009836,1277.7665163469248
585.5108848152609,1755.15706318294,1277.0452535846725
585.7083826274347,1755.0143803622357,1276.376527056115
585.8944030279004,1754.9781286742211,1275.7196645687116
586.0499151875463,1755.0557647497935,1275.081762622152
586.1469145600869,1755.252525590327,1274.5093118270117
586.1775925861627,1755.5739725126073,1274.030515389531
586.1424882108713,1756.019256871944,1273.649651718508
586.0405468198896,1756.5765437895657,1273.3646955345598
585.8802849455652,1757.226465715244,1273.172979438172
585.677211487991,1757.9502503272956,1273.0800693889526
585.4410099348983,1758.7325430454596,1273.1029817298815
585.1782663390186,1759.5561087516032,1273.258171428784
584.9047293211811,1760.4059046922625,1273.5453308387
584.6475935844079,1761.2817435857507,1273.9370805593
584.4407232976458,1762.2037642161774,1274.3681561587814
584.3126360591984,1763.2023053942198,1274.7425672120935
584.2637461656701,1764.286700192933,1275.0009620592703
584.268900723154,1765.4324587685567,1275.1775798098665
584.3101894908121,1766.614681024659,1275.354347936517
584.3921253310807,1767.8301655216262,1275.5848111184291
584.5356701801085,1769.0826810278077,1275.8763102146527
584.759727644166,1770.3682178274687,1276.2148392767199
585.0546402907866,1771.6688147080404,1276.5823477602698
585.3831781324011,1772.95099122754,1276.9411602679368
585.7081826549884,1774.1694468487963,1277.2141499021423
586.0109706802172,1775.2741436649267,1277.2981481011425
586.2946260555365,1776.2310224955506,1277.0977383549211
586.5884178301205,1777.0523637106983,1276.5433907430206
586.9382266098779,1777.799971905322,1275.6170274611775
587.3720932809705,1778.5464907937471,1274.3998250237603
587.89501940798,1779.334253204527,1273.061506685661
588.5135492726383,1780.1602866276037,1271.777053855401
589.2205425697674,1780.9855745259454,1270.6686035352486
589.966281517952,1781.7692960963907,1269.803505187377
590.6842016185915,1782.502335502472,1269.1991988972104
591.3374168335328,1783.2054416172466,1268.811988095144
591.920571833835,1783.9037143027185,1268.541497486001
592.4344536949055,1784.606278572191,1268.2742958946649
592.8847659228242,1785.303123635315,1267.9293556191872
593.2989723246837,1785.976745428644,1267.4691490273153
593.7256540367454,1786.6122926207747,1266.8892155217025
594.2129872014096,1787.1971007039467,1266.206342658556
594.7813660552761,1787.719388502444,1265.4543888604517
595.4100788252598,1788.1699819671671,1264.6822954114944
596.0615809173414,1788.5471064028613,1263.9374586216084
596.7163551407897,1788.8608032455718,1263.2517778683573
597.374540050888,1789.1226513498893,1262.6505715997282
598.0365873018377,1789.3322807611717,1262.1609033135016
598.6828402816178,1789.4841297419957,1261.8119391504536
599.2771991186675,1789.5896732877977,1261.6206918386831
599.8084726113187,1789.6878746920222,1261.5622005615771
600.2976763369095,1789.8142312273153,1261.5943672047918
600.751641665541,1789.9637291451072,1261.7166294156436
601.1543398394565,1790.1090488068776,1261.9559860515976
601.499496692225,1790.2385147272519,1262.322890161694
601.7997171242675,1790.3578575948734,1262.8057944601996
602.0741527115118,1790.472738616541,1263.3781515051317
602.3344483132831,1790.5793438011276,1264.0121787935855
602.5773478036651,1790.6654467230846,1264.696989688272
602.7908955929144,1790.7161272855967,1265.43529699125
602.9612444841093,1790.7178461735023,1266.2246341623502
603.0785657877876,1790.6641533099378,1267.0513372922399
603.1499219679724,1790.564140135299,1267.8965957002301
603.200645196275,1790.441691121421,1268.741736093654
603.2593775976153,1790.3226784350702,1269.5835194995136
603.3462266174718,1790.22114355149,1270.44686479352
603.4687829213674,1790.134390533155,1271.370748477634
603.6206686948246,1790.0450746094864,1272.3857147899794
603.7861607149632,1789.9226034507976,1273.495235513017
603.9549104637265,1789.7285957550284,1274.6521620876922
604.1337764659579,1789.4355206823864,1275.7512104245498
604.3481688167814,1789.0525396371381,1276.6653692470652
604.638536842878,1788.6354997289047,1277.3085718082486
605.0404497734141,1788.2566321537824,1277.6806090775408
605.5586354549713,1787.9540952482762,1277.8609897325048
606.1770656155813,1787.7193320575018,1277.9588377507023
606.8753324703902,1787.5158638718199,1278.0760665109399
607.610842087568,1787.284496822304,1278.293439395229
608.325978859921,1786.9579070371788,1278.6328086659762
608.9826365051199,1786.4934582620333,1279.0308607694815
609.5617954346415,1785.8819769114407,1279.3763022878306
610.0599769663887,1785.142573884873,1279.5593284063214
610.5015128747921,1784.322117554841,1279.491052914026
610.9257007374977,1783.4793008418173,1279.1181295099443
611.3616373319957,1782.6620093202748,1278.4431782823822
611.8301383358489,1781.9042655738954,1277.5194059841706
612.3606452473846,1781.2356623500496,1276.4108911398675
612.9728430151374,1780.6775033162062,1275.1834279683765
613.6396214791022,1780.2319169014522,1273.937021574494
614.3052458601895,1779.8988105145427,1272.7806073424263
614.9432432354799,1779.703137188047,1271.7592412424183
615.5689302694803,1779.6752433812067,1270.864003167384
616.1951901716698,1779.8095979512564,1270.0994997545192
616.7982744150102,1780.068726619274,1269.4891177362438
617.3288101382982,1780.4157894608038,1269.04155701504
617.7411936545479,1780.8291975402972,1268.7440115932134
618.0135673126767,1781.297498639229,1268.5710127877155
618.1526579774526,1781.8124638943104,1268.4923028238316
618.1894070825613,1782.3676107746928,1268.4805788205979
618.172958869662,1782.9592432787604,1268.5214204092908
618.1517037309914,1783.5889624278695,1268.627803173466
618.1491898863012,1784.2657694446727,1268.8415275659333
618.1765597500854,1785.00414610772,1269.1954126032836
618.2601605903502,1785.818340490694,1269.6769851299262
618.4289574211882,1786.715615772062,1270.2538125697115
618.6853577965758,1787.6922330398893,1270.9147872816056
619.0016696942226,1788.737715433531,1271.664455383344
619.3420217407469,1789.842923963998,1272.4907963158512
619.6916168850112,1790.9989646989532,1273.3527521248222
620.0614030512252,1792.1929893669883,1274.2074578448216
620.4643231244696,1793.4131275359189,1275.0407372321183
620.900427252652,1794.6560449761832,1275.861369066963
621.3616208529414,1795.9238544605269,1276.6820881252656
621.8344828458281,1797.207523247717,1277.5125191881118
622.29700491352,1798.4751518623618,1278.3531573578027
622.7202767474316,1799.6837533618607,1279.1794512502017
623.0771355072469,1800.799830818708,1279.9252618896403
623.3532976756435,1801.806466114726,1280.4904995320987
623.5569580328571,1802.7101736808302,1280.7852822602629
623.7200124647657,1803.5551664697791,1280.783320926711
623.8850692888944,1804.410676528228,1280.5397839297948
624.0850562056205,1805.3264112948357,1280.1618997207622
624.3298277929014,1806.3038658727248,1279.7636807590125
624.608059663795,1807.3066947426871,1279.4336422001281
624.8965083050449,1808.2881954629015,1279.2133229428161
625.1605980586953,1809.2095487657973,1279.0875777579724
625.3565288084966,1810.0463388413768,1278.9999037783346
625.4502253142416,1810.7938737284053,1278.8809833262005
625.4349908589068,1811.4633953678426,1278.668889580565
625.3351524525038,1812.0658436424826,1278.319685074719
625.198289965313,1812.6028787179268,1277.8070795759045
625.0740704020095,1813.0697857319055,1277.113032419067
624.9921552404224,1813.4601175797968,1276.2338662348002
624.9574181099777,1813.7705679161763,1275.2021656911509
624.9622453011368,1814.0041725871185,1274.0870604961913
625.0019780422967,1814.1671527296303,1272.9663399286037
625.0798626765383,1814.265042189068,1271.9006128118456
625.197633072325,1814.3060035872136,1270.9304891241686
625.3417880650932,1814.3017782228649,1270.0876120691607
625.4830232474995,1814.2596448434904,1269.398807623501
625.5912468889949,1814.1792405538483,1268.8891228217483
625.6477562237586,1814.0554380608835,1268.5906721727213
625.6457801356971,1813.8781675084756,1268.5358979807838
625.5931063368041,1813.6428004510415,1268.7232993160417
625.5164326135539,1813.3677317017841,1269.0886288573463
625.4396052638997,1813.0729122583327,1269.5393968752346
625.349742335988,1812.7325805672306,1270.036306131591
625.2095042410372,1812.2850411663878,1270.6148606035283
625.0005420741682,1811.6926027700656,1271.3227660487485
624.7342714079239,1810.9700376567994,1272.1644165323978
624.4359450176026,1810.1698840044942,1273.0948776306482
634.2130532199903,1237.7733185118666,1326.2753049955636
632.6888184131835,1238.0740216936688,1325.8968263881452
631.2665734940614,1238.3517820401846,1325.5689691018306
630.0092613728048,1238.597982967489,1325.330181618149
628.9403747676872,1238.81495970462,1325.2019943478194
628.0584756572551,1239.0066816236808,1325.1973801753609
627.350759348309,1239.1735618366993,1325.3273704462272
626.7980522421676,1239.3143203474035,1325.5997931196725
626.37680508488,1239.430357710341,1326.01313874643
626.0603382014007,1239.526375302305,1326.5549169207682
625.8189509655564,1239.6084105675943,1327.2065832104624
625.6230964100058,1239.6816296114787,1327.9450989339305
625.4480169712449,1239.7492483258457,1328.7412118454718
625.2726579250535,1239.8147191931505,1329.5655801406276
625.0772217298,1239.8821011084874,1330.3946082782593
624.8455535877139,1239.9526679948806,1331.2073417716683
624.5682334740213,1240.0257111731473,1331.9857062349765
624.2447103395923,1240.1035893481253,1332.7166407929406
623.8846258863983,1240.1936257286745,1333.3882763373654
623.5039972463551,1240.3056855550706,1333.9899857330315
623.1189767708436,1240.4477384561483,1334.5162341828188
622.7458588580121,1240.6219946344575,1334.964630638037
622.4048600725341,1240.8245168565954,1335.3339551792792
622.1178591684524,1241.0483866026207,1335.6278375453155
621.9022695980302,1241.2890924959893,1335.8548485084095
621.7707660704878,1241.5482366399306,1336.0199047886358
621.7357697196337,1241.8303349561145,1336.1159047033423
621.8110650499784,1242.1364412542073,1336.1259656496188
622.0096327438958,1242.463215784291,1336.0347525685124
622.3416766174396,1242.8073864566916,1335.835651473341
622.8139681552504,1243.1693801289505,1335.5304723914887
623.4284576056299,1243.5522436131282,1335.1305388774645
624.1829072511509,1243.9562467385392,1334.654504683272
625.076150724258,1244.3745611632608,1334.116786292817
626.1102965760401,1244.7954342137853,1333.520972758931
627.285719407341,1245.209565672673,1332.8655347467648
628.5962522892227,1245.6148480990742,1332.1502358461887
630.0300490681036,1246.011665883536,1331.3781241759286
631.5726065008884,1246.3962461762515,1330.5562792168469
633.2065039287356,1246.762824466662,1329.6967889439409
634.9104281560046,1247.1084547870419,1328.8183854068377
636.663664160803,1247.4326041465445,1327.9449754682562
638.4522503729688,1247.734233988063,1327.0987904283963
640.2685098825552,1248.0097470927549,1326.295842337851
642.1072136985508,1248.254416938078,1325.5458201554795
643.9647187588306,1248.4667279290634,1324.8500416651787
645.8394481384174,1248.6503207621877,1324.2000301996677
647.7309550092986,1248.8122486794105,1323.5830353576835
649.6357590403661,1248.9591255326945,1322.9924280158548
651.542545170009,1249.0922038285355,1322.4347763154578
653.4331710341771,1249.2056486447518,1321.9282802644334
655.2889328351503,1249.288914328057,1321.4949424021784
657.0957040932695,1249.3289278986085,1321.1546710703687
658.8458548915443,1249.3133295223938,1320.9246000104442
660.5391357328405,1249.2349134547708,1320.8169611479018
662.1815026855503,1249.0908049926857,1320.836952101085
663.7820874906225,1248.8771916716817,1320.9860157862677
665.3514129860991,1248.586427346842,1321.26360447496
666.8994191229687,1248.2086686748512,1321.663065070482
668.4335427290653,1247.7367371244982,1322.1668744778813
669.95948410461,1247.17023288687,1322.7459965566259
671.482227036191,1246.5147544365782,1323.3622248518643
673.0060741402731,1245.7793592310443,1323.969210786131
674.5346215431141,1244.9780544668474,1324.5144790028635
676.069150695977,1244.1321862477826,1324.9478439881439
677.6062021117102,1243.2672768845625,1325.2352606419333
679.1355180345918,1242.407302282272,1325.373448534045
680.6373628248717,1241.5727926499667,1325.3942264692635
682.0824339422041,1240.7810100760894,1325.3485835080926
683.4377590337638,1240.045386864653,1325.2844214853878
684.6746324343435,1239.377152906021,1325.2374673257818
685.7724925656132,1238.7900977749493,1325.231697792644
686.7180179105751,1238.304068504281,1325.2794994399321
687.5036796063634,1237.942298219022,1325.380547238439
688.1266603202455,1237.7239103162385,1325.5228192709146
688.5862746969829,1237.6588044908003,1325.688441103151
688.8819615042461,1237.746970659207,1325.8599250232144
689.0128996796976,1237.979528576448,1326.0228099406445
688.9784935760574,1238.3417852090759,1326.165324654474
688.7798832640884,1238.8180450327818,1326.2745696182346
688.4207915846857,1239.3960199672413,1326.332264573142
687.9065129587295,1240.0684781881805,1326.314594835793
687.2440496893984,1240.8321236390027,1326.1945935123997
686.4462121119725,1241.6866464361397,1325.945463897133
685.5323166533424,1242.6324792879896,1325.5464502658847
684.5200653863092,1243.6684332869245,1324.9880593883809
683.4206876560471,1244.7938187337363,1324.2718417946885
682.2430559006901,1246.0088481637042,1323.4070642631168
680.9970700324068,1247.309960935662,1322.4079526991266
679.6939755147976,1248.6889389447842,1321.2900794492423
678.3463541029346,1250.138048053944,1320.0673393700476
676.9662703774736,1251.6531616459297,1318.7558539591541
675.5616844919562,1253.230581565544,1317.378424245191
674.1342022325834,1254.862156416422,1315.9579792648071
672.6814379386867,1256.5342581353323,1314.5083375837016
671.2038771430857,1258.2304085404148,1313.034070083609
669.7106614361822,1259.9333116336743,1311.5318800037148
668.2180179873617,1261.625239778853,1309.9869071510473
666.7421864082737,1263.2908801085657,1308.3759511683177
665.29666858154,1264.9228696941245,1306.682238291847
663.8950263038538,1266.5229921563284,1304.9084271925667
662.548365862269,1268.0937561042022,1303.083359183591
661.2577193879679,1269.6259019510105,1301.265166740082
660.014249318268,1271.0921410120914,1299.5291466099748
658.8081735458074,1272.4519708204268,1297.931606453699
657.6378297601334,1273.6679101678922,1296.469483555486
656.5145691233814,1274.7256154727706,1295.06749879161
655.4592524416762,1275.6431489785973,1293.6051887454491
654.489985431026,1276.4628752966764,1291.9698967646711
653.6103589670244,1277.232773690419,1290.108499277077
652.8074774415844,1277.9885310033774,1288.0540649440902
652.0598782139325,1278.7464046169362,1285.9168222295123
651.3478207835706,1279.5076552826592,1283.8456805265607
650.6594604175809,1280.2672387543776,1281.9784991851423
649.9931106736959,1281.0230198621477,1280.4008189150836
649.358177926605,1281.779109148945,1279.1303552308382
648.7743188723026,1282.5366476701852,1278.1288129539412
648.266885697027,1283.2817345388714,1277.3242059090576
647.8596691518777,1283.9841883623294,1276.633010625493
647.567251010799,1284.6061451697394,1275.9798633067094
647.3900862073406,1285.111977082332,1275.311089908634
647.3179005798761,1285.4748296499208,1274.5973301638885
647.3382187970739,1285.6800653359996,1273.8243380785138
647.4394972619524,1285.727348746197,1272.9869314425387
647.6097511962813,1285.6294560434494,1272.0935918702305
647.8386865953248,1285.408504552398,1271.1669937700703
648.1202569077491,1285.0947232786295,1270.2397241250592
648.448157057551,1284.7248808347647,1269.3543420909632
648.8107781736734,1284.3350010042404,1268.564531117981
649.1932488668301,1283.9509949975,1267.9306006706895
649.5799179211384,1283.586551609307,1267.5050949130652
649.952269027118,1283.251828630328,1267.3185117072812
650.2875400310322,1282.9612387674706,1267.3779514417251
650.5633782985101,1282.728960856493,1267.6714504108932
650.7654961970115,1282.5604783656486,1268.1714051054887
650.8909756399519,1282.4528804533084,1268.8387802060802
650.9454537827451,1282.4003512864392,1269.6274685170067
650.9375157352541,1282.3960027765918,1270.4919163849963
650.8748165416664,1282.4303541697182,1271.3950912106684
650.7643509090267,1282.4902839289828,1272.3128122870892
650.6150646567892,1282.5615540244137,1273.238034388286
650.4402834439068,1282.6338649917077,1274.1794851646778
650.256531362566,1282.7019655000158,1275.1517735120265
650.0790977290382,1282.7613972008614,1276.1650839560693
649.921351003991,1282.8048038807467,1277.2197721790412
649.7976170459649,1282.8228800935299,1278.3060915156227
649.7239797096988,1282.808829711343,1279.4053834878819
649.7180525434508,1282.7634330537585,1280.4919763486228
649.7999713913249,1282.6977426030824,1281.5373103419656
649.9943072514391,1282.6310740537995,1282.510592658662
650.3324936888055,1282.5843325643823,1283.3724016335057
650.8507670186996,1282.570731769156,1284.0779131094514
651.5775310527748,1282.5874952405845,1284.6028525201282
652.5169502601715,1282.6143595783142,1284.972873084063
653.6438128455267,1282.6207106825755,1285.2711209741117
654.9142784365176,1282.5723685811965,1285.6159699718692
656.2837107148775,1282.4340668706843,1286.118294381582
657.7208889073033,1282.1761653781252,1286.838207821269
659.2147509268402,1281.7837389853275,1287.7575209978536
660.7728109101262,1281.2590241503767,1288.780880301356
662.4109837779304,1280.6190884404446,1289.769680880694
664.1429498755331,1279.89123119156,1290.591669857694
665.9758150523239,1279.1062770030942,1291.1585758686965
667.9065478366734,1278.2930675130292,1291.4364715536199
669.9183527963257,1277.4742469941314,1291.4346931474981
671.983475944371,1276.6655033975742,1291.1896640965479
674.0708278392693,1275.881355589593,1290.7522062186476
676.1533617500851,1275.1386972511968,1290.1746268459567
678.2121197283708,1274.454923616867,1289.4987170096388
680.2331547125979,1273.8494417309646,1288.7521151033725
682.2007352717558,1273.345266390597,1287.9529714212272
684.0954848985446,1272.9634596559295,1287.1150038855003
685.8961914652028,1272.7176589278897,1286.2489549180675
687.5801383445188,1272.6169664178608,1285.3670250244538
689.1244454746842,1272.6707079765924,1284.4912097281203
690.5086407489638,1272.8847746384497,1283.6549873649474
691.7166326278721,1273.2556826419461,1282.894662776532
692.7392795306257,1273.7741346401983,1282.2398850523628
693.5738346345055,1274.4330967997948,1281.7121594187417
694.2198558013702,1275.228075114709,1281.3278178854782
694.6796943684334,1276.1502289872415,1281.097270219637
694.9643725262717,1277.1830676002623,1281.0203949982454
695.0960092552092,1278.3080310257033,1281.0844017466566
695.1021266167719,1279.5125072078877,1281.2663894519374
695.0081037382092,1280.7909578824874,1281.5373937830816
694.8357757508265,1282.141454473515,1281.8646106221474
694.6049074163784,1283.563266383101,1282.2129808998056
694.3312878766283,1285.0531386425268,1282.5518641782676
694.0265287747472,1286.60203168827,1282.8624071531349
693.7016922970008,1288.196547064501,1283.1342370665388
693.3661267478733,1289.8229131583398,1283.3557925171572
693.023970854238,1291.4710259657966,1283.509458896595
692.6771235716211,1293.1374737129609,1283.5717776400697
692.3291444384025,1294.8252980909065,1283.5166072185261
691.9836742181728,1296.538283120216,1283.3245713479816
691.6416546997548,1298.2731927167818,1282.9950699752787
691.3002175511365,1300.0179888849407,1282.549878626804
690.9513330251452,1301.7559902140479,1282.0300920780326
690.5814880949854,1303.4664042606955,1281.4883758389287
690.175749273755,1305.119342859213,1280.9665774464304
689.7239987533051,1306.6789337042383,1280.4668239332673
689.2256932842204,1308.1194725243372,1279.9390823745516
688.6925740062939,1309.43526437499,1279.2877934440376
688.1477845255295,1310.6352827876647,1278.3912173146007
687.6214135728324,1311.7381342885649,1277.1382748581846
687.1414017975874,1312.7706935706753,1275.4752287709416
686.7208490645593,1313.760531023679,1273.4329241486057
686.3543491568917,1314.7254404108935,1271.1170052557077
686.026710646514,1315.6692275663136,1268.6731884189946
685.7223365936902,1316.585572922864,1266.2477137731046
685.4307041313627,1317.4674404687685,1263.9537279857982
685.1463761185464,1318.3147625124427,1261.8521457561678
684.8649226926813,1319.1339620897022,1259.9526722453043
684.5843947659096,1319.9345688039007,1258.2292168901297
684.3099477942991,1320.7279313173387,1256.6388453105365
684.0506637219457,1321.5221173381647,1255.1377576260059
683.8131329199197,1322.3140380437787,1253.6919729643746
683.6017478814551,1323.0898810118265,1252.283922424162
683.420924225281,1323.8344135730015,1250.9161764100706
683.2720926041254,1324.536802462188,1249.6074310448075
683.152293194451,1325.1886545163347,1248.3809940115768
683.0588065085294,1325.7823480177497,1247.2543740989638
682.9917526854243,1326.3103305948036,1246.2335990395593
682.9534131782017,1326.7650071513378,1245.3161441201855
682.9488518677905,1327.1446623384745,1244.5017869187486
682.9850841606114,1327.4583048582538,1243.7972186866596
683.067363238556,1327.720340998439,1243.2109773048428
683.1958890328924,1327.9417488189706,1242.7499077260743
683.3658933168022,1328.1274532628734,1242.41811922667
683.570930993841,1328.2797088218213,1242.2133852418908
683.8040701858108,1328.4011554089393,1242.1251527137551
684.055567730862,1328.4947073860812,1242.1405699909744
684.3127608219366,1328.5618861592889,1242.2560637258487
684.5623126161396,1328.6015492588613,1242.4843305067677
684.7897428422078,1328.6106184626924,1242.8513010593988
684.9785447317335,1328.5871323359752,1243.3876516497219
685.1135544472986,1328.5323163516703,1244.1206453561742
685.1868542472998,1328.4476619982229,1245.066388171383
685.2029268985857,1328.3305511638,1246.2205262584869
685.1790274842044,1328.1743553899519,1247.5529393969496
685.1396689707321,1327.9724317743407,1249.0155848062877
685.1108799299016,1327.7224035105453,1250.5600330140092
685.116481615189,1327.426926134716,1252.1474298261955
685.1760213411209,1327.091118154187,1253.7419773569684
685.307503860698,1326.7205832999061,1255.3010336213272
685.5352767148388,1326.3196861816593,1256.7713186380038
685.8957767614776,1325.889593604135,1258.0895199830184
686.4299328426792,1325.4287533728852,1259.194822430662
687.1624987240111,1324.9337890322286,1260.0550011338169
688.0852806752074,1324.3985215360908,1260.6941145555156
689.1576088003676,1323.8124682098578,1261.203761295117
690.3202412656101,1323.1602412362736,1261.7192658162037
691.514559363219,1322.428186844932,1262.3729155419792
692.7036470744484,1321.6174938499055,1263.2545823233224
693.8842394361801,1320.745864936212,1264.3833999952665
695.0784715667922,1319.833092973262,1265.690609031426
696.3166065521193,1318.8919264302767,1267.0360103984706
697.6275088047221,1317.93413644474,1268.2578810014845
699.0344448554054,1316.9770105791256,1269.2207875234376
700.5484513649942,1316.0413929156139,1269.840227168503
702.1627880732364,1315.1466310159894,1270.0876251031382
703.8531510063908,1314.307918942756,1269.9854304645412
705.5824562604924,1313.5376807039486,1269.5991504534743
707.3090992399252,1312.848824977447,1269.024562922768
708.9943724427355,1312.2571852785218,1268.370740069689
710.6029543475936,1311.7809153573771,1267.742002823438
712.1012074602708,1311.43499860492,1267.2207362641216
713.4614969532109,1311.2255464967857,1266.8562333358427
714.6677424147761,1311.1506400412763,1266.661938999206
715.714031295284,1311.2074792284634,1266.6221085989187
716.6015235317338,1311.3973162770424,1266.7035521002526
717.3394517657985,1311.7211873635672,1266.86623381162
717.9447678690599,1312.1736466275197,1267.0761373472292
718.4400650547542,1312.742329519262,1267.3164501012127
718.8531262202969,1313.4092855159863,1267.5870745944019
719.2128765876693,1314.1538765483022,1267.8967269476852
719.5409600533189,1314.9604354432631,1268.2571827615795
719.8470312296292,1315.8221897895162,1268.6792919110437
720.1334238341276,1316.736044495168,1269.1677367342995
720.404691484822,1317.6972469540103,1269.7175713206543
720.6702152645742,1318.6998132660183,1270.3146933326357
720.9378340925402,1319.738875683262,1270.93942875523
721.2095572090618,1320.8099616630836,1271.5710870903401
721.4859459643377,1321.9063871369392,1272.1916965001894
721.7715421849231,1323.0187810418388,1272.788440538629
722.0735731281056,1324.1352134799254,1273.3533809873168
722.3974594280928,1325.2395647528008,1273.8819390644655
722.7448492697496,1326.3117786195396,1274.3710422661482
723.114993764726,1327.3360091097925,1274.8158847297416
723.5055314518166,1328.310669508278,1275.206876033536
723.9125007434752,1329.2451690563212,1275.5280101318212
724.3329534710035,1330.1484429082109,1275.7605052662425
724.7647747728955,1331.027472688233,1275.892590079817
725.2018876942874,1331.8901024177762,1275.9203870946858
725.634627343258,1332.7395939559863,1275.832385028497
726.0567081262334,1333.572696395883,1275.5984669868851
726.4686150192819,1334.390061521718,1275.1764338876344
726.872002113828,1335.2027988079603,1274.5254904614922
727.2600110851163,1336.0234677729995,1273.6239283481884
727.6129419021116,1336.8534447432967,1272.490459913874
727.902403324362,1337.6770751149213,1271.1920589040872
728.0982411500536,1338.4607501883816,1269.8253362997402
728.1773812340982,1339.16061364978,1268.481556865827
728.1337476222349,1339.7390295392997,1267.2152183447263
727.9803715761195,1340.1778248650414,1266.029475459133
727.745141670759,1340.4811187428652,1264.88074870921
727.4658576522735,1340.6689850660548,1263.6965411863932
727.1819620153866,1340.7675254355242,1262.4006403761728
726.9263663018086,1340.8009635004482,1260.9379036944854
726.7211255997942,1340.786918457674,1259.2889510451457
726.5740582303334,1340.7364022803624,1257.4737588374037
726.477855269848,1340.6578092147076,1255.5450834734088
726.4143848829732,1340.5607791834852,1253.5731558145255
726.3620456459475,1340.4595445936284,1251.629635399052
726.3008265768322,1340.372834398765,1249.7768453440387
726.2112895407639,1340.3186626489755,1248.0672171960714
726.0742383477861,1340.311006206788,1246.550404289908
725.8768940946087,1340.359459059039,1245.2736828465559
725.6151548591131,1340.46750235873,1244.2751932205197
725.2883787160904,1340.6312551777403,1243.5805728664752
724.8988973637615,1340.841596337936,1243.2007588820552
724.4549538671054,1341.0878978706621,1243.1289156013786
723.965669693398,1341.3604879761308,1243.3436123611887
723.4322797217524,1341.6503749694787,1243.8171200655527
722.8458130873964,1341.9465505466092,1244.5213536296371
722.189628755295,1342.2372357173099,1245.4324876666626
721.4430952649552,1342.5167253093796,1246.5344546665851
720.5891562646556,1342.7845504368743,1247.8115211648997
719.6261749013306,1343.0357703346117,1249.2302073742896
718.5752412887634,1343.2602387552745,1250.7299955365236
717.4733471410826,1343.4516931921162,1252.2357226739653
716.3581358796206,1343.6119079174157,1253.6846913369802
715.2593555541457,1343.7458066409374,1255.0537211608425
714.2004729552351,1343.850169264499,1256.3687280680615
713.2020308453768,1343.9042956597957,1257.6871802632281
712.2809066344466,1343.876136768868,1259.0688012641497
711.4491240641482,1343.739062707321,1260.5510805130077
710.7182128433733,1343.4811859614215,1262.125665327285
710.1077543834078,1343.1061124178545,1263.722311740462
709.6499902152528,1342.6319320834475,1265.219825048157
709.3798602763922,1342.0868263431062,1266.4870768610663
709.3122819444,1341.5006344162282,1267.4360471036307
709.4279879897437,1340.8949688180003,1268.0571199807625
709.6803494081232,1340.2770017353605,1268.4223518479757
710.0111515770025,1339.6430752969334,1268.6626687083146
710.3631700679374,1338.9875389168433,1268.9238705192192
710.6922655987255,1338.3065282097143,1269.314168924996
710.978823338784,1337.6005537161107,1269.8689954275746
711.2291038009519,1336.8790994404678,1270.5457281394265
711.4666446664702,1336.1577868807813,1271.2411339201842
711.7221230184991,1335.4539913669764,1271.8258400231384
712.0248831194981,1334.7892850063558,1272.1862661374507
712.3958891234658,1334.1888497879343,1272.2516173389538
712.8417668938362,1333.676816522464,1272.0021106024992
713.3529911710752,1333.2721557534965,1271.468870890542
713.9107445325781,1332.9833714305746,1270.7206745497062
714.4965371178349,1332.8083661526023,1269.842544771506
715.0942286910314,1332.741932517859,1268.9235218133704
715.6866638557617,1332.7815189453888,1268.0513048275109
716.2546574156922,1332.9270346010899,1267.3050955382687
716.7801875362638,1333.1768514102716,1266.7460908632077
717.2513483143834,1333.5243331989338,1266.4097606985124
717.6633024981826,1333.9582175060764,1266.307715376961
718.0152035074493,1334.4672939252532,1266.4381672034808
718.3099861695587,1335.0467920429899,1266.7940690922237
718.5561257059334,1335.697839237192,1267.362123261982
718.7663272522152,1336.4208943842514,1268.1187914096968
718.9543898321117,1337.2144918925135,1269.0316732283222
719.1330675193971,1338.077847795451,1270.0651570616894
719.3122802383831,1339.0113217037617,1271.1873156279673
719.4974577059885,1340.0164147949813,1272.3727336510074
719.6910764410322,1341.0931528312622,1273.5984286673504
719.8953220744496,1342.2335176477363,1274.8407475941008
720.1102394262053,1343.420975135768,1276.078281300969
720.3318820764904,1344.6386551844746,1277.294066052411
720.5581519105774,1345.872490711615,1278.4693799647318
720.7956392521088,1347.1077323782708,1279.5768199998176
721.0567527265139,1348.3324422237774,1280.5849699040457
721.3534907857165,1349.544145024522,1281.4693692108765
721.6958498839717,1350.744967437773,1282.2186627763754
722.0891161769812,1351.9309076804498,1282.8350069272915
722.531012033625,1353.0886522073308,1283.332393609102
723.0147916793603,1354.1977378683086,1283.7314216129018
723.533023502741,1355.2310265094034,1284.045509521777
724.0780554704079,1356.1575660213207,1284.2637345718292
724.6421623422212,1356.9521771922637,1284.3441269441644
725.2197642806867,1357.6052259297019,1284.2246206522107
725.8092415821055,1358.1265778010056,1283.8464255611539
726.4080319430468,1358.5420152123938,1283.1745205678253
727.0060032059149,1358.8814993388619,1282.2066451442297
727.5883510404735,1359.1668932239088,1280.9763066018543
728.1433866010194,1359.4096528594432,1279.549148124698
728.6660856326935,1359.615072528611,1278.005854616249
729.1592988952639,1359.7855942682136,1276.4212461472966
729.6328533404222,1359.925915428095,1274.8551613957104
730.0969509766417,1360.049581596971,1273.3524588654282
730.5565242165629,1360.1796376124219,1271.9428286812447
731.0139063244718,1360.33907967758,1270.63970541972
731.4709847098563,1360.5403926351244,1269.442314113353
731.9241847188724,1360.7854837999644,1268.3401477383973
732.3639652090819,1361.068721221736,1267.315928745603
732.7832511018674,1361.3802572024379,1266.3514427119621
733.1791379943003,1361.7133649652728,1265.434756612934
733.5435647437389,1362.065957482715,1264.559512225171
733.8609462833828,1362.4363692211061,1263.7225102430418
734.1194719759825,1362.8228206520093,1262.9283072502108
734.319271329374,1363.2237834974087,1262.1922276983632
734.4660068548135,1363.636355762815,1261.533902211472
734.5616984100334,1364.0566621699288,1260.9707513167089
734.6069039040993,1364.4831936037458,1260.5206406154248
734.6077824991063,1364.9166958541932,1260.2036236797476
734.5768887004991,1365.3530422222534,1260.0320125679739
734.527604134772,1365.7793562602085,1260.0005309665867
734.4644828141414,1366.1812810941005,1260.0899497658763
734.378917059147,1366.5487651827866,1260.2767839540616
734.2587031379502,1366.8708340164494,1260.5387403475424
734.0985141321397,1367.1337435218516,1260.8580283796055
733.9001326318072,1367.329518559288,1261.2236296198903
733.670148373344,1367.457799146852,1261.626182082957
733.4192644166004,1367.5161408359704,1262.0482263739855
733.1611592361568,1367.4969577144445,1262.4639481543923
732.9116133701232,1367.395397137387,1262.8521045116006
732.6867045778058,1367.2111392172128,1263.2114157594572
732.4980682625641,1366.9404416477582,1263.5685785115475
732.3479005956578,1366.572535566313,1263.9725473923068
732.2294093163057,1366.0952889943,1264.4749117960348
732.1334459402751,1365.5029222624187,1265.106491892349
732.0550382925035,1364.800820292514,1265.8582950046305
731.9944515568685,1364.0074085019837,1266.672505852466
731.9562963172017,1363.1519697542722,1267.45399831936
731.9517826216673,1362.2676435862227,1268.1025372261197
731.9949881088083,1361.3849289293692,1268.551029645883
732.0888624533159,1360.5268835850088,1268.7939140568583
732.2180649668544,1359.7041607369435,1268.8922193455041
732.3558458836329,1358.9168150558123,1268.9489400362836
732.4751393187433,1358.1615906588565,1269.0645163607587
732.5575955465437,1357.4372007420652,1269.2961311928084
732.5982141249028,1356.7491151287873,1269.638748478195
732.6065392432757,1356.1113847031827,1270.0283358623901
732.6052849921128,1355.5437140008003,1270.363967363105
732.6230135446602,1355.0698251194376,1270.544682848207
732.6831094523,1354.7170359816198,1270.503713511107
732.7986546547147,1354.5104364316558,1270.2198816714454
732.9754853479229,1354.4616910405484,1269.7066851121274
733.2139109418752,1354.564600001067,1268.9980663949498
733.5068949600918,1354.8057540465136,1268.144060895389
733.8416338963127,1355.176489321217,1267.209101993266
734.2014462605355,1355.6708234066919,1266.2614230344548
734.5667672629552,1356.2792936147014,1265.3618356180775
734.9221858757829,1356.9903878785933,1264.564339106053
735.2638912728189,1357.7911498134727,1263.9185273352123
735.5993323103083,1358.6634048518495,1263.461083249901
735.9438673546877,1359.5862342838968,1263.2056275175073
736.3188931278997,1360.5432539167773,1263.1411864011827
736.748965386235,1361.5226463403378,1263.2330833576261
737.2572335454823,1362.510924697842,1263.4237948004136
737.8615805861193,1363.4924645509404,1263.6415469217218
738.5717291814591,1364.4584521313566,1263.8144531151247
739.3879941201747,1365.4137151792886,1263.8812173237604
740.3023137170808,1366.3723963415546,1263.8011126881395
741.2983773466887,1367.3482703397674,1263.5639557396817
742.3514584700497,1368.3489870873561,1263.1905106878103
743.4319545070714,1369.3748215959922,1262.7231142485962
744.5110614924655,1370.4175615723698,1262.210040223916
745.5653180885353,1371.4622306084702,1261.6891925569837
746.5782051436377,1372.4956549453605,1261.1846966427665
747.5378582158502,1373.5154011881527,1260.7133777690801
748.4345224193738,1374.531359482954,1260.2887985127045
749.2621850596355,1375.5593913016824,1259.9215718049481
750.0214396896034,1376.6106818459698,1259.6173977852445
750.7199237442749,1377.6824786887107,1259.376616341878
751.3713682828756,1378.7550200718133,1259.1934563885432
751.991232784471,1379.7984645835945,1259.0495653127243
752.5898939167282,1380.7884703994032,1258.909934634009
753.1697418387229,1381.7176172559275,1258.7281514292172
753.727049604242,1382.5924866491337,1258.4592665653481
754.2558895769541,1383.4218601276646,1258.0801890344196
754.749160600893,1384.2057396017046,1257.6076673813038
755.1951376758582,1384.9309268800641,1257.097740929882
755.5785896169194,1385.5771702921513,1256.626008658693
755.8883793217009,1386.1304726867281,1256.2603146062095
756.121517951743,1386.5892813849948,1256.0380607043276
756.282883194459,1386.955577854892,1255.9560057034346
756.3853298900548,1387.2249110827065,1255.9754097617301
756.4462357794878,1387.389464252009,1256.0407085161132
756.4798831097974,1387.446990989318,1256.0997514431688
756.4949906533956,1387.40672006566,1256.114002798346
756.499642637338,1387.2909531709738,1256.0602224932059
756.5047777777531,1387.12967218434,1255.9294054843963
756.5210105792845,1386.9519574940837,1255.7271483361203
756.5509562022623,1386.7822714563001,1255.4770136134898
756.5834133550843,1386.6408649431473,1255.224181733487
756.5953444338891,1386.544079321426,1255.0330815341183
756.5583174764263,1386.503944135462,1254.9731650426056
756.4429849411072,1386.5267479632582,1255.096480549923
756.2247351537337,1386.6112210332594,1255.4202497946046
755.8934648649318,1386.7515892466708,1255.9251913645912
755.4578958545162,1386.9441204780076,1256.5673799299227
754.9385580706947,1387.1877307673144,1257.2949976674133
754.358149825876,1387.4786986144402,1258.0625524465268
753.7344976382235,1387.8058575097298,1258.8362413874374
753.0745567957334,1388.1499516106348,1259.5936220247875
752.3750818595514,1388.486252192709,1260.3239308629368
751.6318893875854,1388.788349098314,1261.0279464516752
750.8452482214465,1389.0343710740447,1261.7151990135974
750.0159375514903,1389.2095983914617,1262.3959581213214
749.1428737850772,1389.3033651896108,1263.0699893767971
748.229383353709,1389.3109457456794,1263.7213846360148
747.2903130404405,1389.2390631994463,1264.3232743999383
746.3509317706415,1389.1049640773288,1264.8499192395395
745.4403823539601,1388.9281710417397,1265.2917893530882
744.5856660035531,1388.7176693890872,1265.6629427102177
743.8047527826366,1388.463552738128,1265.9966939558146
743.0994450794478,1388.1427234266655,1266.3376773007449
742.457455775216,1387.7302540030123,1266.7276477480714
741.8642606056997,1387.2074456557052,1267.1821635193864
741.3127045018471,1386.5713372936332,1267.673207926408
740.8071135315058,1385.8433528383525,1268.1283096354823
740.3653805535588,1385.0644455584015,1268.4440551661198
740.0141422801399,1384.2760498997236,1268.5120218293428
739.7761452619677,1383.506818867029,1268.2576735360615
739.6585197615555,1382.7747624199897,1267.6784982212132
739.6455505750108,1382.0880653589177,1266.8510289205274
739.7009639364139,1381.4424439648533,1265.9020877984715
739.7836271007171,1380.8280981807109,1264.9685143327508
739.8625284612697,1380.2392806355965,1264.1597180867893
739.9208116594023,1379.677310259789,1263.5320612356477
739.9560291343469,1379.1522785621655,1263.0850232401576
739.9778462565242,1378.6829881470603,1262.7729163492597
740.0006785774902,1378.2874170736636,1262.5197334693535
740.038577654248,1377.9726064758972,1262.237706457874
740.1049368665749,1377.7397319040165,1261.8509394109153
740.2102733493144,1377.5945605309723,1261.31458933572
740.3581394789965,1377.5440642163612,1260.6212344589403
740.5460245100284,1377.5862179555274,1259.7961036494028
740.7697931191171,1377.7124724565012,1258.890646330258
741.0239424159953,1377.9183785057246,1257.9769225339842
741.301081815926,1378.204301038485,1257.1339756324926
741.595421940507,1378.5681934390186,1256.4299478361613
741.9039995831865,1379.0034105402092,1255.9130766593294
742.2257559660471,1379.5024936436143,1255.6089849996238
742.5623811567845,1380.0605255946716,1255.519198361265
742.9182170008497,1380.6745626819647,1255.6240485598528
743.2988810336172,1381.3405739258021,1255.8873493523886
743.7091624652836,1382.0543146270998,1256.2627385892486
744.1501336801897,1382.818639480626,1256.7061335863173
744.6190578777471,1383.6462611702943,1257.1844890533885
745.1135677006957,1384.5513818961804,1257.6719286592188
745.6346025348803,1385.5424941973783,1258.1454534525278
746.183544580527,1386.6221210596016,1258.5888534442283
746.7568375985314,1387.7865681920916,1258.9975772702267
747.3446753755484,1389.0259654325146,1259.3788973926148
747.936692993663,1390.3257640903748,1259.744122840875
748.5281642084283,1391.668740666188,1260.0968655271586
749.1190788955699,1393.0375560724406,1260.4300531626077
749.7108272631351,1394.4154443427863,1260.7338588281928
750.3043656403477,1395.7859011173769,1261.0049293967118
750.8946888516941,1397.1307497951923,1261.249171747622
751.4672543049521,1398.4240520679718,1261.4766812495377
752.0059938315749,1399.6305382503142,1261.6903652207734
752.503573655672,1400.719384571532,1261.872936223934
752.9650713860767,1401.6838716953757,1261.976499236322
753.4106516392853,1402.5494528972204,1261.9202574588537
753.873483863626,1403.3686626493657,1261.609397038704
754.3844036141438,1404.206639601629,1260.9753764677273
754.9539247626925,1405.1182051876638,1260.01618511588
755.5675220904685,1406.124128018972,1258.8141223617542
756.1941847525491,1407.201819185414,1257.5201333357804
756.7966856803238,1408.2973713569318,1256.3101068749434
757.3356284392252,1409.3462798158505,1255.330146077881
757.7719028001504,1410.2888141545702,1254.6477891573409
758.0738613065873,1411.0798943642412,1254.2275168783115
758.2269884356881,1411.6958205430383,1253.942715236246
758.2408213358881,1412.1346878693282,1253.6117271207604
758.1468975093516,1412.4115263782405,1253.0388044607598
757.9885478861399,1412.5536325310318,1252.056790397966
757.8138165133197,1412.5935589347437,1250.5654885850995
757.6715784270547,1412.5596060168712,1248.5524828148282
757.6003699941612,1412.4729924708533,1246.0935000054476
757.6151258596141,1412.3512083410974,1243.3364737678407
757.7042159120493,1412.211548943019,1240.4789722190123
757.8365892579607,1412.0735626779658,1237.7448059154644
757.9734092025365,1411.9581513402236,1235.3530398511857
758.0780765412962,1411.8845137450066,1233.4810956946365
758.119951298406,1411.8678519916816,1232.2342787736598
758.0731948658502,1411.9174803149324,1231.6319145906425
757.915824313779,1412.0364169763416,1231.6161369139177
757.6330965357344,1412.223582678189,1232.077325388484
757.2216252418326,1412.475429307691,1232.880967774448
756.6900006908779,1412.7835569936478,1233.8853899270373
756.0593082917333,1413.1320407866062,1234.955093894424
755.3588023136126,1413.5019251778988,1235.982515300962
754.6149877865124,1413.8785831177759,1236.9092884964173
753.8485833579003,1414.248207739234,1237.7264911679456
753.0747377635608,1414.589348391252,1238.4623016227313
752.2970725154348,1414.8783100921817,1239.1718082116
751.5096540260445,1415.101271466767,1239.920358155799
750.7072892861396,1415.2561904537174,1240.7598963952958
749.8922147365433,1415.3485869660065,1241.7132798867353
749.0765181806795,1415.387832604818,1242.772469460429
748.2803145217767,1415.3806533365212,1243.9079152979489
747.5277760064637,1415.3234167488663,1245.0852769314158
746.8435340418783,1415.2010540152926,1246.2832267205042
746.2471875170222,1414.991029042589,1247.5002541984034
745.7478427648659,1414.6680698168636,1248.7434564692285
745.3438256551033,1414.2136488550568,1250.010786301685
745.0283804728341,1413.6272638071448,1251.2792197323615
744.7987906536628,1412.9301619595212,1252.4988932884903
744.6633113874012,1412.156885747991,1253.5941980034445
744.6378876995814,1411.3398093562466,1254.481746510596
744.7333173414042,1410.502926430639,1255.1102953008506
744.943330144639,1409.6659032396135,1255.4980791824282
745.2410663735604,1408.8430406649043,1255.733186800446
745.5852243468673,1408.0385447653741,1255.9392213061024
745.9327088606125,1407.2458683289751,1256.2283637733367
746.2515417777328,1406.4525318586454,1256.658220695751
746.5303887463066,1405.6520626713116,1257.2110741617455
746.7796303589088,1404.8529320196476,1257.800163402898
747.0203143161184,1404.075348148179,1258.2930737974168
747.2737400706706,1403.344023286547,1258.545780843387
747.5600934410065,1402.6831980270179,1258.4364842756424
747.8961563000811,1402.1111330793706,1257.8900933332654
748.2883102858357,1401.6335191040914,1256.8921760693074
748.7261884775505,1401.2416324151918,1255.4882311270733
749.1828750859901,1400.9204170849036,1253.7695563114266
749.6241135385883,1400.6593031032958,1251.855541869977
750.0180213814606,1400.4543976048997,1249.879017426913
750.337340787218,1400.3050550051998,1247.9770978804993
750.5588827216343,1400.212865307276,1246.2842457415397
750.6659796638072,1400.1822385255234,1244.920610498592
750.653465854371,1400.2199052983763,1243.9760724760933
750.5313153397728,1400.3329040533868,1243.496560940555
750.3227679904389,1400.5258233469776,1243.4777692532034
750.057990432608,1400.8001760317718,1243.867515687859
749.7668455114865,1401.1562737346003,1244.5756530864112
749.4750030056838,1401.5957465525287,1245.494460711014
749.2058518556864,1402.1235955200577,1246.5261541189093
748.9810254354913,1402.7463706623905,1247.5998731351428
748.813408917579,1403.466616745732,1248.673460694328
748.6995965726051,1404.2778058538331,1249.730183899783
748.6199661133371,1405.1650147442283,1250.7733156850124
748.5470862634314,1406.114155459049,1251.8175290281647
748.4591023125461,1407.1156384276296,1252.874610388453
748.3494856304035,1408.157227354122,1253.940927078935
748.2239446418276,1409.2262731802934,1255.00203337626
748.0875649243912,1410.3201941774023,1256.047399127372
747.9390130570005,1411.4434589761524,1257.0761311556862
747.7766155921732,1412.592271341584,1258.0932780945382
747.6001229912074,1413.744341417757,1259.108165327827
747.4044084989162,1414.8623641355757,1260.1322175708958
747.1768420239885,1415.9098789004381,1261.1658017090426
746.9045670833453,1416.8705772100263,1262.1792294933919
746.589264793542,1417.7570203815073,1263.1011736185862
746.2529789345215,1418.6067091862938,1263.8268180959615
745.925564546984,1419.4716567911187,1264.2500612783444
745.6304273736436,1420.3985269144343,1264.3066658014743
745.3765528660856,1421.406396078718,1264.0088714566298
745.1529680894844,1422.4784239687258,1263.447184364664
744.933471403075,1423.567514588749,1262.7517452339753
744.6890811351684,1424.6110801861128,1262.0438923943334
744.3955937934245,1425.5516466377162,1261.4022170350925
744.0380567649394,1426.3526657711964,1260.843222170407
743.6167529067146,1427.0020773101976,1260.320022522675
743.1487556273418,1427.5062792654433,1259.740267065018
742.6596627832618,1427.8799380021137,1258.9959855457853
742.1734479832901,1428.1395584666675,1257.9981335579068
741.7104193880778,1428.3051167373949,1256.7034946609515
741.2879770111227,1428.4010920107874,1255.1216222546345
740.9159413401975,1428.449812094282,1253.3031022284877
740.59104332886,1428.4638539237385,1251.3203594039119
740.2971394938112,1428.4470529840514,1249.2538137291997
740.0088064752667,1428.4045459115277,1247.1895219814344
739.6959237828219,1428.3505271753584,1245.2215881191787
739.3308391750614,1428.3010614471866,1243.4477223748627
738.8943958719591,1428.2605416520876,1241.9571026418676
738.374973044067,1428.2219838152066,1240.818248864652
737.7641158155484,1428.1792181757553,1240.069865558249
737.0582776678847,1428.133634252471,1239.7142536306924
736.2649293884467,1428.0874557968293,1239.7151782451583
735.4016091662579,1428.0338076641897,1240.0069261076183
734.4893547246711,1427.9578698864088,1240.5169245131851
733.5465577615474,1427.8447456759843,1241.189728317967
732.5826661422163,1427.6830593002726,1241.997085334789
731.5974798819668,1427.4627362613173,1242.9322581439499
730.5859198913523,1427.1721379637886,1244.002867308987
729.5402856425874,1426.8012450016956,1245.2299705486887
728.4523425605488,1426.348332260173,1246.6419240064536
727.3188794164936,1425.8195794516955,1248.256071869842
726.1469022405491,1425.2224480321395,1250.0601392546166
724.9540202108717,1424.5657992721856,1252.009618254132
723.7653752549085,1423.8642845460172,1254.0436073947062
722.6099975284008,1423.1332621095469,1256.1098939504811
721.5148405585645,1422.377513920976,1258.1880602047245
720.4971971051048,1421.5859119944037,1260.297236056827
719.5610054802983,1420.7355190353776,1262.482433640443
718.7007975682366,1419.8018074545673,1264.7865455659617
717.910630101217,1418.7713036942903,1267.2189231703815
717.1908866391971,1417.651250273177,1269.7356444086931
716.5524380165773,1416.4695917685883,1272.2459718363616
716.0189917956875,1415.2654823042299,1274.6425399940354
715.6173588254962,1414.074390298858,1276.8388560668564
715.3575254029832,1412.9124970881933,1278.7991878907283
715.2249186885686,1411.7705369379714,1280.5499876156784
715.1896949494006,1410.6243175377206,1282.162882436307
715.219025692335,1409.4524041632535,1283.7111242535022
715.2880739624867,1408.2451402347403,1285.2258966681886
715.3867598419592,1407.004047569141,1286.6781724815612
715.5170634525392,1405.7407809175884,1287.985669194401
715.6878259189409,1404.4811486196566,1289.039093216208
715.912709254449,1403.266598962459,1289.7369976547254
716.2058143195305,1402.1411896777327,1290.0085019783326
716.5744888505085,1401.1354759614078,1289.8240612139905
717.0150202941335,1400.2613308659702,1289.2019511273522
717.5135167313776,1399.511955546817,1288.2023076331493
718.0504746442541,1398.8686318635473,1286.9095773637114
718.6028743211353,1398.3138384860138,1285.41526967074
719.1408619225999,1397.837458528396,1283.8098352633367
719.6273693252041,1397.434017481124,1282.1846809524518
720.0258091115426,1397.096651598484,1280.6339672514528
720.308640278641,1396.8147609067187,1279.2517117976145
720.4589265798745,1396.5797427136233,1278.1258362199696
720.4672394802914,1396.3903192365415,1277.3240788854243
720.3342204175556,1396.2515336848523,1276.8762247546288
720.0792667806859,1396.171233373108,1276.7666023026359
719.741709234414,1396.1543562896836,1276.9392538044608
719.368477515802,1396.1982097929977,1277.3122316086026
718.9993730207281,1396.297289391674,1277.798638733796
718.6624461894562,1396.4513279938858,1278.3246694328132
718.3765494580321,1396.6657234980494,1278.8387413705773
718.1519372558311,1396.9498219688014,1279.3155443042779
717.9903288926611,1397.313484316827,1279.7501422305909
717.8856542389075,1397.7574005647325,1280.1424826630755
717.8238034995687,1398.2700763331432,1280.4914104878005
717.7884218581796,1398.8383099673713,1280.8000360641693
717.7709468435916,1399.457598003109,1281.0738437882264
717.7704125875233,1400.1315909720508,1281.307988137997
717.7854579742589,1400.8636745089232,1281.47989375015
717.8106164833412,1401.653394897924,1281.5641795964812
717.8367083030678,1402.49872463939,1281.559454281672
717.852335366744,1403.3900068291798,1281.4967013269786
717.8431029830763,1404.2996270620351,1281.426423546932
717.788433858404,1405.1856569856004,1281.3996972242123
717.6649352855562,1406.0099755379265,1281.4443463930247
717.4564132696989,1406.7560564928003,1281.5419357700787
717.161078604017,1407.4337324862404,1281.6243184354278
716.7925091395248,1408.0711575286218,1281.5975582903104
716.3739257929291,1408.7018870829936,1281.3776532632971
715.9288601585095,1409.3508671460206,1280.91826236291
715.4763013114057,1410.0227273488103,1280.2218337485972
715.0291277794026,1410.6988909696947,1279.332340664458
714.591322014793,1411.3465234210641,1278.3185382863153
714.1590455203353,1411.9317675758934,1277.2557498926512
713.7263594419705,1412.4279847465923,1276.2057075614016
713.2917063756521,1412.8211046124563,1275.1995161288198
712.862386915402,1413.114046651246,1274.2298803046092
712.451520850029,1413.324230592244,1273.2572873607146
712.0718677231372,1413.4734483944383,1272.2287305297905
711.7357973210146,1413.5750530822627,1271.096494827782
711.456537637546,1413.625438197381,1269.8329175915353
711.2442780419381,1413.6091090217922,1268.4421835471574
711.1018864364356,1413.5116877118312,1266.9609087459867
711.0247457289032,1413.3250572148254,1265.445825842668
711.0010227824482,1413.0464436179404,1263.9599630879031
711.0094003648501,1412.6810396939152,1262.5667694794074
711.0224346360421,1412.244989631702,1261.3292407261024
711.0186708385497,1411.7620695349867,1260.304619854934
710.988826005658,1411.2566910687945,1259.53745293039
710.9308062894454,1410.7502525338148,1259.0592965649878
710.8450885730956,1410.2595733057244,1258.8861048297024
710.7337819495579,1409.7932059806474,1259.0080981706515
710.5993723356324,1409.352199805061,1259.388682207665
710.4427527156425,1408.9381051859714,1259.9763286134375
710.2619525975575,1408.5587075036067,1260.7171276009306
710.0537132290752,1408.226617768335,1261.5659710368336
709.8150417811812,1407.9508851111311,1262.4936969381283
709.5399534151496,1407.727403601048,1263.4855121899448
709.2172082707256,1407.5408231308645,1264.5390503329054
708.8344993254507,1407.374238310461,1265.66491290317
708.3842173061322,1407.2119236323476,1266.8792400464035
707.8667405543706,1407.037035233966,1268.1901152283754
707.29222981975,1406.8320490202163,1269.5889838327878
706.6807013931025,1406.5828083571942,1271.051917530484
706.0551004768951,1406.2837259463854,1272.5519420350486
705.4298445435642,1405.939424976236,1274.0720408513869
704.8104633144112,1405.563035128829,1275.6012069293188
704.2074384203572,1405.1746620662607,1277.1162474783275
703.6465453476555,1404.7985433601505,1278.5694548872139
703.1653927759373,1404.4548404941277,1279.8919511515762
702.802457396713,1404.1504548039943,1281.0138352314714
702.583199585619,1403.8779179547635,1281.8973596933029
702.5089809174349,1403.6177647978939,1282.5625384949608
702.5586207972221,1403.3387708240675,1283.0845455242636
702.6989265090547,1403.003852406971,1283.5637495663627
702.8934964166552,1402.584083112327,1284.0872915828536
703.1105534940506,1402.0697918412427,1284.7030097759275
703.3326525858397,1401.4679771109975,1285.410893684557
703.5601389986181,1400.7910872706643,1286.1672907168063
703.803222912464,1400.0525430459431,1286.900551084148
704.0712772944806,1399.2680427657413,1287.5296060270277
704.367980985661,1398.4511557563394,1287.974237910927
704.6925338656519,1397.6102683977579,1288.1636137481041
705.0446343181148,1396.7564714972173,1288.0495296015383
705.4285670937602,1395.912694532574,1287.616636201275
705.8483831728869,1395.1119150294746,1286.8833699015868
706.2986720588459,1394.3831304410428,1285.891699577193
706.7661390720145,1393.7412501652539,1284.693845296765
707.2373849509854,1393.1971781105535,1283.3494364943142
707.6997120330042,1392.7710948281115,1281.9250343102033
708.1402913249167,1392.4871802212433,1280.482270896932
708.5482371863313,1392.3618140956423,1279.0652579507973
708.9137959572741,1392.402502309174,1277.6999761154673
709.2225544617585,1392.613691209323,1276.4036380902794
709.4515377708545,1392.9995263718329,1275.1980919271691
709.5754430282866,1393.5611388370446,1274.11776762435
709.5769861625344,1394.294332592812,1273.2096083306944
709.4484293703727,1395.192325067741,1272.5319851552338
709.1856892431271,1396.248327925187,1272.148505769036
708.7888234848735,1397.452472975598,1272.108654526773
708.2696768725909,1398.7890410784432,1272.4281790960404
707.6538595370262,1400.240875209497,1273.0885047422908
706.9765202887024,1401.7932416808164,1274.0487706918393
706.2776189861494,1403.4304968671252,1275.2533138051042
705.5972131868695,1405.134549232661,1276.6362042642688
704.9717134791647,1406.8876056115278,1278.1276808694993
704.4311131227543,1408.6707593201108,1279.6569504757204
703.9993552545028,1410.4622240774404,1281.1536924197276
703.7000637258113,1412.2427900081848,1282.5531199636794
703.559405316696,1414.0022770147193,1283.7998424005887
703.5980498955419,1415.740167095595,1284.8520832702343
703.8194355826762,1417.4613107317018,1285.6912511803946
704.2061112496573,1419.1684206119992,1286.3316739857153
704.7248841348609,1420.8535046542572,1286.8233693639331
705.3327505764727,1422.4916438935954,1287.2412701376825
705.9811505729582,1424.042856791234,1287.655839026665
706.6254370408683,1425.468839560647,1288.0936836235899
707.2402460289125,1426.7607961171107,1288.5095414218304
707.8288985245767,1427.957296707777,1288.7899094373126
708.4164574422342,1429.1316511384578,1288.7927389480574
709.0287689613303,1430.356949988765,1288.4064246284906
709.6725137772773,1431.6744955426416,1287.6011789941665
710.3306071664215,1433.075320621815,1286.4457790001898
710.9708328712825,1434.4966302763166,1285.0770572759598
711.5586760634828,1435.8409632101982,1283.6409417087568
712.0702167413027,1437.0132169308758,1282.2383073087005
712.5006101038016,1437.952925347652,1280.893399397563
712.866436375739,1438.6454420217524,1279.5475013334867
713.202967163234,1439.1178059688275,1278.0815331782533
713.5556690884241,1439.4283428738113,1276.364266848529
713.9694832714094,1439.6478418085005,1274.301299921371
714.4780726097522,1439.83668782016,1271.863248396836
715.0938080618281,1440.0307089851617,1269.0931405792398
715.8048698584687,1440.2408257845227,1266.0983744601288
716.5774295509299,1440.4626054610462,1263.032717497911
717.359011659082,1440.6884837361076,1260.0744297262022
718.090267576917,1440.9174507001226,1257.4044990285486
718.7229562642983,1441.15655061937,1255.1834336689633
719.2299651805394,1441.4102992239389,1253.522740754966
719.6030028230884,1441.6724263682659,1252.4631695527046
719.8463466982928,1441.93412387462,1251.974750271654
719.970634997902,1442.192727799908,1251.974990292844
719.9837876297022,1442.4475041392132,1252.3573181964957
719.887995085787,1442.6956456427479,1253.0194449235814
719.689971323825,1442.9329161523358,1253.8784842344805
719.4069344040971,1443.1512897468808,1254.874882451804
719.0578853759239,1443.3375783672263,1255.9736332242087
718.6563420481674,1443.4771782433506,1257.161232299364
718.2118489686652,1443.5586563023492,1258.437150888023
717.7305997600752,1443.577382564797,1259.8023142735476
717.2164623592,1443.53708740653,1261.244228358741
716.679818662691,1443.4486350794084,1262.7241314453415
716.1445431501797,1443.3284351007273,1264.1777629064022
715.6409298578428,1443.1950486465587,1265.5311135048514
715.1944626171064,1443.0625269048746,1266.7221115321845
714.8235670294058,1442.9333839558017,1267.7213257406784
714.5383427731781,1442.794557968383,1268.5443310497283
714.3350784841095,1442.6202242909908,1269.2477961226334
714.1981639219542,1442.379427443886,1269.9105022115223
714.1079224869,1442.04393744188,1270.604931914402
714.0456446030564,1441.5960196355536,1271.3626055087655
714.0025812369515,1441.0328086041468,1272.1477555384613
713.9912252681844,1440.3663496401691,1272.8638782808348
714.0409990549389,1439.6220057378052,1273.394472972578
714.1775731127896,1438.8311711530282,1273.6545877458184
714.4056793355045,1438.0171056131169,1273.6307715734235
714.7053787436244,1437.185131736393,1273.3908008751305
715.038753419266,1436.3251989645596,1273.0531824409725
715.3637897456599,1435.4234324659635,1272.7339034324834
715.649673946912,1434.4758344902177,1272.504158916801
715.8863103691172,1433.4945167379183,1272.3736500074742
716.0826538329513,1432.5041846562474,1272.2947848647373
716.2555708514403,1431.5371917804428,1272.1838978698083
716.4193671299876,1430.6304329794102,1271.951598128352
716.5818814449186,1429.8206530583354,1271.524755808575
716.7454622742277,1429.1380598661337,1270.8537061274385
716.9097464783173,1428.6039608991985,1269.9154952809367
717.071444955456,1428.2308000839507,1268.7162090167326
717.2195356915546,1428.02023440613,1267.290004611067
717.3336730302252,1427.9637920009668,1265.6971328579255
717.3877554884647,1428.045676296603,1264.0195668654717
717.3515996361394,1428.2466929317316,1262.3583244243816
717.1939149987866,1428.5501617485006,1260.8326499911254
716.8925037075797,1428.9423247301802,1259.567117665934
716.4450656671233,1429.4077495015451,1258.6669781555615
715.8710118915117,1429.928392419815,1258.1965355616885
715.2041156370767,1430.486516120897,1258.1685627474537
714.4840169125283,1431.0677632536763,1258.5460801520574
713.7523973557754,1431.6635102101752,1259.254725105238
713.0517400316147,1432.2736624592173,1260.2020734969371
712.4216674310564,1432.907769696344,1261.2976240006576
711.8932550785473,1433.5795672070547,1262.4672630431644
711.4871789996165,1434.2974883430918,1263.6586286554314
711.2160923088527,1435.0607531900691,1264.8395965935883
711.08457653759,1435.86556338472,1265.9974565771874
711.0874049764545,1436.7119960111215,1267.1350219692945
711.2122931646346,1437.6011957089463,1268.2570939335542
711.444168609497,1438.5285244086917,1269.3590011564709
711.7672415938289,1439.4807015841761,1270.426570878644
712.167583607484,1440.440120643227,1271.442368723715
712.6362168822094,1441.3988680222064,1272.397384120012
713.1694295581423,1442.3671882125195,1273.3040210431388
713.7634784244489,1443.3583394147615,1274.1974406170787
714.4064731385354,1444.3646270813929,1275.1262951097667
715.0765480116365,1445.3510599154772,1276.1398176173225
715.7495467344553,1446.2718506143208,1277.2669548439899
716.4095608322918,1447.0980534975984,1278.4923725740825
717.053800999937,1447.835332185127,1279.747588181768
717.6893816380689,1448.5171173027916,1280.9252409167084
718.32738938531,1449.1859122466522,1281.912328852516
718.9747104956059,1449.8799510937035,1282.6321640315318
719.6206442030445,1450.6187521591419,1283.0729243489266
720.2324216579796,1451.384573756833,1283.2807129644993
720.7721126993079,1452.1183837200267,1283.3236147622827
721.2153736930402,1452.7370899474756,1283.2527030387673
721.5527541039946,1453.1574157490593,1283.0753696967836
721.7870476685422,1453.3183201288216,1282.747275320853
721.9375960005194,1453.19779171759,1282.1809660587537
722.0392507629847,1452.8171306621887,1281.2650862638707
722.1323221505354,1452.2341702837043,1279.8949778674603
722.2535934396086,1451.5265132734053,1278.005379257823
722.4300723771227,1450.7683786534924,1275.591745957117
722.6705369847845,1450.0154820864116,1272.7210015610244
722.9565394868616,1449.3009497856146,1269.5298422738083
723.242565017833,1448.6359957601503,1266.209187505603
723.4688145723497,1448.0198851638017,1262.983882590254
723.5769754195238,1447.4542781153054,1260.085217433392
723.5243828512197,1446.9438975357916,1257.707646229031
723.2963083097137,1446.4865485810715,1255.9637940214488
722.9048705630872,1446.0734863335206,1254.8644588636535
722.3708747802687,1445.7014816037367,1254.3298662116472
721.7077516472837,1445.377844796784,1254.2191675314434
720.9231047220604,1445.1146993068,1254.3695562642913
720.028127831595,1444.922221611643,1254.6351693228721
719.0384388985701,1444.8044424463874,1254.9127023256624
717.9676376638554,1444.7588432967636,1255.1524025960034
716.8251303621242,1444.7747052370835,1255.355038293506
715.6200472217936,1444.8293332684684,1255.558197477616
714.3633441514131,1444.8932785107086,1255.819609438688
713.0649850604017,1444.9413428141213,1256.193867048976
711.7340536311422,1444.9577876685644,1256.7079979641392
710.3864028297214,1444.936114851513,1257.352164706596
709.0479293442702,1444.8756967747427,1258.0846886376098
707.7455794766929,1444.7768230939605,1258.8482835409782
706.4985622790157,1444.6385504892282,1259.5963863415102
705.3197800334913,1444.4618258389257,1260.3126737664525
704.2231625865854,1444.2543223116213,1261.0057415328783
703.2300172814666,1444.0285324841495,1261.683083888348
702.3696990401008,1443.7930798699654,1262.3305141499336
701.6726366850895,1443.5472049278583,1262.914755714535
701.158254005717,1443.2832870414309,1263.4049852719909
700.825674847798,1442.9936840164455,1263.7992513508757
700.6551157590527,1442.6751543597454,1264.1329215133314
700.6167372544624,1442.328077229266,1264.4639101672642
700.6768262413168,1441.9532143684405,1264.8550581570644
700.8007501725742,1441.5503189341111,1265.3606580721932
700.9591829113666,1441.1204017514751,1266.0101325672085
701.134931191512,1440.6684988751047,1266.7933184128528
701.3222852232353,1440.205805817992,1267.6618080778662
701.5210450887535,1439.752570861378,1268.5443472948066
701.7323627341444,1439.3372969229467,1269.3578298915431
701.9582464594797,1438.9913466479136,1270.0150588527854
702.2023314965551,1438.745675431553,1270.437519629951
702.4678016479488,1438.629985295993,1270.5649895102306
702.7534132754118,1438.6699808981089,1270.3609064040318
703.0527666979796,1438.8823837770371,1269.8207183487348
703.3559963021481,1439.2692886185214,1268.9792088516135
703.6494436199539,1439.8154454317555,1267.9079976138148
703.9155016284543,1440.4951577390489,1266.7050347006423
704.1371601712804,1441.2854120594245,1265.480316953595
704.3026846349738,1442.1705961679347,1264.3387143033315
704.4073465049074,1443.1376662030048,1263.367665464025
704.4568938526244,1444.1730256808019,1262.6299476295835
704.4674689121708,1445.2652713215402,1262.1558036583556
704.4575708611844,1446.4084491362673,1261.9406778609919
704.4444815446177,1447.5992038211743,1261.9500575013342
704.4490197611644,1448.8333171485901,1262.127550683207
704.4987920680779,1450.1086853939044,1262.4066870835998
704.6256763125862,1451.4271860061267,1262.7220369965312
704.8573209228396,1452.791213729177,1263.0173932876014
705.207545671697,1454.2013729693076,1263.2527552522129
705.6747137984838,1455.6567604930979,1263.4061803304535
706.2480115829404,1457.1539373013773,1263.4683333931416
706.9147059572376,1458.6868135182726,1263.4352181890101
707.6632065999183,1460.2502950776138,1263.30390601256
708.4798886207514,1461.8403846724418,1263.0703300060095
709.3446076840809,1463.448797501449,1262.7298150630706
710.2325744714628,1465.0605405726933,1262.2847840957825
711.1207941663619,1466.656889255789,1261.7562785999107
711.9902311705098,1468.2207376565282,1261.186315750601
712.8228552570232,1469.7393854190805,1260.6268803172595
713.6032607017678,1471.200946614066,1260.1249721164359
714.3269217843043,1472.5874959879673,1259.7077552768021
715.0024652798743,1473.8739164451767,1259.3676946222654
715.6432629370893,1475.039785269414,1259.0581240071708
716.261137300616,1476.0854735869132,1258.709733880342
716.8676971926413,1477.0359172731555,1258.263157438264
717.4735713189208,1477.929236344272,1257.7004701175426
718.0812045526709,1478.7996309337645,1257.0596153393412
718.6791332124237,1479.6660303496055,1256.4273004890454
719.2467296847763,1480.528710193688,1255.9141701519334
719.7657969299418,1481.3693222242125,1255.6209640487298
720.2260832151211,1482.1544449056742,1255.6090646636424
720.6244786342047,1482.8428786000648,1255.8830345480822
720.9677347530761,1483.3942521535662,1256.3845950556715
721.2752548791666,1483.7773951185993,1257.0011879081953
721.573543241674,1483.9763066240935,1257.5902413485185
721.8891828367978,1483.9929414991939,1258.0100515554736
722.2466793270496,1483.8498984960222,1258.1517239485652
722.6629123043285,1483.5890429809458,1257.9674279254994
723.1373588290068,1483.2576096120756,1257.4809312568227
723.6517783842766,1482.890550992729,1256.7755808006755
724.1815911964839,1482.5054025685831,1255.971251358394
724.7043330584006,1482.1105722427617,1255.2005739670717
725.1997699500412,1481.714846696219,1254.5856285153127
725.6490834884967,1481.326195257025,1254.2141150912814
726.0348987554938,1480.9438977336026,1254.12196699562
726.3416252525399,1480.559237752372,1254.2942926287806
726.5594402873413,1480.1665928430746,1254.684323449381
726.6889759929272,1479.768481721745,1255.234073520807
726.7393002501223,1479.364493742471,1255.8848037514604
726.7199187842514,1478.9401980716832,1256.583113615151
726.6343446236092,1478.4735239254378,1257.2908068649583
726.481060269721,1477.9483951909347,1257.9922765588421
726.2599668327372,1477.359605690389,1258.6890451182983
725.9773379739695,1476.7094293187035,1259.3832364460727
725.6475515869585,1476.003145727047,1260.0623761151483
725.2930753062111,1475.2498043537012,1260.6986866100094
724.9414358482732,1474.4657501040638,1261.265138358775
724.6179325948632,1473.6699663729944,1261.7545286326017
724.3367858166765,1472.872700823744,1262.1837326032455
724.0999429517096,1472.0707490359337,1262.5794777399624
723.9088425497866,1471.2536518425923,1262.9564103480614
723.7780715915292,1470.4148261499518,1263.2955801383255
723.7354393153968,1469.5617664163183,1263.5331524592652
723.8088938538924,1468.7185516945813,1263.5791270859252
724.0150357617923,1467.9147951310986,1263.3678333171054
724.3537846572685,1467.1669361190907,1262.9083145750446
724.8026014178507,1466.4662278856708,1262.301964407828
725.3163405705075,1465.782843231998,1261.7238129380594
725.8419069491504,1465.0803950655263,1261.378113482779
726.338911640177,1464.3287753530462,1261.4382090721883
726.7907857698477,1463.512316599175,1261.9907168475531
727.203513637927,1462.6301803024667,1263.0075001860355
727.5976807077973,1461.6915062918242,1264.3597937113047
727.9977320228008,1460.7154091939387,1265.868309081103
728.4243364916623,1459.7294389838319,1267.3551556061768
728.892255389705,1458.7619040773284,1268.6766135868038
729.407821671431,1457.838458655002,1269.7457788694196
729.9642066350794,1456.9820254255328,1270.542719920424
730.5408106963552,1456.2112298851503,1271.104017281342
731.1125378952147,1455.5423503353263,1271.5017443327029
731.6605710581823,1454.9923754760378,1271.81945966926
732.1713406625353,1454.5756724168414,1272.1252199961395
732.6314611029597,1454.3001282539185,1272.4527247272586
733.0309922418444,1454.1693422249762,1272.8017659113675
733.3673022389501,1454.1844072372621,1273.150797143538
733.641254162234,1454.343777279862,1273.471919408982
733.8523711869366,1454.6452798734856,1273.745180144751
733.9989183144208,1455.085667759231,1273.965028916114
734.0792955197346,1455.655222959181,1274.136032106058
734.09327376801,1456.334506647979,1274.2675080993974
734.0465098654533,1457.0991415638541,1274.3742380811477
733.9532002155859,1457.9259712417543,1274.4777182836
733.829845013693,1458.7950190382066,1274.6058285553568
733.6888262287143,1459.693647302984,1274.7917055678718
733.5390862684627,1460.6184196028948,1275.0627293145994
733.3885018556816,1461.5676333363072,1275.4246637026224
733.2485426485315,1462.5349684705452,1275.861717214345
733.1379640115279,1463.5117175391556,1276.3523555403854
733.074582934476,1464.491202316583,1276.879655976548
733.0655963393917,1465.468558207064,1277.429214056549
733.1121702067435,1466.438610510883,1277.9878808477754
733.2189420353743,1467.3959436774157,1278.5465703761542
733.3944176458441,1468.3349710152788,1279.1000478632561
733.6458491130913,1469.2492874356305,1279.6454320918078
733.976660359479,1470.1330135232672,1280.1835500297238
734.3843246029428,1470.9815602597575,1280.7203757819025
734.8580165441555,1471.787931829496,1281.2659938163663
735.3801361990197,1472.5405732585186,1281.834366630451
735.9297503847647,1473.2261121148817,1282.4399896268467
736.4860223797241,1473.832537401929,1283.0834861339533
737.0333927022327,1474.3532117204234,1283.733081105913
737.5660324232522,1474.7937841862736,1284.3199170690436
738.0862403741144,1475.1776617954167,1284.7584453564643
738.5966675708224,1475.5414294944658,1284.9818162164872
739.0930259035679,1475.9208987644336,1284.9711099625074
739.5627833466833,1476.3377184061626,1284.7633090790987
739.9871929622979,1476.790835777795,1284.4317088293135
740.3432387872398,1477.2559239683874,1284.0521084565082
740.6079073312999,1477.6961212833403,1283.6771072859178
740.7632545241244,1478.0748386507648,1283.3231921044887
740.7965218070617,1478.3606170904634,1282.9679395903354
740.6992345290822,1478.5290245400113,1282.5582888174395
740.4713212689369,1478.5653809839987,1282.0241721418854
740.1241110663407,1478.4647902240192,1281.2900786306384
739.6779547043773,1478.2316410165838,1280.2829986109255
739.1587404842508,1477.8811704533227,1278.9382710954874
738.5930786916066,1477.4411742267098,1277.209554881972
738.0042592992721,1476.9482082140662,1275.0829391819102
737.4139812663811,1476.4361628871397,1272.585193551343
736.8419741031335,1475.9288974231133,1269.7869481825137
736.2967715961264,1475.44251718834,1266.8065434083417
735.7668245773854,1474.9901083021957,1263.809550806861
735.2219710686436,1474.5837301182025,1260.9952950753411
734.6239881840421,1474.2286515696394,1258.5646854165445
733.9361261808172,1473.9158626185165,1256.6763247110694
733.1271122918839,1473.6306858517114,1255.4130103694222
732.1755493638161,1473.3720713439523,1254.77306191851
731.0756205616842,1473.1539517087099,1254.6805639935835
729.8389948405146,1472.9862542242147,1255.0060290512145
728.4904287173509,1472.864903474448,1255.5963514007876
727.0597161055097,1472.781763443512,1256.3108581547062
725.5773731233307,1472.7332237223325,1257.051727826656
724.0731886518976,1472.7133468145655,1257.7753329583227
722.5702187626777,1472.70546567994,1258.485797982592
721.0782736315185,1472.684885865644,1259.2217071768398
719.596258808011,1472.6260195617426,1260.036285126269
718.1236802132794,1472.5078250427534,1260.970950276701
716.671479128284,1472.3194421208818,1262.0368132117148
715.2613547957244,1472.0665066196336,1263.2155120942805
713.9163264119097,1471.7709128918432,1264.4704615801745
712.6556992959792,1471.4573766487326,1265.757398023141
711.4974148162507,1471.1399601239448,1267.0393743574161
710.45843900548,1470.8206812887718,1268.3040309582293
709.5520511557361,1470.490233715218,1269.5647584225997
708.7903363769138,1470.1294039569625,1270.8427728148658
708.1893494509366,1469.717581925728,1272.1453234064873
707.7675475937334,1469.241578135049,1273.4544242727964
707.5396623905324,1468.7000153941017,1274.7325530761445
707.5113049944265,1468.1027526867852,1275.9402846036533
707.6729561126771,1467.4645040486002,1277.0562936880256
707.9960133003055,1466.797827125044,1278.091697695421
708.4373756783015,1466.1084078084116,1279.0884411114055
708.9520127271992,1465.3917512888663,1280.0968992820094
709.5049908425597,1464.6365377181914,1281.1459896078547
710.0774379225387,1463.8357278350509,1282.2241962616913
710.6671644425837,1462.9952164444062,1283.2766964984514
711.2826937924491,1462.1343027318792,1284.214895543189
711.9341178621396,1461.2815407192306,1284.931933334437
712.6294480872148,1460.4712837893874,1285.3204034205169
713.3760361694818,1459.7403460237708,1285.2922904925153
714.179318146815,1459.1208209072574,1284.7961533263647
715.0360416269298,1458.6335210678515,1283.8279657212295
715.9297862104959,1458.2854017637073,1282.435615618965
716.8348385124995,1458.0684057650817,1280.7116014419382
717.7210490800303,1457.964128963391,1278.7753684937022
718.5533180897617,1457.954918980299,1276.758206481844
719.2924050251379,1458.0323857634003,1274.7975252717147
719.9042857906381,1458.1969509699384,1273.0317550756406
720.3714394278511,1458.4487170371413,1271.5829288150908
720.6956427944302,1458.7818494768246,1270.5348155046483
720.8925262753777,1459.190755339004,1269.9234756850117
720.9839720733414,1459.6758469813528,1269.7382829683704
720.9953699335362,1460.2410479835692,1269.927047299415
720.9598425240789,1460.889462251849,1270.4066096278052
720.9196566032792,1461.6216769416549,1271.0802335190235
720.9181876364888,1462.438452995437,1271.8581081848442
720.9903121932566,1463.3451257576025,1272.6708512843875
721.15650196133,1464.349150858453,1273.4699508352878
721.4199501907985,1465.4521391301705,1274.2226611320186
721.7707418895417,1466.646814719715,1274.9105389661092
722.194369938304,1467.9183499105436,1275.5294404886472
722.6749174684253,1469.2458784070382,1276.08707380317
723.193987228946,1470.6069960588052,1276.5957539550427
723.7330571582681,1471.981751681847,1277.0576872253216
724.2802719837136,1473.3525449745746,1277.4525483524567
724.8369645104739,1474.7067195998338,1277.7401593937893
725.4157220781709,1476.0429410014356,1277.8772062039263
726.0276219571847,1477.371088483679,1277.8390785942674
726.6722473712692,1478.700286903107,1277.6354912882098
727.3385597211886,1480.0274673115716,1277.311561116777
728.0077946257469,1481.3393891811845,1276.9344093587624
728.6553752780617,1482.6220119986206,1276.571145831655
729.2581825010872,1483.8692186809744,1276.2643117940127
729.8052323782092,1485.0897589488204,1276.0129643042787
730.3014772526465,1486.3097809007327,1275.7758550529122
730.7629818110286,1487.5647673870185,1275.4969276978304
731.2087377708646,1488.8780482251739,1275.1273018653942
731.6504711099577,1490.244125556548,1274.6341166946547
732.0868132855813,1491.6322453002867,1274.0049592921937
732.5075850542711,1492.994556151763,1273.2442774152057
732.8994955450546,1494.2705333905699,1272.3608753694155
733.2476350204287,1495.4002713237685,1271.3586430420225
733.5380488354879,1496.3429868949734,1270.233585281536
733.7622487818179,1497.0839676035034,1268.97195288514
733.9207486079769,1497.6293542552423,1267.552699627356
734.0261335790323,1498.0000573239392,1265.9578319344337
734.1029510604436,1498.227806954848,1264.18322426242
734.1783091731428,1498.3516311617486,1262.243838930863
734.2677488379745,1498.4156971927443,1260.175419564772
734.3691227025959,1498.4643623601846,1258.0331538282048
734.4673289951176,1498.5340364256483,1255.8892718702946
734.5424158809266,1498.6510831511177,1253.833636162302
734.5726793939189,1498.8348779326498,1251.969346337858
734.5321678461172,1499.0964023279878,1250.394940999385
734.3927704611676,1499.4343583677169,1249.1823364768395
734.133786704065,1499.8366550682308,1248.362747521425
733.7505771710266,1500.2868832049965,1247.9249517353298
733.2563783357601,1500.7701724097824,1247.8250325623137
732.6756445997971,1501.272251136684,1248.0008478985078
732.0349421591445,1501.773556353997,1248.387065070441
731.358432435884,1502.249356897889,1248.93167938996
730.6649120819957,1502.6771632904654,1249.6092106411854
729.9643703949563,1503.0409768980169,1250.4230776343527
729.2575296858188,1503.3290250966313,1251.395314348253
728.5370466542936,1503.5329325614466,1252.5483281914326
727.7910428443953,1503.6521421063476,1253.88882460772
727.0126392899572,1503.6968185596038,1255.4001201151186
726.2055310131705,1503.6849035850105,1257.0416791431521
725.3790018235858,1503.638146578016,1258.7557382557518
724.5443747389994,1503.5797788059317,1260.4795454615216
723.7174155537331,1503.5311873594712,1262.1607957653462
722.9177281312359,1503.5065106084562,1263.7755694218285
722.1612198607246,1503.5048524450779,1265.338041434224
721.4529818366441,1503.50585568292,1266.8901055271383
720.7897074520722,1503.4761348756033,1268.4744960037856
720.1704124155813,1503.3832803106914,1270.10223314634
719.6079354614484,1503.2119337811846,1271.7295702147856
719.1333991734408,1502.9746356814867,1273.2606877411536
718.7873197699562,1502.7073340854936,1274.578345445082
718.6008195886051,1502.4525433597857,1275.5916309492013
718.5786027938307,1502.2402564440308,1276.2823687201014
718.693142334827,1502.0734146054958,1276.7251282492177
718.8926877530141,1501.9280450096712,1277.0660886090166
719.1194321666028,1501.7695636214678,1277.469432730035
719.3293539669737,1501.569614461231,1278.0570041102171
719.5012467398424,1501.3136397822875,1278.8693649915358
719.6302429743786,1501.004210928629,1279.8598771794223
719.7185577689013,1500.6621443258575,1280.9147668290816
719.7742366735143,1500.320534810328,1281.8872485791974
719.8117640731036,1500.013866309558,1282.6334832208413
719.8477429807652,1499.7711737648447,1283.039744767439
719.8954240659256,1499.6147925883217,1283.036933538041
719.9633892518274,1499.5592656149884,1282.6049694475184
720.055862210768,1499.6118572543335,1281.7713567299645
720.1692157962636,1499.7769978329338,1280.6043765345732
720.2892567330116,1500.0561259088975,1279.198386084369
720.3958852767197,1500.4430463338617,1277.6559924528358
720.4683086649288,1500.9278507062927,1276.0781906568723
720.4850191962965,1501.5059659309482,1274.564294098436
720.4236906770536,1502.1776716645843,1273.2120203411164
720.2647950915343,1502.9405972566776,1272.1101334154937
719.9998598971722,1503.786900635919,1271.327072585312
719.6387598211788,1504.7076088327863,1270.903274320954
719.2079477737781,1505.6985139555015,1270.846113216723
718.7435910244839,1506.7599033382621,1271.123116866348
718.2834301759568,1507.8916713306037,1271.6600449869618
717.8580742084172,1509.092158188412,1272.3546796637418
717.4884399018478,1510.3605959206245,1273.1033373784871
717.186884132058,1511.7003725336126,1273.8236446807982
716.9552091406078,1513.1185658490222,1274.4616836016487
716.7853751928156,1514.6172935950551,1274.9864883634311
716.6654856773636,1516.1875387392413,1275.3822421066266
716.5832625351812,1517.8146935525276,1275.6421797361015
716.5255288430141,1519.4884824727596,1275.7634992724472
716.4786037202417,1521.2080970036573,1275.7468203130811
716.4297393320368,1522.979737332784,1275.5998230293187
716.3681165747125,1524.8100700580944,1275.3385536918213
716.2867181720133,1526.6994822715283,1274.9844727320196
716.1827588863218,1528.6356300714135,1274.558701631794
716.0548018480317,1530.5913898846297,1274.0760884814767
715.9002670466567,1532.529975236248,1273.5395114767248
715.7136692779609,1534.412202696931,1272.9319108098694
715.486807361772,1536.20370749505,1272.2127526723457
715.2138290437474,1537.8825935830203,1271.3266666451373
714.8930726229988,1539.4417093661277,1270.2210601572383
714.5226007369216,1540.8813316477067,1268.8665601759267
714.1022295538837,1542.1967927812013,1267.272669484056
713.6436848683625,1543.3701490142128,1265.4942724145396
713.1742133133706,1544.3730951108037,1263.6264458894693
712.7287043325402,1545.179846700625,1261.7809303098318
712.3389070437107,1545.781647510671,1260.05460491821
712.0262243774008,1546.1923454352925,1258.5111064644893
711.8006509765034,1546.4398126970702,1257.1756110472206
711.6680217151719,1546.5539320612615,1256.0386025623511
711.6399676653033,1546.5635134104673,1255.0741515815175
711.7337947316305,1546.496431032834,1254.263532251738
711.9601051276688,1546.3738803268657,1253.6074820134913
712.3119030439975,1546.2035001048266,1253.1271040351578
712.7659755113662,1545.9800934825835,1252.8591076428693
713.2898613200323,1545.6945836463221,1252.8455972160257
713.8436465065046,1545.3453862119197,1253.1220589887084
714.3812768622565,1544.942643765133,1253.7102417406352
714.8581461787545,1544.500838898422,1254.6170914259578
715.2362884469004,1544.0288901038746,1255.8352104714836
715.4838382566975,1543.5288210409171,1257.3449471790182
715.5773413622304,1543.0007223649234,1259.119996257518
715.5059639424796,1542.444606663657,1261.1294170682495
715.2722649398764,1541.859228120454,1263.334081880822
714.8894538503926,1541.2408606314862,1265.6853605757897
714.3765621080311,1540.5826869148093,1268.1287961423839
713.7524583708798,1539.878834848088,1270.6095254824586
713.0290798593169,1539.1279547373792,1273.0765216072912
712.2099500967538,1538.33098132541,1275.4868839164888
711.2970840522097,1537.491904602903,1277.808875932346
710.2975319653475,1536.6213951763827,1280.0166640615955
709.2257992613809,1535.7345856962634,1282.0810911137394
708.1035679125704,1534.8468297988227,1283.970627073262
706.9550504065077,1533.9720000059779,1285.6637259949248
705.8015827000453,1533.1190517954342,1287.162192833825
704.6573462755391,1532.2843027648341,1288.4958326028536
703.5250571523135,1531.4437470182631,1289.7130399458908
702.3974656445572,1530.5566124344184,1290.8610327065285
701.2658548621071,1529.5861994063062,1291.9639296768887
700.1308809325543,1528.5229977208473,1293.004781795556
699.0137329866627,1527.3894748697483,1293.920327961943
697.9572751352423,1526.2264542930698,1294.6175714240517
697.0095156332715,1525.0753694270293,1295.0107070409408
696.2023895146975,1523.9644679829744,1295.0608275042157
695.5390799474854,1522.900235103265,1294.7938316698676
694.9942637006399,1521.8673423752778,1294.287160890175
694.52872530441,1520.8390644202602,1293.6375083619232
694.1069111951217,1519.7932075843337,1292.9274215159774
693.7040821155434,1518.7250782568226,1292.2021057014576
693.3073962040841,1517.6492181992394,1291.4593877014372
692.9182323928077,1516.5889453542022,1290.652751189143
692.5499655068814,1515.5657869703973,1289.7090982555114
692.217707384977,1514.5982829927793,1288.5601470688557
691.9297463202827,1513.7029581843183,1287.1748074079374
691.6879952596319,1512.888865993527,1285.5722569706525
691.4911570460931,1512.153530121415,1283.8123641013813
691.3328233618927,1511.490572715125,1281.9793925137799
691.1994033512719,1510.9014673531299,1280.1695481996196
691.0728697175248,1510.3983494879528,1278.4833870341263
690.9328102356335,1509.9971806809272,1277.0173185544238
690.7573591944414,1509.7105060254262,1275.8495829837414
690.5262833427945,1509.546078212048,1275.0265406665485
690.2250227022132,1509.5089625339897,1274.5538693511362
689.8499241331708,1509.6054105162257,1274.3953015843897
689.4105534901819,1509.84791575077,1274.4822887594723
688.9260156109494,1510.254943396816,1274.7296069056747
688.4214262013035,1510.8404788798077,1275.0501435000403
687.9250868246684,1511.6051016965584,1275.3698546872267
687.4647778471449,1512.5411016668784,1275.6422754318396
687.0648975658534,1513.6373266665048,1275.8534202861472
686.7388404617903,1514.8749347186006,1276.0147645308173
686.4819581946092,1516.2294104748653,1276.1526534100822
686.2789088635315,1517.6772514055801,1276.2969008800292
686.1146117689768,1519.1949774047737,1276.4681788729786
685.9766346744323,1520.7567081334462,1276.6688966365846
685.8575074506612,1522.3391879622386,1276.8831286068935
685.7599654518099,1523.9267435836553,1277.0829374048321
685.6975912714312,1525.5083591758507,1277.231637930118
685.6889601433237,1527.0770421881705,1277.2874480899222
685.751145100205,1528.6340439908597,1277.2188010962936
685.8950806511879,1530.182781015854,1277.025117149657
686.1189625435513,1531.7125212294432,1276.7446924794249
686.4015370287401,1533.190928551893,1276.4405311032754
686.7049122039977,1534.576889316607,1276.1718273083927
686.9910452237083,1535.842425114126,1275.9637529689685
687.2413704383094,1536.986300201786,1275.7841211711782
687.4625573829702,1538.0364958717723,1275.542251501877
687.6754093728246,1539.0436332245217,1275.1233033554033
687.8994141281354,1540.064862121403,1274.4415231572102
688.142518958077,1541.1419753865637,1273.4787072727374
688.3987339392704,1542.2850826764395,1272.2929331357113
688.6527124397616,1543.47243397102,1270.999537185999
688.8860794091671,1544.6604045708605,1269.7309883171
689.0817348294933,1545.7926381196291,1268.5941847768163
689.2264913405082,1546.8106970796039,1267.64446285215
689.3141540919626,1547.6677483248939,1266.8766026140377
689.3517310055685,1548.337893033893,1266.2261290411193
689.3637467205936,1548.8169191617103,1265.5833329015272
689.3866709670287,1549.1176847009406,1264.8223392417895
689.4586399986895,1549.2664571505306,1263.8390088632214
689.6098169316265,1549.3001439998077,1262.5832421479927
689.8510126292118,1549.2582726015462,1261.0694852996776
690.1694546752007,1549.17122038447,1259.3669573593354
690.5371719645605,1549.054585490405,1257.5839302725751
690.9187330148922,1548.9138988055686,1255.8492602144927
691.2736285864297,1548.7525894565556,1254.2918316886935
691.5601334450978,1548.5748224867539,1253.0243258094636
691.7408614695512,1548.384935026776,1252.1306943553575
691.7877059251299,1548.1902322071767,1251.6547810065138
691.6836858894047,1548.0011479414566,1251.5934845155605
691.4202353482661,1547.8228708426411,1251.8991502324222
690.9966269152129,1547.6518388029422,1252.493527863811
690.4253758939594,1547.4819043068512,1253.288402701155
689.733612471713,1547.3074062698972,1254.2054964235233
688.9522783213973,1547.1215705403292,1255.190555311897
688.1029212362204,1546.9163886990723,1256.216392808586
687.1967758151886,1546.6815151802261,1257.2777377479874
686.24223009176,1546.4025362153757,1258.3855167060888
685.247821371177,1546.0660989074004,1259.5630958248616
684.2233814264346,1545.6672281749927,1260.8432732636554
683.1831819937489,1545.2073957543566,1262.2580713445589
682.1432536212621,1544.6889706009997,1263.8202675114567
681.1151976720034,1544.1150585819312,1265.5123153170402
680.1063071942664,1543.4909315761126,1267.2934064527979
679.1219255502875,1542.8237553101626,1269.116326781311
678.1655725665327,1542.1231083454995,1270.9383427969487
677.2447795714721,1541.4041793926237,1272.7226495211112
676.3805036925215,1540.687703361177,1274.4340215505888
675.605665713319,1539.9901453799985,1276.0336945028682
674.9525914305416,1539.3127226829367,1277.485843710606
674.4408220950031,1538.6409569919356,1278.7766377390915
674.0706363157129,1537.9524340399244,1279.9297024510258
673.8221535553326,1537.2246179689698,1281.0042935228355
673.6611160257154,1536.4389193306367,1282.0742379650724
673.5508803269059,1535.5818167175894,1283.1986753446088
673.4639795848955,1534.646392873152,1284.4001568772067
673.389026494168,1533.633010701878,1285.6563771038243
673.3321028040255,1532.548189794886,1286.9055440839138
673.3111546336115,1531.4065449468712,1288.0648442537106
673.3482014614157,1530.2317381309156,1289.052091871429
673.4644416215829,1529.0508583199005,1289.7983344713123
673.6763065991723,1527.8887671522464,1290.2537886245982
673.9905475034374,1526.7671400932725,1290.3948925482362
674.4002411443718,1525.704775049585,1290.2303645875522
674.8851382672474,1524.7162798778468,1289.799815975356
675.4195554103944,1523.8123004384356,1289.1642913028643
675.9835792064916,1523.0037275926027,1288.3926393893516
676.564740496654,1522.30550650902,1287.5499904361868
677.149532758941,1521.7354602567543,1286.6927898425265
677.7181412710122,1521.3086138193598,1285.8690919149794
678.2477676541903,1521.0329915314946,1285.121593559591
678.7178102804346,1520.9123827486524,1284.4897199466093
679.1098069829337,1520.9504899246683,1284.0070874616213
679.4062797366821,1521.1482286916691,1283.6956546905978
679.5944412563675,1521.500311431584,1283.5612636895607
679.670729484582,1521.9983140859536,1283.5944116666249
679.6415050167661,1522.635816227867,1283.774956188785
679.5192449382376,1523.409670918208,1284.076070740132
679.3184622803751,1524.3149755910188,1284.4666511560022
679.0569170059056,1525.3405510494456,1284.9163408185752
678.757422200484,1526.4718658200093,1285.402202125323
678.4435973414039,1527.692794078361,1285.9084284459605
678.1327503820861,1528.9818792711415,1286.4201712341912
677.8322482130345,1530.3138384863084,1286.9209155787062
677.5433024987047,1531.6669452407511,1287.391385710782
677.2699074899958,1533.0272704625593,1287.8055779031401
677.0236493754508,1534.391783154519,1288.1322879541162
676.8191025783644,1535.7711922814863,1288.3470015460646
676.6667000713675,1537.184228497845,1288.4442754577028
676.5701951066513,1538.6435317879545,1288.444554478319
676.5235729643207,1540.1412001302608,1288.39639796429
676.505746387392,1541.6409675684006,1288.3671800374993
676.482642853176,1543.0855377840041,1288.4167672707597
676.4187043436727,1544.421742445477,1288.5642110498352
676.2887238275222,1545.6290274806365,1288.7654386002987
676.0828377072648,1546.730755847944,1288.9156755763424
675.8060079093073,1547.7823549519603,1288.8799262029265
675.4739836157203,1548.846878465461,1288.5402392995072
675.1042151619522,1549.9718561657041,1287.837990897382
674.7069217911555,1551.1744986654037,1286.792321272852
674.2826585944795,1552.4366765774244,1285.490553766208
673.8246395717948,1553.7139088620763,1284.0625893489034
673.3229982665629,1554.9593770553574,1282.6497376768834
672.769660745276,1556.1448070301144,1281.367815220718
672.1642865699823,1557.2605372695798,1280.2729413417649
671.5211004299831,1558.3055027758373,1279.3477268829283
670.8692366123627,1559.2830631834622,1278.5148472376097
670.2418148702299,1560.1996340223532,1277.6722755606377
669.6644925733858,1561.0613019249424,1276.734332084469
669.1560834247341,1561.8708082941178,1275.6583556374992
668.7355143100724,1562.626121798569,1274.4483264947453
668.4202580500435,1563.3216223110414,1273.1416382572627
668.2148523334467,1563.9524934325568,1271.792644837439
668.103901215807,1564.5172329581771,1270.4630414915393
668.0583536562688,1565.0148908719996,1269.216552984642
668.0462269453551,1565.4454386166997,1268.1127459445568
668.0386404845359,1565.8171398248487,1267.202641199075
668.012084832046,1566.146246102442,1266.5271019324666
667.950772886964,1566.444178455035,1266.1124646028422
667.8501905994013,1566.7094019887209,1265.9642702378403
667.71829862751,1566.9320245899557,1266.066329907479
667.571622964203,1567.1036498958174,1266.3856377113975
667.4275769650708,1567.2218942302434,1266.8797361253623
667.2988377944932,1567.284378345814,1267.5078029290516
667.1942084571574,1567.2822995821496,1268.242694805154
667.120373320019,1567.2018067497042,1269.0725671006758
667.0828361604104,1567.029324656695,1269.994691884377
667.0885962021778,1566.7572255392183,1271.0129118814516
667.1456909270181,1566.3859085395206,1272.1330613352034
667.2614374843919,1565.9224156390922,1273.354051177837
667.4434365456376,1565.3812176462566,1274.664018607136
667.6990659345436,1564.7846169082732,1276.0431847667455
668.0333496394778,1564.1561933299458,1277.4743197259318
668.4463782933168,1563.5115746193771,1278.958342096302
668.9279278522408,1562.8547080423032,1280.5223300570544
669.4546499057963,1562.1797020337706,1282.2138593083307
669.9978226497965,1561.4756469612842,1284.079961290935
670.5363583888407,1560.7326137162875,1286.1341486900765
671.0646473251455,1559.9481958120714,1288.3355372027547
671.5944785440612,1559.133492021264,1290.5972266613503
672.1526465542312,1558.3110230201182,1292.8114322261795
672.7698394915445,1557.5046208172066,1294.8776733651944
673.4628242594752,1556.7314170372506,1296.7318364318553
674.224801024403,1555.9957152279783,1298.364588711493
675.0316949191482,1555.2849988513458,1299.813121166389
675.8547136790818,1554.577127070954,1301.1310604948599
676.6689443805353,1553.853914176469,1302.355898869044
677.4574527538485,1553.1077479543903,1303.4890186379787
678.2123470271906,1552.3420166600222,1304.4956146807604
678.9329625676827,1551.5718304631973,1305.3184089113856
679.6231035640103,1550.8232550342,1305.8903920223943
680.2897260067028,1550.128111538653,1306.1448494817414
680.943351177918,1549.5164387346365,1306.0294042161474
681.5977486537515,1549.0098359006793,1305.5177320159582
682.2663511584938,1548.6186765170596,1304.6100569207717
682.959293311434,1548.344679244012,1303.3263343222934
683.6853957315319,1548.1849783085,1301.700785012828
684.4509104904689,1548.1328833797365,1299.7831640681538
685.2503498319077,1548.177821250146,1297.6452723062134
686.0617739318928,1548.3080979607444,1295.385942217102
686.851587752049,1548.5126063502569,1293.1281661495893
687.5801764363066,1548.7800631658388,1291.0026499953588
688.2070615407378,1549.1014917501002,1289.1213924152123
688.6989556650449,1549.4765962473869,1287.5585467729848
689.0360011188319,1549.9173909128565,1286.3451804685378
689.2124308918106,1550.4430704663696,1285.4692536612054
689.2369008596934,1551.0703233076756,1284.8812871108462
689.1327649360803,1551.8110175665302,1284.5097680119416
688.932769770701,1552.676063335232,1284.2793541987282
688.6728797456489,1553.6752341893648,1284.1263269104766
688.3899879357821,1554.812792173669,1284.010918608518
688.1191202809271,1556.083187875704,1283.9209747860605
687.8873576675236,1557.470408202881,1283.8658624672125
687.7057220254073,1558.9514232668053,1283.868900311303
687.5666958756407,1560.4989737945446,1283.958300886088
687.4543668647336,1562.0839495275093,1284.1522899427623
687.3581653966409,1563.6802801716444,1284.4456564150619
687.2773656089438,1565.2687672632576,1284.8083373225215
687.2189508644339,1566.8363592240191,1285.1962302237534
687.1947377449627,1568.373898629151,1285.5665524688768
687.2145215542832,1569.8742663497596,1285.890101881444
687.2778900952195,1571.327960862186,1286.156299986205
687.3719266749783,1572.717275702363,1286.3703164265423
687.4732251161589,1574.0158017349352,1286.540682701482
687.5546929641448,1575.1989851227536,1286.6590792182615
687.5991942605087,1576.2627146094271,1286.6836008325583
687.6106546404976,1577.235161798808,1286.5394348232526
687.6131219468707,1578.1669652995392,1286.1426292305657
687.6408948660793,1579.1010983027682,1285.4394040947952
687.7277526032387,1580.0454269551974,1284.4430984489427
687.8962255653985,1580.9680535094803,1283.2475437691944
688.1460349517708,1581.8093630495218,1282.0055451256599
688.4487847880757,1582.4995761249725,1280.8795767496365
688.7541036214499,1582.979864651987,1279.985955161958
689.0088300916266,1583.2185599422041,1279.3598756201604
689.1840014990418,1583.2129388891544,1278.9552307524887
689.2860372005698,1582.9824925200323,1278.6709142186032
689.3411095988694,1582.5660926133994,1278.3891033202974
689.3753301561438,1582.0229363416686,1278.0100831823643
689.4126829008595,1581.4228230062954,1277.4711745193724
689.4833193001538,1580.8233045283805,1276.75125058741
689.6172712855612,1580.2548985658668,1275.8676242291444
689.8248006237778,1579.727165382169,1274.8699044548846
690.0893019585053,1579.2433743264498,1273.834173919487
690.373541616814,1578.808205089218,1272.8528328958282
690.6261301365988,1578.4275467133355,1272.0171045166448
690.7888995355551,1578.1086148883746,1271.4010531445565
690.8066216526358,1577.8620388528445,1271.0544964162423
690.6388838008571,1577.6993705483155,1271.0025900885717
690.2689044802967,1577.6252175028321,1271.2445686862475
689.7008433726705,1577.6327485771062,1271.7494014825775
688.9517469373917,1577.7067411463995,1272.4585939858027
688.0475131558363,1577.828502232106,1273.302751433126
687.0202887624314,1577.9782574658884,1274.218213744786
685.9048003597825,1578.1338928109124,1275.150642157074
684.7352649392049,1578.2670265634515,1276.0560728606918
683.5434234704267,1578.3438285975844,1276.9120083304692
682.3578885889252,1578.3338296388868,1277.7286217919454
681.2011086017054,1578.2167179303592,1278.5456483460775
680.0833039493773,1577.979884333985,1279.4193920726757
679.002379681282,1577.6142254345186,1280.409316574787
677.9514435760757,1577.1158829017115,1281.5647776154922
676.9260042279318,1576.490554047482,1282.91316719758
675.9273923550534,1575.7561413305864,1284.4543292484723
674.9627332777756,1574.9416560244972,1286.1625685952654
674.043515341957,1574.0816590788152,1287.99128824275
673.1848475949646,1573.2128162902122,1289.8751542465272
672.4054942857233,1572.37411847959,1291.7292272359252
671.7308792070329,1571.60142504615,1293.451498539873
671.1949669473328,1570.9158629793649,1294.937828368235
670.8321880821403,1570.319284645892,1296.107999401322
670.6647280670934,1569.8021733649916,1296.9319617324259
670.6938930636198,1569.3487978031287,1297.4411965671748
670.895954694181,1568.9313511127577,1297.7168227645586
671.2258920172301,1568.5105511057482,1297.8632678242755
671.6321938308383,1568.049784135095,1297.9797422168099
672.0743849356046,1567.5240491711243,1298.1356958051672
672.5311696133675,1566.916917405676,1298.356394233183
672.9985560066186,1566.220291544004,1298.6232672037427
673.4850316734559,1565.4398468378467,1298.8864129772546
674.0086137627592,1564.5946100824458,1299.0816168013778
674.5951595418042,1563.70921438407,1299.1457863295893
675.2716193952612,1562.8078028780185,1299.0270964521114
676.0547772194265,1561.9167978617147,1298.6913257742929
676.9458706880115,1561.0701795515508,1298.1272977288231
677.9352688054516,1560.3061248423185,1297.345668727688
679.0093800344732,1559.6587228188998,1296.3682297205153
680.1509224248873,1559.151248580851,1295.2184896719336
681.3356839059884,1558.793252962914,1293.9242613273816
682.5340172431119,1558.5851768385496,1292.5282734834352
683.7135325101785,1558.5256217479862,1291.0942235648313
684.8362429410585,1558.6130079487832,1289.702375476462
685.8579291924715,1558.8436832255443,1288.4380550266178
686.7369547418157,1559.2116916296807,1287.38181014232
687.4444202258974,1559.7091914630964,1286.6054239528235
687.9692345992892,1560.3250192830374,1286.1665957947023
688.3181519169876,1561.044571849856,1286.0982096868518
688.5116513397047,1561.8535218871045,1286.3980072738707
688.5795243895409,1562.7413370256422,1287.0249220545884
688.5585455259595,1563.703228533759,1287.9082782361086
688.4906588807581,1564.7399181227913,1288.967354112851
688.4200078985763,1565.852141554512,1290.1261532514832
688.3906705401696,1567.0353242429887,1291.3201901496388
688.4438616943982,1568.2798862185052,1292.50221290688
688.6101778972086,1569.572005025175,1293.6422368659312
688.9035520441201,1570.8926494363352,1294.7201273304502
689.3260260603615,1572.2205043136003,1295.7215447869885
689.8774448783913,1573.5369995030142,1296.6386495138
690.5598762303314,1574.826426337405,1297.4661818419424
691.3758700097342,1576.076917996348,1298.1940275238994
692.321690054457,1577.2884426924854,1298.8043908059929
693.3800276858295,1578.476162187875,1299.2755205690867
694.5238290850331,1579.6602553439186,1299.5925277342935
695.726539997725,1580.8523434166407,1299.763126014958
696.9610355023531,1582.04625808828,1299.8241802359253
698.1931980404369,1583.2143778154102,1299.8294928615285
699.385007732435,1584.3191155018103,1299.8291927212576
700.5015525708429,1585.3349505791514,1299.8487067610072
701.5160528016849,1586.2615879277769,1299.8711810208654
702.4143584530194,1587.127300219014,1299.8388488077267
703.1963829011455,1587.983541374204,1299.6758246534207
703.8733012107621,1588.8830160053215,1299.314761077293
704.4631917955307,1589.8548186888104,1298.7196912390962
704.9838712568189,1590.8965906576864,1297.901356595218
705.4393963846225,1591.977928654091,1296.9099040359852
705.8116977472241,1593.046954139297,1295.806371452257
706.0703596200578,1594.0429155819268,1294.6372609092364
706.1899764937624,1594.912769372342,1293.425590427797
706.1590631223687,1595.6281744110784,1292.1726064936236
705.9795112080233,1596.1926290999993,1290.8604222091622
705.663875858676,1596.6303806678548,1289.4551173797142
705.2338117942734,1596.9730098796472,1287.9195623729615
704.7196100151209,1597.2528488287335,1286.2345996344536
704.1582790607744,1597.4950501565706,1284.410870005864
703.5849585258195,1597.715427764018,1282.4843286088476
703.020026589938,1597.926298195157,1280.508003381426
702.4615074447806,1598.137590304695,1278.550879044606
701.8890951044333,1598.355773148079,1276.7008463999466
701.2756586106243,1598.5837051530666,1275.0591176797234
700.5964894972366,1598.8188369203467,1273.7219199206986
699.8331310237782,1599.0565351253524,1272.7606700790702
698.9740835806111,1599.2941874232843,1272.207521754668
698.0140576059823,1599.5281135997507,1272.0473587154374
696.9533757769498,1599.7529871682375,1272.225268677266
695.7994871338036,1599.9666160759025,1272.6709038315596
694.5672438469957,1600.170981284434,1273.3237124851942
693.2730253041601,1600.3683707338673,1274.1467466272154
691.9274273212375,1600.5561445081107,1275.1281538667463
690.5332389864217,1600.7239036259923,1276.2725393893113
689.0895017757427,1600.854161147691,1277.5876502635606
687.5977250125362,1600.9253575622683,1279.0737995749466
686.0634925990698,1600.9208687645,1280.7189440736656
684.4955313992647,1600.840300876126,1282.4967140712054
682.9106008196056,1600.7003869805255,1284.3672452188623
681.337848800247,1600.5241955069162,1286.2833615003135
679.8114760871354,1600.3296163300865,1288.200579731371
678.3612585905897,1600.1247012664812,1290.0922295846246
677.010974538114,1599.9039394814704,1291.9627888154216
675.7766333457096,1599.6400745090198,1293.8386472142392
674.6648708655206,1599.287390467039,1295.7395479401912
673.6783935141356,1598.8087297976042,1297.6551354398853
672.8227026260367,1598.202652588914,1299.5323051164673
672.1114321299597,1597.5036441278387,1301.2734310615936
671.5692732292994,1596.7641465566953,1302.7595512764417
671.2255241879084,1596.0370690236768,1303.8965565535948
671.0995911667317,1595.357809341063,1304.6544776920496
671.1870071913817,1594.7275234676413,1305.0785685568508
671.4546711042565,1594.1133432792126,1305.272925470525
671.8500393402059,1593.469452150316,1305.365492268911
672.3182810856471,1592.7631391319167,1305.4680719633752
672.8153279315071,1591.9878067029535,1305.6429376622173
673.31236234304,1591.1604673762663,1305.8868202016884
673.7949114007881,1590.3150478966936,1306.1417957630451
674.2586743499734,1589.4975600489436,1306.3235507168333
674.7056724066705,1588.7603916507783,1306.3475724896202
675.1434568295607,1588.1544926866957,1306.14559084507
675.5846278933393,1587.7214906868007,1305.674841276352
676.0455365829267,1587.488580194863,1304.925092830521
676.5423206539181,1587.468107498651,1303.921258871248
677.0808153547116,1587.660360173034,1302.715547991787
677.6475677562734,1588.0571476005284,1301.3758702415766
678.2124474608446,1588.6444531253067,1299.9801737049759
678.7423185486482,1589.4024333334992,1298.6139559492062
679.2160290954598,1590.3057840539577,1297.3672604408532
679.6285474052364,1591.3266521976477,1296.3287758974327
679.9832798808106,1592.4360130449409,1295.573669605915
680.2860069287916,1593.605387242836,1295.1493297315312
680.5482274387705,1594.8119830888966,1295.0624517297142
680.7935453971844,1596.0420882632898,1295.2716398635698
681.0579627100573,1597.2919640013897,1295.6975013700041
681.3810228446267,1598.5661544159977,1296.247701670304
681.7938107693601,1599.8705855478684,1296.8398191937229
682.3121558070418,1601.2084969963173,1297.4141185368671
682.9357568067668,1602.5828170947566,1297.9358543145463
683.6511531106897,1603.9944532968289,1298.3878967969408
684.436911053301,1605.4361566883085,1298.7591876590977
685.2665922859833,1606.8949530328514,1299.0361565901615
686.1148318886221,1608.3634188317892,1299.1993807409617
686.9701121598805,1609.8448970614854,1299.2241268885987
687.8350556705411,1611.347718397936,1299.0869287951098
688.7089168293464,1612.8774800492806,1298.7820668617674
689.5739512570617,1614.4318615991806,1298.3391564387289
690.3952455662027,1615.9942870086668,1297.822103662701
691.1305981783987,1617.5274455605393,1297.3040524112407
691.7466947511588,1618.978118592224,1296.8342954606364
692.230417435615,1620.3021788120618,1296.4149248876424
692.5868546751726,1621.4970452258628,1295.994309925047
692.8322464333139,1622.6129226485368,1295.480313370236
692.9914267155083,1623.7321775569812,1294.7748623428033
693.0953501578266,1624.9339051849395,1293.8195918704077
693.1717308153659,1626.2616214913523,1292.6309447549445
693.2313732578757,1627.705201076844,1291.3030563880695
693.2630264292914,1629.2067946721763,1289.9715421981896
693.2414136067654,1630.6826263056548,1288.756483775722
693.1385732652108,1632.0453959436677,1287.7142715457012
692.93712346198,1633.2289108595203,1286.8180777289651
692.6426036907569,1634.2087343783217,1285.9668256155398
692.2824187410604,1635.0038736628244,1285.0121202010896
691.8957957658523,1635.6623213898995,1283.7993026370764
691.5289823274189,1636.240899509504,1282.2161349285725
691.233332564809,1636.7835271346878,1280.226080695514
691.05457749026,1637.3049958226993,1277.8742640813398
691.0153938456956,1637.7960379978394,1275.2804869191655
691.1060963130461,1638.2432188635823,1272.6215984432781
691.2903950716757,1638.6378974377005,1270.0972652489695
691.5196182215363,1638.973301916979,1267.8930020848234
691.7446212849788,1639.242136124862,1266.1505230083562
691.918580048258,1639.4388219418088,1264.9473657857784
691.9958840854945,1639.5654212662546,1264.2927707890494
691.9421756801676,1639.6326280268977,1264.1422680638655
691.7532595647399,1639.6501288656907,1264.4232750310914
691.4575312539423,1639.6165513991314,1265.059119495664
691.0955807656367,1639.5212276351726,1265.9866335227764
690.7015046346205,1639.3500718467171,1267.1647595039033
690.2983330526108,1639.084567258385,1268.5698923353132
689.8957935218215,1638.7034391806246,1270.185333600496
689.4914320179505,1638.1949075330722,1271.9940956020387
689.0798216772866,1637.5695313943445,1273.9737389150207
688.6597239776607,1636.859480177286,1276.0910350588606
688.2393250524239,1636.101577007576,1278.3017089111534
687.8315603322723,1635.3224962098063,1280.5623254985835
687.436799871801,1634.5385907473253,1282.8501231149626
687.0405392316845,1633.7546026002842,1285.1742542417203
686.6246913621538,1632.9547409231288,1287.5655667627493
686.1723908310333,1632.1044893524638,1290.0459699554344
685.6725200626844,1631.1698595720927,1292.5939446772388
685.1314401529166,1630.1391444671533,1295.127003777923
684.5865625441428,1629.0336276197709,1297.5063634318396
684.1054397302265,1627.9066136478064,1299.5636634401744
683.7615770309036,1626.8322620647705,1301.1507665362928
683.6046181664412,1625.8795577585433,1302.195289893727
683.6398784365161,1625.0779146247805,1302.7336910482015
683.8229391064576,1624.399831785003,1302.9071254044125
684.0807059675408,1623.775330141896,1302.923184396326
684.3429648601684,1623.1273314761283,1302.996956609412
684.5532224261892,1622.4067308896792,1303.2889004741764
684.6703752733722,1621.608181886219,1303.8614748288735
684.681013259672,1620.7614864034356,1304.6703696716763
684.6019977678856,1619.9100809915217,1305.5858188596658
684.4629635345748,1619.0958053550928,1306.4332629136104
684.2923889918442,1618.3606790793485,1307.0430053915377
684.1166099636098,1617.7512831521622,1307.2907852598769
683.9623877434469,1617.308208920871,1307.116892788712
683.8545491697326,1617.0507132984178,1306.5229752094428
683.8064421754962,1616.9736469227728,1305.5543294396496
683.8143406283365,1617.0564400224357,1304.2812129125246
683.8590714142942,1617.2750230428287,1302.783118786513
683.9081983114138,1617.6086993501654,1301.1392092586498
683.9249299850715,1618.0409854357654,1299.4316773846683
683.8807805766048,1618.5579428551175,1297.7482113365757
683.7548553419625,1619.1436815037682,1296.1706111833819
683.5268819484728,1619.7776821808145,1294.7635284939336
683.1845383375113,1620.4434508216125,1293.5700456904356
682.736578148762,1621.1391206505516,1292.602699468532
682.2114384710187,1621.8741356245334,1291.833196965092
681.6465869276531,1622.6603454712088,1291.1976489153958
681.0797130510482,1623.5101316081889,1290.6186745361504
680.5407930087455,1624.4357537117419,1290.0280284775201
680.0511411967373,1625.4441484329948,1289.3783420245948
679.6285536053308,1626.5333420878214,1288.645893233716
679.2846596707374,1627.6966843697417,1287.8308656451536
679.0194606627708,1628.9285256194216,1286.9561814953363
678.8237304798508,1630.2222407453526,1286.057665720297
678.6875386311312,1631.5662084430003,1285.169124681461
678.6071143022509,1632.9446315659816,1284.3164450659358
678.5802708604177,1634.3391560621715,1283.5173048498398
678.6001079614709,1635.7286551647028,1282.7787876874695
678.6595026406244,1637.0929006210054,1282.101802839449
678.7538749175262,1638.4210939264567,1281.4936620949532
678.8772919012148,1639.7116170510083,1280.9729213429516
679.0215135650411,1640.9574096130837,1280.560389456112
679.1769884075121,1642.1352610627146,1280.2658845827366
679.334168839356,1643.2137048994377,1280.0765202999023
679.4865026720499,1644.172428051438,1279.951250353296
679.6332057324489,1645.0205254720565,1279.8296002138325
679.7835021769667,1645.7998446870363,1279.64594601594
679.957382314685,1646.5670569981585,1279.3402732389225
680.1725612063731,1647.3709497543764,1278.8752479029945
680.4277255129105,1648.2369393290774,1278.2553122492025
680.7013589701014,1649.1559594589987,1277.5315839454677
680.9628322266927,1650.0846847938237,1276.7895729471759
681.1824967605723,1650.9605796412627,1276.1184887082634
681.3392032092078,1651.7215675686627,1275.5745331689354
681.4257540178908,1652.3219324881866,1275.164035744792
681.450591547569,1652.7380061743477,1274.8460409973054
681.4334295301356,1652.9632049516613,1274.5396789118015
681.3977647436598,1653.0015359688425,1274.1373224882207
681.3732338320253,1652.8687219525782,1273.5300226975733
681.4024108246874,1652.5990962037133,1272.6428357759155
681.5310545532487,1652.242265602409,1271.459736570098
681.790668860418,1651.84708572002,1270.0206036615725
682.1920026883103,1651.4506816444725,1268.4030568762419
682.7247242395338,1651.0757491865568,1266.7083539449854
683.3609097893498,1650.7292601903923,1265.0537796774718
684.0615059603665,1650.4060013442315,1263.5646851561005
684.7785879198133,1650.1000917713677,1262.362433910117
685.4586929056862,1649.8150509972586,1261.5473361484478
686.0519226803581,1649.560178916039,1261.1738897954287
686.5203330258717,1649.3392039559612,1261.2308391333477
686.8448083538761,1649.147631409936,1261.648660566997
687.0325090335706,1648.9807722540556,1262.331187530783
687.1173313036375,1648.836585061571,1263.182510325941
687.1496131670693,1648.7068914578567,1264.1202264777774
687.1805709357634,1648.5734386173579,1265.0917742758363
687.2475974002417,1648.4132020976378,1266.0895088434993
687.3683578969014,1648.2024816270036,1267.1481591848305
687.5420397759275,1647.9221030925278,1268.3288237512993
687.7540049215877,1647.5607799530774,1269.6938057496548
687.9873691171091,1647.1117153006378,1271.2752487826508
688.233359487542,1646.5768969320325,1273.055980566453
688.4958072036569,1645.977227719058,1274.9768188932646
688.7950442029546,1645.34857065188,1276.9655072519167
689.1641716422978,1644.726312629354,1278.9693179330113
689.632859512594,1644.129224739049,1280.9743892856604
690.209943439236,1643.5475457734656,1283.007619751368
690.8797936255238,1642.9466178874052,1285.1208604813444
691.6151709913888,1642.2860581616262,1287.3600386210624
692.3913914048104,1641.5362781878096,1289.7309721205588
693.193690500618,1640.6883032606004,1292.178220169363
694.0263944091118,1639.7605581394796,1294.5887654046073
694.9176669749751,1638.7919136102057,1296.819685871714
695.9046900971733,1637.8268918442222,1298.74420762623
697.0095056949486,1636.9055868112334,1300.3002592274984
698.2260804675636,1636.0461353223366,1301.5099048252553
699.5217294761488,1635.22739315746,1302.4589708383246
700.8476580075453,1634.40221605762,1303.2592958383354
702.1562294337959,1633.5308019132722,1304.0120585244838
703.4148771034438,1632.5969007035274,1304.7728538065376
704.604179940721,1631.6061196980374,1305.5274808641223
705.7096025943214,1630.586960847295,1306.2020859314596
706.724255708826,1629.5871335389963,1306.7015127212896
707.6535804231319,1628.6544781365756,1306.9355498096986
708.5077046283933,1627.8228281965944,1306.8236846562831
709.2954482038083,1627.1176457978067,1306.3019774230338
710.0290256006108,1626.5657286068395,1305.333654753268
710.7225560540348,1626.190231534012,1303.9093048396223
711.3804426680781,1625.998601838665,1302.0430992171814
711.9926711275264,1625.9840687833964,1299.7765564060096
712.5433667862504,1626.1362845628526,1297.1832908986382
713.0157890306583,1626.445837565255,1294.3683108069515
713.3823427571403,1626.901511271844,1291.4596631430873
713.5999405851596,1627.4832056957798,1288.5921923027036
713.6256751093887,1628.1632223209087,1285.896597419749
713.4328885584548,1628.9208155212573,1283.4928346969048
713.013046885565,1629.747067644781,1281.4680515586879
712.3739322858102,1630.6343347276647,1279.8480001122325
711.541891032486,1631.572420562253,1278.592955885813
710.5633505790659,1632.5557562590043,1277.6246866180425
709.4979252126749,1633.5858717540964,1276.8578566547658
708.4065363759748,1634.6624835025477,1276.2119318416183
707.3450731531444,1635.7759704826753,1275.6166330192511
706.3587795549023,1636.9135639631202,1275.0242855218282
705.4770339199857,1638.0669064753936,1274.4118127760514
704.7170240620316,1639.2294047957544,1273.7701954018257
704.08220530715,1640.3920545327423,1273.0975168448763
703.5550605183647,1641.544513522981,1272.3983053889008
703.1059777389316,1642.6801681160277,1271.6880047842399
702.7069924084724,1643.7972362132018,1270.9977151147827
702.3323343167027,1644.8908837573229,1270.3749878418084
701.9555501915855,1645.9441840366358,1269.8833141018877
701.5482332281701,1646.9244760510592,1269.5888373652447
701.0802942003315,1647.7879591730425,1269.525822788498
700.5307522290952,1648.4975382917594,1269.664421176293
699.9018144031052,1649.050139723541,1269.9084303724574
699.2168898001438,1649.491297345427,1270.1276590463956
698.5084766176794,1649.8955216144745,1270.2100037685664
697.8116957088884,1650.325496178154,1270.1060953173214
697.1571269962085,1650.8034444759903,1269.841037123466
696.5623303514391,1651.3062967907788,1269.491099877639
696.0348713990968,1651.7791568111152,1269.1471331752084
695.5749395928116,1652.1582483512739,1268.8777992850164
695.1700316934965,1652.3923906187158,1268.6990059816706
694.808622797576,1652.460125686296,1268.5696878621834
694.5070216890078,1652.3793595635598,1268.4156102219363
694.3043087310834,1652.198589010071,1268.1536235094504
694.2317614905784,1651.972378484937,1267.707014407172
694.3018840321881,1651.7433706785503,1267.0289705026603
694.5159065499827,1651.5384423120106,1266.1272444949927
694.8637441518295,1651.366519587972,1265.0653779763243
695.319581130953,1651.2201551083765,1263.9475347712973
695.8441536871055,1651.0858510812118,1262.8991105647399
696.3904054244138,1650.9508653333605,1262.03679596759
696.9096956368757,1650.805125912673,1261.4406856421292
697.3584115221834,1650.6482941416182,1261.1515922162876
697.7012334773444,1650.4935562555727,1261.1835281742274
697.9127162028069,1650.356110068696,1261.5245031002062
697.9817517178105,1650.2390825428668,1262.1323808462973
697.9156146440196,1650.1326649295574,1262.9474155851537
697.7363342039993,1650.0197490406908,1263.911033049655
697.4701932260012,1649.8787490505733,1264.9752246592243
697.1427196682619,1649.6868066446268,1266.109034853098
696.7789098770629,1649.422873117435,1267.301676210781
696.3997593491322,1649.0688431962185,1268.5581658187912
696.0228864397288,1648.615790305314,1269.8945115696956
695.6657296457556,1648.069434887892,1271.3245911192355
695.3405417674251,1647.4440489044869,1272.8382311936443
695.0510850028389,1646.7568448267384,1274.3994236301144
694.7992862762242,1646.0333306080165,1275.9718976359823
694.5903373934756,1645.3103537279621,1277.544580381853
694.4316167650064,1644.6217438624337,1279.1362889931565
694.3311990964978,1643.9768883469205,1280.7845997571685
694.2887644335949,1643.3555986892927,1282.5309165300816
694.282049843835,1642.7226744087272,1284.4046216868012
694.2761238964855,1642.0511621380574,1286.407158582484
694.2537536461161,1641.341412535895,1288.4957657551888
694.2307274744308,1640.62125987204,1290.5763272995393
694.2456701519613,1639.9302984121941,1292.53001241425
694.3393960214084,1639.3017102498818,1294.2662761314077
694.5313258277395,1638.7471574660037,1295.758835872928
694.8066943379396,1638.2552645757225,1297.0496305134764
695.1256423064176,1637.8024353694882,1298.2325864057782
695.4380030528067,1637.3595785332213,1299.4191239646132
695.6940749661917,1636.8986162977928,1300.6936861014372
695.8579696166453,1636.4042278019679,1302.0798021891446
695.9156801201657,1635.8782156054904,1303.5287030448321
695.8722423750133,1635.3378302913823,1304.9353770784999
695.7465671835772,1634.8169739736513,1306.1741027693042
695.5656727071173,1634.3589917655584,1307.125862147874
695.3568184354519,1634.0003882263768,1307.6895048862775
695.1433528200621,1633.7656768562438,1307.7980033038907
694.9439075536641,1633.6711991976645,1307.4387580977657
694.7684140626042,1633.7219076448505,1306.6539212955918
694.6188185489032,1633.9040555849483,1305.51840999874
694.4945007573988,1634.1852284386753,1304.112972558643
694.3878888756875,1634.5280131655832,1302.5092047404792
694.2812861534479,1634.9090890988687,1300.772513162222
694.1561002349132,1635.324636025624,1298.9712987576952
694.0000498396333,1635.7804691624194,1297.1780859897115
693.8076453676177,1636.2818623252083,1295.4613171956692
693.5750516461903,1636.8309200356614,1293.8784234676345
693.2893996183776,1637.4289879634425,1292.4785662553727
692.9311764582473,1638.078482797832,1291.3065582297552
692.4936374136005,1638.7814639233543,1290.3950195317623
691.992879236185,1639.5366291593846,1289.7489136981383
691.4578280921781,1640.3376327511774,1289.3388031899804
690.9161021887107,1641.1754295372518,1289.1111171096818
690.3903016658212,1642.0451081466217,1289.0082394461078
689.899911253026,1642.9489159161617,1288.9828767435204
689.4597813093635,1643.8898926625634,1288.9997686534666
689.0797753292801,1644.8670545760287,1289.0325393988176
688.7661152993546,1645.8781886311767,1289.0612529837772
688.5193412787195,1646.9211561135796,1289.0691621630997
688.3366743751312,1647.990958826707,1289.0410538359017
688.2186367886226,1649.0813693263583,1288.9687910370144
688.162571983967,1650.1915261945558,1288.8611862661528
688.1496846605246,1651.3247026048134,1288.7496790417485
688.1464488522738,1652.4763361305456,1288.6874946307798
688.1151621921481,1653.622722088524,1288.7401631621813
688.0251543814153,1654.7210340824722,1288.9649514278997
687.8606112858665,1655.7246637694902,1289.3827208045757
687.6146320310147,1656.6066568228166,1289.9543312840933
687.2811884496624,1657.377661034962,1290.5843113492824
686.8632814751362,1658.0878981137796,1291.1571149746765
686.3838612622275,1658.8051836656027,1291.5772126676113
685.8790823263314,1659.5801943436927,1291.7897004996496
685.3772337768962,1660.4284657217001,1291.7838383394035
684.8873820233782,1661.333693871789,1291.5855108850574
684.4096642498051,1662.259197057454,1291.2441961109287
683.9432439937741,1663.160450309133,1290.8156522830282
683.4802846185764,1663.9912099578207,1290.3350655774211
683.0121667489204,1664.71016949229,1289.7939947349141
682.5450352638846,1665.2941777999552,1289.140135233887
682.0947780420116,1665.7414044175864,1288.2947729402663
681.6776039912181,1666.0632423570603,1287.179156757385
681.3146009117517,1666.2839398713008,1285.7455730829993
681.0274268213391,1666.440212043959,1283.9974692924322
680.8266430220633,1666.5650403189647,1281.989269747101
680.7144660964033,1666.6714837046834,1279.812715031011
680.6893430043282,1666.7550104781042,1277.5804494861318
680.7362461410604,1666.8092354745863,1275.418564747262
680.819157893008,1666.8351826843323,1273.4652929897468
680.8901753359619,1666.8352802379727,1271.85660254805
680.9051403366797,1666.807186532567,1270.6990133496058
680.8333734973844,1666.7483870357407,1270.0541370696242
680.6557149417004,1666.6649927566593,1269.9381850200366
680.3558820351383,1666.572570269411,1270.3185607921032
679.920253492564,1666.4848988399478,1271.1138619982405
679.3484154168706,1666.407060792746,1272.214335650957
678.6594934839385,1666.3399271802673,1273.5122833230653
677.885263721962,1666.2794976695268,1274.921721560344
677.0598249101284,1666.2140506363612,1276.3881578487658
676.2121337013219,1666.1292085801838,1277.8927005073358
675.3574532201307,1666.009938017737,1279.4425552314365
674.4948899664826,1665.8406787271304,1281.0570770385452
673.6143787549479,1665.6120465444578,1282.761083316152
672.7034439185438,1665.3260262924712,1284.5759472645557
671.7518463107916,1664.9944780688172,1286.5069360037942
670.7567073643041,1664.6327640530374,1288.535479365993
669.7290074323736,1664.251931409864,1290.621135219678
668.6962602276529,1663.8560968233598,1292.714182640008
667.6912132522566,1663.4459879599556,1294.7734770003824
666.7340784479507,1663.021055334517,1296.7813046095591
665.8258162380148,1662.5759280242094,1298.7451631509705
664.9568486444861,1662.1013651135147,1300.6818240995876
664.1223184712672,1661.5942480447995,1302.5909673745111
663.3318152179825,1661.063441856713,1304.4325072245897
662.6111613808918,1660.5275978024195,1306.12313371067
661.9980536387786,1660.0101353214131,1307.5575800710537
661.529465290315,1659.5312733037706,1308.6465187841927
661.2257744241876,1659.0994876138536,1309.355190494091
661.0823956700225,1658.7040078852033,1309.7236622081948
661.0733311944717,1658.3098357826484,1309.8570488460728
661.1624319348408,1657.8652019811632,1309.8893678203278
661.3125958769704,1657.322634929019,1309.936278739166
661.4906799917057,1656.656118212353,1310.054802350845
661.6755066776601,1655.8646756950748,1310.2281516624535
661.8655266208214,1654.9697050377258,1310.3842351763656
662.0757830579051,1654.007307367836,1310.4307993398925
662.3290386939203,1653.0156476121258,1310.2862713118423
662.6485210507609,1652.0279150532604,1309.904690491875
663.0505710882703,1651.0724245158597,1309.2898163517957
663.5411764415376,1650.1722194977938,1308.4882828082762
664.1173897734094,1649.3447804857121,1307.5702825647113
664.7668183095577,1648.6051691165887,1306.6147923425135
665.4667864867465,1647.9707581151695,1305.7008052204312
666.1882880066015,1647.4604827403084,1304.8945737376566
666.9015186639808,1647.0888418447619,1304.2367107557013
667.5780336212291,1646.8698211073697,1303.7440538511505
668.1933553692178,1646.8268785971957,1303.418622736361
668.7313612338656,1646.9875823466243,1303.244425076693
669.1824214472385,1647.3688036687695,1303.1799535854648
669.5381305980309,1647.972829167881,1303.1638154434665
669.7973782927969,1648.7964593986812,1303.1318366581681
669.9804832860283,1649.8377861932015,1303.0356904786609
670.1268500763034,1651.0900945263827,1302.8570737716732
670.2721732417413,1652.5338250557127,1302.6127768923002
670.4332500266221,1654.136724081412,1302.3448546020318
670.611494261803,1655.857364614017,1302.0985648828582
670.7986857698738,1657.6505482617752,1301.9024627572182
670.9834540875208,1659.475397556601,1301.7625937757564
671.1634746972771,1661.3008719557565,1301.6657592828233
671.3501412242316,1663.105834175904,1301.5784888144638
671.5647720800465,1664.8739760930655,1301.4473870583777
671.8378466131066,1666.5901315958063,1301.214601764621
672.2043431620376,1668.2480534115284,1300.8421246678763
672.6925004644003,1669.8556706955299,1300.326857235123
673.3184824586936,1671.4169695050916,1299.6963108707625
674.0863065438913,1672.9083841400097,1298.995616215242
674.9827941914422,1674.2801370571283,1298.2790863029013
675.9707695306305,1675.4830065724873,1297.5965631345603
676.9977513447581,1676.49986367028,1296.9684534153396
678.0182789093408,1677.3584470323065,1296.3677863357498
679.0025145525501,1678.1179585627592,1295.7284304507518
679.9292364024682,1678.8442608342416,1294.9805629341638
680.7822071619256,1679.5886806084045,1294.0931620052756
681.5471977593768,1680.374015170477,1293.095006393813
682.2048036825253,1681.1894621998404,1292.0615261736673
682.7244846582566,1681.9987933615325,1291.079838408491
683.0659782806686,1682.7524499936385,1290.2144854271912
683.1965878896956,1683.3914127376906,1289.485622131551
683.1111095168405,1683.8567846367982,1288.8634626402784
682.8305069691936,1684.1144661806673,1288.279809017704
682.3882267154366,1684.17074012258,1287.646012958002
681.8241510857918,1684.0623462124818,1286.8721139204356
681.184252110899,1683.8389040346317,1285.891210781641
680.5169068673823,1683.5514878626218,1284.6804806544794
679.8643556931403,1683.2428690863708,1283.2706766673848
679.2505152117723,1682.9406760975298,1281.7430434438036
678.6710409100142,1682.657905654693,1280.2130185240753
678.0935298078887,1682.3986642838343,1278.8106202716426
677.4692334764377,1682.1619576873152,1277.6621133402202
676.7527896025738,1681.945698590087,1276.869932354742
675.9138620666959,1681.7570588776396,1276.4990624551542
674.9308040156338,1681.6119874527249,1276.56966704428
673.7909777051007,1681.516690924299,1277.0524276717956
672.5071785578234,1681.4597716224805,1277.8831909122932
671.1166153160325,1681.425182981527,1278.9943828700668
669.6550730952229,1681.4014677026228,1280.3338244966549
668.1439143889183,1681.3803796808927,1281.8657497676595
666.6039735010398,1681.3570370610842,1283.5653892312532
665.065402592282,1681.3263733096728,1285.409936880716
663.556041378149,1681.2738463251985,1287.3720028713426
662.0870737393035,1681.177573399311,1289.4222407616442
660.6509511661676,1681.021322304019,1291.536178964377
659.2300094222447,1680.7980172378982,1293.695036578133
657.808325249982,1680.5043405980607,1295.882326972132
656.3793316955689,1680.1402506562663,1298.0825094665374
654.9495002394686,1679.7086478941576,1300.2769837383644
653.5380750789143,1679.212059571682,1302.4382568739466
652.1730660129027,1678.657212214113,1304.530934102086
650.8897944887054,1678.063943649064,1306.513882561906
649.7297675660236,1677.4650025191418,1308.3347157130725
648.7421742456482,1676.8964668550288,1309.929543340275
647.9884692975513,1676.3848267269943,1311.2400075557687
647.5225512294512,1675.9358302036349,1312.237150792413
647.3520633968996,1675.5304779972232,1312.9404415081258
647.4317921031983,1675.1321269253722,1313.421617196404
647.6942586386466,1674.7017053055213,1313.7838870431874
648.0747756703757,1674.20915984369,1314.1268452226495
648.5155799719274,1673.6369348501757,1314.5179178429735
648.9694009147661,1672.9814582405934,1314.979570812457
649.4075413864833,1672.2526780997623,1315.4877750685712
649.8192757148255,1671.4696047804036,1315.9780943437268
650.2081836807789,1670.6571774628787,1316.3648703369772
650.5938881635569,1669.8465812238258,1316.5693771628378
651.0074111105847,1669.0705384085393,1316.5353967923197
651.475770771043,1668.351612136501,1316.2249124261434
652.0095895450098,1667.698627709412,1315.6152976229669
652.6038471897564,1667.1208208249816,1314.7108338218209
653.2485976198353,1666.641198281292,1313.5464180527906
653.9337632139046,1666.2933573076905,1312.167963625605
654.6398645472882,1666.1154505676345,1310.6156448136348
655.3328116768166,1666.1433785226511,1308.925248597961
655.9746591239244,1666.3926618783676,1307.13129671864
656.5349075871378,1666.8473629066557,1305.2719935028701
656.994133090448,1667.4742946950516,1303.401316501896
657.3433227612733,1668.2429698196577,1301.5933191488336
657.5782808973705,1669.1268545411413,1299.9299220854994
657.6967703791449,1670.0957469303937,1298.4823991049034
657.7040594834901,1671.118845171722,1297.295377544009
657.6208131401863,1672.1756392508807,1296.3777039015326
657.481836602719,1673.263000734696,1295.706012805661
657.3225919135134,1674.388056036948,1295.234737926006
657.1709556260286,1675.5528231985072,1294.9061658921098
657.04979829477,1676.75375827974,1294.6668468430898
656.9787613357846,1677.992332842204,1294.4842745029944
656.9749537532153,1679.2765379125815,1294.350619649749
657.052251501441,1680.613072260899,1294.275439667234
657.2155103077665,1681.999021786116,1294.2746956869585
657.4594856385137,1683.4217040309582,1294.360955945817
657.776894908723,1684.8650754054272,1294.5352131351674
658.1623026002304,1686.3129926233828,1294.7793909533543
658.6122386760485,1687.7528722042687,1295.057253628088
659.1289143490426,1689.1857052232822,1295.3288744581089
659.7169959634991,1690.6307310247544,1295.5682067303837
660.370872909691,1692.1107160014644,1295.7735312164466
661.0655068587216,1693.6268923183404,1295.9702228595395
661.7595609862406,1695.1486232143643,1296.2015918684021
662.4090047887237,1696.6293531378728,1296.5061976335176
662.9802284013795,1698.0354764058523,1296.891243605091
663.4579833397291,1699.3666783340263,1297.3143573563134
663.850662432269,1700.6607064106795,1297.6904154097422
664.1861671343968,1701.983282212329,1297.9258865633985
664.4935140766145,1703.3982272861886,1297.9539323034076
664.7845721418778,1704.9326920348121,1297.754471239482
665.0520346140091,1706.567222303568,1297.3612941667
665.2741364686298,1708.2455077876107,1296.8472881067266
665.4157586903959,1709.8855089950302,1296.2908122689669
665.4389705587272,1711.3967639138182,1295.7428024487554
665.3225661264906,1712.7038793496545,1295.2064323063296
665.0741047907627,1713.7647930352537,1294.6363645374329
664.7273149782484,1714.5748094970345,1293.9526343697976
664.3288452820092,1715.1571039925589,1293.0606845587272
663.9332907765298,1715.5515893248762,1291.8819972402591
663.6051573077948,1715.8059454118852,1290.3875249730208
663.4041535331966,1715.9668000355953,1288.6106112777547
663.3644058596279,1716.071896498314,1286.6329394029603
663.4862564823185,1716.142955513083,1284.5619865027602
663.7342543529227,1716.1853916824052,1282.5205641426662
664.044407587109,1716.1983569817578,1280.6461299810528
664.3435121208591,1716.1850015167697,1279.0813330291676
664.5640922392215,1716.1529651529138,1277.9479574927848
664.6488244240073,1716.1111016256407,1277.317521037886
664.555397777472,1716.0712634175302,1277.1967816531496
664.2651771549703,1716.0471399487574,1277.5327167413539
663.785165247159,1716.0473283252138,1278.2314224122954
663.1410410650989,1716.0731109784774,1279.1839447871998
662.3734040987476,1716.1175328715763,1280.2914965317002
661.5357341079606,1716.1607595874418,1281.4818381334478
660.6787172011691,1716.175060565476,1282.7143117151709
659.8337386377714,1716.1369649869762,1283.978341047478
659.0177927693082,1716.0313054437909,1285.290147130239
658.2397265542004,1715.852663010457,1286.6835114126445
657.4951579837252,1715.6066974489288,1288.1890307193303
656.7726116810638,1715.3056518239846,1289.8180148445183
656.0698632522838,1714.9608373647266,1291.5649534867748
655.3980294043238,1714.5774206449216,1293.4176545269559
654.7713812464004,1714.1545714949036,1295.3668537735775
654.2037146186667,1713.685763126483,1297.410470772477
653.7147825446505,1713.1549632428007,1299.5405596546325
653.3250584861707,1712.5397455191678,1301.7164175964333
653.0437749824467,1711.8311433907334,1303.8534218604486
652.8764769284162,1711.05360492133,1305.842090795002
652.8441437240452,1710.2628570450945,1307.5781039528454
652.9799153431665,1709.5246204616012,1308.9918849572664
653.3026221099001,1708.8864746329427,1310.0765817401234
653.7979682490591,1708.3549555893965,1310.8989524602982
654.4190514709292,1707.8930266874245,1311.5799013738067
655.0994416798835,1707.4407355306314,1312.24968825221
655.7753837857427,1706.9444434060024,1312.9953914702546
656.4099301623132,1706.3768458973916,1313.8262577927724
657.001763226481,1705.7417052011856,1314.6727278205105
657.5729603847457,1705.0676058686197,1315.4100930969234
658.152664138188,1704.3975641146444,1315.893570242536
658.7728352330038,1703.7820124880616,1315.9950537077016
659.4707972786094,1703.272937793738,1315.6234001859189
660.280369723044,1702.9140651291104,1314.7258922407696
661.2207838421161,1702.7335597491178,1313.290265260571
662.3021993173584,1702.74115900013,1311.3467839067039
663.5280361828725,1702.9268603545866,1308.9582235982957
664.8836868300947,1703.2677764929845,1306.2084533586353
666.3345215457695,1703.7435043113323,1303.2040957668319
667.8379537552667,1704.3405671334272,1300.0827901169682
669.3481194040355,1705.0380173940084,1297.0119704581032
670.8030473499017,1705.8023107829254,1294.1770141238712
672.1211356674328,1706.606877182489,1291.7674947028215
673.2260880178005,1707.4451740255056,1289.9525027035074
674.0713743861774,1708.319826621695,1288.841979138451
674.648125143747,1709.2334177144753,1288.4600736816824
674.9891785923479,1710.1908054865519,1288.7415722638389
675.1621831500565,1711.1985667123122,1289.5465773392368
675.2497137213759,1712.2647642821648,1290.6989789290135
675.3316861593536,1713.4046659358025,1292.0318132583
675.4749921548567,1714.637017201896,1293.407406515826
675.7264665487291,1715.9691573560617,1294.717279740658
676.1036142675324,1717.391920190905,1295.8839433180835
676.5940742609877,1718.8871906844488,1296.8648546672848
677.1719635450156,1720.4355151495765,1297.6531436569544
677.8067704100969,1722.0171557487884,1298.2695576762126
678.4613489849708,1723.6067874994076,1298.7421652026928
679.1046796161612,1725.1725334737303,1299.0891415146398
679.7238161764226,1726.684933198141,1299.3155864289101
680.3110817028761,1728.1240932176192,1299.418162336268
680.8554852577447,1729.4768884150592,1299.391707762628
681.3572667099821,1730.7319216483997,1299.2325262351612
681.8372550725486,1731.882675215432,1298.9371579116803
682.3234601877692,1732.9381199096733,1298.5016834204528
682.8317155863791,1733.9316756885858,1297.9244817897602
683.3605575124894,1734.9179626078899,1297.215723021372
683.8983590096008,1735.9487694944082,1296.4134547158824
684.4253104033552,1737.0395131336224,1295.5921258283538
684.9049695509934,1738.1546305006934,1294.8509634672773
685.2812418903842,1739.2211448872145,1294.2875862899364
685.4918987617502,1740.157723901354,1293.9633552635908
685.4906747045602,1740.9011932955077,1293.8646650686185
685.2656697642175,1741.4149806229666,1293.8819947389109
684.8422097689141,1741.6917157776415,1293.8315093628748
684.2692049020927,1741.7698277169522,1293.5109765618752
683.609403889608,1741.740147432987,1292.7549717730433
682.9392889800306,1741.7124335733745,1291.46396022082
682.3377281677822,1741.7655921746655,1289.6094842338148
681.8602010013276,1741.9261857189374,1287.2346166539742
681.518782786846,1742.1847487004125,1284.4561577850525
681.2839137273103,1742.5211032218845,1281.4540402975813
681.1014590749303,1742.9152224232546,1278.444080066439
680.9005145039554,1743.3527809549685,1275.6462580856323
680.5957139024717,1743.8288284043601,1273.2496189868166
680.1042191255266,1744.3442219498254,1271.37959476183
679.3636223208478,1744.903791072572,1270.0838091831574
678.3381716192861,1745.5142826028364,1269.336378324254
677.0224400237279,1746.179505274243,1269.0591610790036
675.4421700471614,1746.8946415495086,1269.1548245960794
673.6490161097166,1747.634880207767,1269.5283554742339
671.7144562760411,1748.3548953499053,1270.0901292884298
669.720950861451,1749.005363483541,1270.7591980525033
667.7446375477916,1749.5445437287904,1271.4747366307586
665.8408677209939,1749.9434320450018,1272.2045728456571
664.0405995963229,1750.190390573421,1272.9383314824595
662.3513027824077,1750.2926402616602,1273.6706934008537
660.7642683164502,1750.2772617293701,1274.3958576342748
659.263476583298,1750.1872765462545,1275.11099342178
657.8289444351027,1750.0644976877238,1275.8116973959984
656.4470458971132,1749.9287857772827,1276.4915331519712
655.1225878998109,1749.775118059583,1277.1597135659372
653.8694256697556,1749.586957655565,1277.851209843061
652.6915650573992,1749.3481741401622,1278.6003427279993
651.5854701595063,1749.0528495756826,1279.3972203961712
650.5584652798553,1748.715660730653,1280.170164940034
649.633833206188,1748.3747485401223,1280.8120385279556
648.838238601846,1748.078426530387,1281.2352791027795
648.1875889730042,1747.859418944506,1281.4232720598025
647.6730826744367,1747.7165796114225,1281.4499822720281
647.2500418564813,1747.6161407634547,1281.4571833937323
646.8469151180042,1747.5061551550039,1281.600196738686
646.3965239303063,1747.3339158716176,1281.9888673732446
645.8665544521941,1747.061636509889,1282.648339324584
645.2647803519915,1746.680031048694,1283.5098943177552
644.6217761641095,1746.2100698408933,1284.4297299494883
643.9785362632401,1745.6897739977717,1285.2318283097475
643.3844650143309,1745.1613779291554,1285.7632359698732
642.8850098603117,1744.6620940158684,1285.932823590818
642.503618458597,1744.2153270872982,1285.7175311443955
642.2404345085715,1743.83132646383,1285.150671959302
642.0829061693059,1743.517272996366,1284.3041290690394
642.013129921696,1743.280703110765,1283.260662998047
642.0104516107039,1743.1245661426647,1282.0873426013297
642.0512913023432,1743.051077866506,1280.8328164455327
642.1102380991322,1743.0719047364041,1279.5404196987856
642.1650047720688,1743.2029814379966,1278.253413185361
642.1968747405937,1743.4471996007157,1277.0141896584826
642.1832975982124,1743.7904025532775,1275.8668770491286
642.0961409494129,1744.2121266365104,1274.860188604026
641.9130830637698,1744.6923897150214,1274.042294094747
641.6303686157058,1745.2127714095866,1273.4473764848592
641.2649732106458,1745.7620624778572,1273.0866962118255
640.8485237524253,1746.3416858801063,1272.945784496552
640.4177924633715,1746.9590958371223,1272.9812043648203
640.0047290589265,1747.6181929759134,1273.1282774757187
639.6341554494975,1748.320295474509,1273.3211117733636
639.3293219043874,1749.06923657907,1273.5067862482933
639.11131991949,1749.8707758238097,1273.6475022382274
638.9876020288364,1750.7285899407525,1273.7182238894761
638.9481222692241,1751.6438260571854,1273.7084629861545
638.9803236472563,1752.6162508495918,1273.6227509555479
639.0834826057929,1753.641451760537,1273.4738116641074
639.2625026435311,1754.7122606410403,1273.2829412697802
639.5112420962196,1755.830088608247,1273.090204639155
639.8087198660648,1757.0038560238504,1272.95139470842
640.1274126554072,1758.2248107624218,1272.9195575197255
640.4370934342444,1759.450458745488,1273.0364776603783
640.7077570017018,1760.6177546678773,1273.325395526672
640.9225598358483,1761.6713764359497,1273.7613382524012
641.0963513809171,1762.5990583546857,1274.2489227278788
641.2806132813232,1763.4538001553199,1274.6409850259433
641.537478563513,1764.3367588263072,1274.7936267418274
641.9030676399367,1765.352162568065,1274.6377119874794
642.371903414072,1766.563350357662,1274.2225880587036
642.8998950283174,1767.970634524455,1273.7005722470592
643.4195106029866,1769.5137297456106,1273.2700952457599
643.8659620047421,1771.090908330052,1273.1081377816568
644.1993846064772,1772.5939994686664,1273.3145494496707
644.4102478014219,1773.9451736453154,1273.8836427637793
644.5100591290335,1775.1151175071095,1274.7083578925558
644.52636097311,1776.1167918710705,1275.6134465474133
644.509591551217,1776.9808791442424,1276.4023773489314
644.5275948409329,1777.7374898293044,1276.8994547513093
644.6403066557388,1778.414799075732,1276.984677914069
644.8813617816712,1779.0378144965737,1276.6203653305045
645.2585409936917,1779.6240389454074,1275.8527645043441
645.7591571020923,1780.1820330364233,1274.786287423156
646.3537597584418,1780.709888115273,1273.546585575175
647.002829794366,1781.1993952118078,1272.2495322423586
647.6666079905831,1781.6504570373986,1270.9918273418855
648.3085112874642,1782.0751258109356,1269.853051700948
648.8873491153585,1782.4851056572982,1268.8920296995686
649.3552318335364,1782.8851956379697,1268.1448293976687
649.6728505501072,1783.272289056672,1267.6257970614713
649.827591230797,1783.6318189403225,1267.3270826962562
649.83791514982,1783.9443453936485,1267.2236727023205
649.742914607965,1784.198642482481,1267.2822470560313
649.5882565759414,1784.3915854666407,1267.4634376556646
649.4160443952534,1784.5190992622167,1267.72134089776
649.2555750934522,1784.5772290412363,1268.0128480975898
649.1159403441845,1784.569601349923,1268.3128979983148
648.9845755487377,1784.5049886630331,1268.6215515520144
648.8336337280065,1784.3905132998973,1268.9610699082652
648.6363560284291,1784.2310035292799,1269.364824282942
648.3804222157705,1784.0280754861565,1269.8580775858259
648.0619969448536,1783.7819951750641,1270.4473234711693
647.6753348787909,1783.5027001707085,1271.1301154839462
647.218007903455,1783.212829090498,1271.905534994834
646.7018723265016,1782.9354552970606,1272.774586529575
646.1509135858528,1782.6840727855122,1273.74305271811
645.5864290150356,1782.4599579119556,1274.8221430541516
645.0184867640261,1782.2481216571214,1276.0178392093505
644.4522235563434,1782.0178260073703,1277.3168334639388
643.895314314392,1781.7380188761463,1278.6730912765051
643.3594400110925,1781.3981841200734,1280.0018042295621
642.8656804616928,1781.0189599411149,1281.1917686739373
642.4512533166484,1780.6461325193995,1282.1306828610052
642.1589671043009,1780.326815514657,1282.736514832161
642.0127974651327,1780.0803437574332,1282.991431519279
642.0058243167917,1779.8881709551724,1282.9598916056182
642.1072140833203,1779.709371642079,1282.7743884791496
642.2717433593933,1779.5032954258065,1282.592595367792
642.4495633936224,1779.2377296158345,1282.5391059540243
642.600947254416,1778.884870608825,1282.6548867330487
642.7057970789532,1778.42887448927,1282.8868312062311
642.7637921215065,1777.8840251053991,1283.1258259777553
642.7908321672206,1777.2933374487297,1283.2590844875226
642.8144329581767,1776.703729781028,1283.2026176093186
642.8686712805421,1776.1449574822589,1282.915639313896
642.983625940877,1775.6273308751488,1282.405280477535
643.1691234025275,1775.1533642726527,1281.7181988174636
643.4114124536246,1774.7266114555905,1280.9193827441093
643.6875945417789,1774.3514822389657,1280.0672072028628
643.97622108139,1774.0383623085665,1279.196903333145
644.2564371413752,1773.8111690797607,1278.3213711927854
644.5032965685065,1773.7023639294011,1277.4468988303852
644.6884374767927,1773.7368812778327,1276.5859407442924
644.793401082168,1773.9195547402358,1275.7589928595007
644.8215359037996,1774.23846609078,1274.9955697585453
644.787889027312,1774.6751792849388,1274.3322045759846
644.6980994976877,1775.2127332245711,1273.803121324941
644.5475259578371,1775.842053028902,1273.4350411159555
644.3398984784369,1776.5580728947816,1273.2462053968027
644.0934835224801,1777.3503834894138,1273.2398746957451
643.8299127003058,1778.2036029831054,1273.4010330596066
643.5683885115665,1779.1016637945,1273.7054819158218
643.3276944084171,1780.0278914385904,1274.1292857695137
643.1248169408454,1780.9675900091668,1274.6439505371663
642.9715653734934,1781.9159592031397,1275.2052553340675
642.8761499739767,1782.8817653931987,1275.7570633206396
642.8495575134751,1783.8789307378568,1276.249012560449
642.9090559461625,1784.9137153748777,1276.6489537912462
643.0714011237512,1785.9823398029637,1276.9485199710505
643.3370085221139,1787.0778395348912,1277.1690043926267
643.6811687763167,1788.1910674686278,1277.35735415924
644.0644726290315,1789.3041275073815,1277.5647854531105
644.4487633690821,1790.3877204921732,1277.8213260421585
644.8045468294141,1791.4056638187237,1278.1174129814683
645.1194451477327,1792.3236697844047,1278.3940644029171
645.4081012882361,1793.121396909603,1278.5454226397617
645.7075946702057,1793.8041247505253,1278.438582333448
646.0658145488412,1794.4080618228759,1277.9539871867223
646.5298967714939,1794.9921897221614,1277.0356959182652
647.1235431373412,1795.6110382032089,1275.7215248010389
647.8301101190419,1796.2841463850182,1274.1410390007281
648.6042985811107,1796.9903102818555,1272.4918394869337
649.3955441098719,1797.6852756423639,1270.9883583550707
650.1598352525502,1798.327829032482,1269.7929863450718
650.8610668767087,1798.9060231787494,1268.9729551020419
651.4751824965219,1799.4413318539594,1268.4981845131063
652.001421244481,1799.9666414787755,1268.267930269689
652.4660921007659,1800.506166321162,1268.1545597361976
652.907483572932,1801.066454902184,1268.041810023365
653.3570803822923,1801.6295618019817,1267.8436169072852
653.838439780654,1802.1562708727567,1267.5114614940792
654.3724355130889,1802.6107404763782,1267.0366142251044
654.9675713910502,1802.9840451799723,1266.4429765524872
655.6151561425821,1803.2875042436524,1265.7684738686053
656.3028737228717,1803.532052567775,1265.0489590068023
657.0184115618648,1803.7225088084288,1264.3188213912956
657.7415035956928,1803.8646774525632,1263.6178479961256
658.4458426585487,1803.9688355737787,1262.9915207092179
659.1056586786901,1804.0490547461436,1262.491588506627
659.7012201829282,1804.1223371789793,1262.1743988609016
660.2243470904534,1804.2001273218475,1262.084838482971
660.6767569729548,1804.2827986025945,1262.2379043222506
661.0650878042184,1804.3687789795536,1262.6146527293115
661.400425572916,1804.4613356090595,1263.1697070739574
661.696810398693,1804.5636239345672,1263.8435225935355
661.9667974718137,1804.6726262402385,1264.5759498631119
662.218030479118,1804.780148031392,1265.3213065980476
662.4506759202189,1804.878642737832,1266.0609534061634
662.6557569481021,1804.9649173289988,1266.8023817744738
662.8162060619925,1805.0385368162915,1267.5636895679515
662.9163001160044,1805.09846553529,1268.3551317947533
662.9585661180749,1805.1441250676125,1269.1708292627277
662.9700337236433,1805.179667297627,1269.9930784541098
662.9866716149223,1805.2152194535636,1270.806376441635
663.030617655878,1805.2620156253886,1271.6166323448635
663.1041732971155,1805.321561191096,1272.4598348906213
663.2020852043582,1805.374727665085,1273.3885221693909
663.320960538813,1805.3817746533573,1274.4431718495762
663.4590235789192,1805.2993283670853,1275.6234586630217
663.6150610262075,1805.1071513772579,1276.8721606180409
663.7943176385193,1804.8245385313605,1278.082294056149
664.0224214133854,1804.4978817996737,1279.126876175323
664.3469550148714,1804.1697250214843,1279.8973138648785
664.8117614366299,1803.8602288523387,1280.342476953089
665.4265787203362,1803.5681630529568,1280.4971007543888
666.1585369803677,1803.2723779889968,1280.4717909207543
666.9428524817092,1802.9330467909083,1280.403878691265
667.7032131836868,1802.5088346795171,1280.4071451499194
668.3801888551036,1801.9803700760708,1280.5431088256169
668.9496218895256,1801.3555956393088,1280.8064319308905
669.419743936592,1800.6542513580048,1281.122094896808
669.8226820757311,1799.89529812668,1281.3702736810046
670.2043581869989,1799.1028570862845,1281.4320024753938
670.609826012753,1798.3115598008349,1281.2206298367937
671.0698933984206,1797.5606157310006,1280.6948950741555
671.596483671972,1796.8850786759017,1279.8665514029078
672.1895515686498,1796.3062355234413,1278.793398604607
672.8436173731602,1795.8330665019048,1277.5553065769866
673.5485401541257,1795.4770316852328,1276.2295441466804
674.2877683459217,1795.2542400287323,1274.8772358590227
675.0338642296337,1795.170201173373,1273.5438838933653
675.7508149125596,1795.2161605909794,1272.2721811313654
676.4005672413915,1795.3849146637665,1271.1149410012656
676.9447405593413,1795.6766480500814,1270.1342327655757
677.3529880575992,1796.0817997219654,1269.3867867711667
677.6164557246022,1796.5719027833798,1268.9066867269692
677.7497703893683,1797.1179937991922,1268.6954736110524
677.7822542171361,1797.7075203821507,1268.7254302599547
677.7504619834597,1798.3378904530296,1268.954590368151
677.6962247900423,1799.0048069418083,1269.337184352384
677.6622489683598,1799.7051704670234,1269.8241704337725
677.6820296716138,1800.448684665119,1270.372983383537
677.7732703274701,1801.255071965992,1270.961897184458
677.9393979848636,1802.1341987622982,1271.5877361096157
678.1747029264548,1803.0740743595113,1272.2559528591928
678.4705520540052,1804.0513486968216,1272.9727189156256
678.8194135212759,1805.0533294578552,1273.7351739906192
679.2136390003161,1806.0824923157559,1274.525072848326
679.645502311344,1807.1375677959998,1275.3092600536147
680.1110131301518,1808.2072581115858,1276.048805988774
680.6091828095663,1809.2837453802254,1276.7138030845567
681.1365861820814,1810.3659147092094,1277.2913892900601
681.6811475085483,1811.4504919186252,1277.788169667036
682.2155767067029,1812.5229630389751,1278.2312419708817
682.700323345062,1813.5546387128838,1278.6587375598751
683.1020499120152,1814.5154303484064,1279.0964951214717
683.4125605163333,1815.3899631104368,1279.5315123825706
683.6506752813217,1816.1850885517892,1279.9041201400246
683.849546105079,1816.9346556973373,1280.1304558330992
684.0454633959272,1817.6880827663847,1280.137584456839
684.2717641177161,1818.4796046289093,1279.8943860945162
684.5459398631364,1819.3104497634051,1279.4313091617012
684.8549963203931,1820.1571882538778,1278.8367304288595
685.1626184819233,1820.9888425530044,1278.2284076547878
685.4317634281075,1821.78033224619,1277.7100275695461
685.6338604817734,1822.5179974652506,1277.33069573991
685.7473137388145,1823.197784958228,1277.075179695678
685.7638782695119,1823.821855447158,1276.885213768015
685.6972686167888,1824.3957382066885,1276.682700686197
685.579256530016,1824.9253154900975,1276.3859004800358
685.4477490352934,1825.4095396237217,1275.9278006618763
685.3382575314006,1825.8347269267806,1275.2742366292273
685.2748868777035,1826.1843002080577,1274.430938419697
685.2635402829052,1826.451947199901,1273.43484927045
685.2998200371353,1826.6414517404814,1272.3408069926636
685.3791373382082,1826.7604233534364,1271.2143067479044
685.4938479458132,1826.818063886111,1270.1256986119558
685.6280013412537,1826.8269881525187,1269.1435016858907
685.7592006471368,1826.801907182256,1268.3278003685837
685.8650815499827,1826.7531363145056,1267.7227633815537
685.9318912313062,1826.6814110625803,1267.3523986232178
685.9594053115953,1826.57966320853,1267.222943943566
685.95485900991,1826.4407198402223,1267.3283995047793
685.9211595234216,1826.2593709202258,1267.6524795871048
685.8519642325493,1826.0224988607395,1268.16699238229
685.7358955544635,1825.704071562566,1268.833333442311
685.5599169522848,1825.2825975920978,1269.6131593896189
685.3104838367724,1824.7635738903482,1270.4822479255527
684.9857050867059,1824.1774899081188,1271.4270521702854
684.6109171045733,1823.5585990778077,1272.425122850797
